VARIABLES= "X", "Y", "P", "U", "V", "C"
0 0 0 0 0 0
2 18 0 0 0 0
0 18 0 0 0 0
0 0 0 0 0 0
0 0.0510204 0 0 0 0
0 0.102041 0 0 0 0
0 0.153061 0 0 0 0
0 0.204082 0 0 0 0
0 0.255102 0 0 0 0
0 0.306122 0 0 0 0
0 0.357143 0 0 0 0
0 0.408163 0 0 0 0
0 0.459184 0 0 0 0
0 0.510204 0 0 0 0
0 0.561224 0 0 0 0
0 0.612245 0 0 0 0
0 0.663265 0 0 0 0
0 0.714286 0 0 0 0
0 0.765306 0 0 0 0
0 0.816327 0 0 0 0
0 0.867347 0 0 0 0
0 0.918367 0 0 0 0
0 0.969388 0 0 0 0
0 1.02041 0 1 0 1
0 1.07143 0 1 0 1
0 1.12245 0 1 0 1
0 1.17347 0 1 0 1
0 1.22449 0 1 0 1
0 1.27551 0 1 0 1
0 1.32653 0 1 0 1
0 1.37755 0 1 0 1
0 1.42857 0 1 0 1
0 1.47959 0 0 0 0
0 1.53061 0 0 0 0
0 1.58163 0 0 0 0
0 1.63265 0 0 0 0
0 1.68367 0 0 0 0
0 1.73469 0 0 0 0
0 1.78571 0 0 0 0
0 1.83673 0 0 0 0
0 1.88776 0 0 0 0
0 1.93878 0 0 0 0
0 1.9898 0 0 0 0
0 2.04082 0 0 0 0
0 2.09184 0 0 0 0
0 2.14286 0 0 0 0
0 2.19388 0 0 0 0
0 2.2449 0 0 0 0
0 2.29592 0 0 0 0
0 2.34694 0 0 0 0
0 2.39796 0 0 0 0
0 2.44898 0 0 0 0
0 0 0 0 0 0
0 2.5 0 0 0 0
0.0510204 2.5 0 0 0 0
0.102041 2.5 0 0 0 0
0.153061 2.5 0 0 0 0
0.204082 2.5 0 0 0 0
0.255102 2.5 0 0 0 0
0.306122 2.5 0 0 0 0
0.357143 2.5 0 0 0 0
0.408163 2.5 0 0 0 0
0.459184 2.5 0 0 0 0
0.510204 2.5 0 0 0 0
0.561224 2.5 0 0 0 0
0.612245 2.5 0 0 0 0
0.663265 2.5 0 0 0 0
0.714286 2.5 0 0 0 0
0.765306 2.5 0 0 0 0
0.816327 2.5 0 0 0 0
0.867347 2.5 0 0 0 0
0.918367 2.5 0 0 0 0
0.969388 2.5 0 0 0 0
1.02041 2.5 0 0 0 0
1.07143 2.5 0 0 0 0
1.12245 2.5 0 0 0 0
1.17347 2.5 0 0 0 0
1.22449 2.5 0 0 0 0
1.27551 2.5 0 0 0 0
1.32653 2.5 0 0 0 0
1.37755 2.5 0 0 0 0
1.42857 2.5 0 0 0 0
1.47959 2.5 0 0 0 0
1.53061 2.5 0 0 0 0
1.58163 2.5 0 0 0 0
1.63265 2.5 0 0 0 0
1.68367 2.5 0 0 0 0
1.73469 2.5 0 0 0 0
1.78571 2.5 0 0 0 0
1.83673 2.5 0 0 0 0
1.88776 2.5 0 0 0 0
1.93878 2.5 0 0 0 0
1.9898 2.5 0 0 0 0
2.04082 2.5 0 0 0 0
2.09184 2.5 0 0 0 0
2.14286 2.5 0 0 0 0
2.19388 2.5 0 0 0 0
2.2449 2.5 0 0 0 0
2.29592 2.5 0 0 0 0
2.34694 2.5 0 0 0 0
2.39796 2.5 0 0 0 0
2.44898 2.5 0 0 0 0
2.5 2.5 0 0 0 0
2.5 2.44898 0 0 0 0
2.5 2.39796 0 0 0 0
2.5 2.34694 0 0 0 0
2.5 2.29592 0 0 0 0
2.5 2.2449 0 0 0 0
2.5 2.19388 0 0 0 0
2.5 2.14286 0 0 0 0
2.5 2.09184 0 0 0 0
2.5 2.04082 0 0 0 0
2.5 1.9898 0 0 0 0
2.5 1.93878 0 0 0 0
2.5 1.88776 0 0 0 0
2.5 1.83673 0 0 0 0
2.5 1.78571 0 0 0 0
2.5 1.73469 0 0 0 0
2.5 1.68367 0 0 0 0
2.5 1.63265 0 0 0 0
2.5 1.58163 0 0 0 0
2.5 1.53061 0 0 0 0
2.5 1.47959 0 0 0 0
2.5 1.42857 0 0 0 0
2.5 1.37755 0 0 0 0
2.5 1.32653 0 0 0 0
2.5 1.27551 0 0 0 0
2.5 1.22449 0 0 0 0
2.5 1.17347 0 0 0 0
2.5 1.12245 0 0 0 0
2.5 1.07143 0 0 0 0
2.5 1.02041 0 0 0 0
2.5 0.969388 0 0 0 0
2.5 0.918367 0 0 0 0
2.5 0.867347 0 0 0 0
2.5 0.816327 0 0 0 0
2.5 0.765306 0 0 0 0
2.5 0.714286 0 0 0 0
2.5 0.663265 0 0 0 0
2.5 0.612245 0 0 0 0
2.5 0.561224 0 0 0 0
2.5 0.510204 0 0 0 0
2.5 0.459184 0 0 0 0
2.5 0.408163 0 0 0 0
2.5 0.357143 0 0 0 0
2.5 0.306122 0 0 0 0
2.5 0.255102 0 0 0 0
2.5 0.204082 0 0 0 0
2.5 0.153061 0 0 0 0
2.5 0.102041 0 0 0 0
2.5 0.0510204 0 0 0 0
2.5 0 0 0 0 0
2.44898 0 0 0 0 0
2.39796 0 0 0 0 0
2.34694 0 0 0 0 0
2.29592 0 0 0 0 0
2.2449 0 0 0 0 0
2.19388 0 0 0 0 0
2.14286 0 0 0 0 0
2.09184 0 0 0 0 0
2.04082 0 0 0 0 0
1.9898 0 0 0 0 0
1.93878 0 0 0 0 0
1.88776 0 0 0 0 0
1.83673 0 0 0 0 0
1.78571 0 0 0 0 0
1.73469 0 0 0 0 0
1.68367 0 0 0 0 0
1.63265 0 0 0 0 0
1.58163 0 0 0 0 0
1.53061 0 0 0 0 0
1.47959 0 0 0 0 0
1.42857 0 0 0 0 0
1.37755 0 0 0 0 0
1.32653 0 0 0 0 0
1.27551 0 0 0 0 0
1.22449 0 0 0 0 0
1.17347 0 0 0 0 0
1.12245 0 0 0 0 0
1.07143 0 0 0 0 0
1.02041 0 0 0 0 0
0.969388 0 0 0 0 0
0.918367 0 0 0 0 0
0.867347 0 0 0 0 0
0.816327 0 0 0 0 0
0.765306 0 0 0 0 0
0.714286 0 0 0 0 0
0.663265 0 0 0 0 0
0.612245 0 0 0 0 0
0.561224 0 0 0 0 0
0.510204 0 0 0 0 0
0.459184 0 0 0 0 0
0.408163 0 0 0 0 0
0.357143 0 0 0 0 0
0.306122 0 0 0 0 0
0.255102 0 0 0 0 0
0.204082 0 0 0 0 0
0.153061 0 0 0 0 0
0.102041 0 0 0 0 0
0.0510204 0 0 0 0 0
0.555556 0.5 0 0 0 0
0.611111 0.5 0 0 0 0
0.666667 0.5 0 0 0 0
0.722222 0.5 0 0 0 0
0.777778 0.5 0 0 0 0
0.833333 0.5 0 0 0 0
0.888889 0.5 0 0 0 0
0.944444 0.5 0 0 0 0
0.5 0.5 0 0 0 0
1 0.5 0 0 0 0
1 0.555556 0 0 0 0
1 0.611111 0 0 0 0
1 0.666667 0 0 0 0
1 0.722222 0 0 0 0
1 0.777778 0 0 0 0
1 0.833333 0 0 0 0
1 0.888889 0 0 0 0
1 0.944444 0 0 0 0
1 1 0 0 0 0
0.944444 1 0 0 0 0
0.888889 1 0 0 0 0
0.833333 1 0 0 0 0
0.777778 1 0 0 0 0
0.722222 1 0 0 0 0
0.666667 1 0 0 0 0
0.611111 1 0 0 0 0
0.555556 1 0 0 0 0
0.5 1 0 0 0 0
0.5 0.944444 0 0 0 0
0.5 0.888889 0 0 0 0
0.5 0.833333 0 0 0 0
0.5 0.777778 0 0 0 0
0.5 0.722222 0 0 0 0
0.5 0.666667 0 0 0 0
0.5 0.611111 0 0 0 0
0.5 0.555556 0 0 0 0
1.55556 1.5 0 0 0 0
1.61111 1.5 0 0 0 0
1.66667 1.5 0 0 0 0
1.72222 1.5 0 0 0 0
1.77778 1.5 0 0 0 0
1.83333 1.5 0 0 0 0
1.88889 1.5 0 0 0 0
1.94444 1.5 0 0 0 0
1.5 1.5 0 0 0 0
2 1.5 0 0 0 0
2 1.55556 0 0 0 0
2 1.61111 0 0 0 0
2 1.66667 0 0 0 0
2 1.72222 0 0 0 0
2 1.77778 0 0 0 0
2 1.83333 0 0 0 0
2 1.88889 0 0 0 0
2 1.94444 0 0 0 0
2 2 0 0 0 0
1.94444 2 0 0 0 0
1.88889 2 0 0 0 0
1.83333 2 0 0 0 0
1.77778 2 0 0 0 0
1.72222 2 0 0 0 0
1.66667 2 0 0 0 0
1.61111 2 0 0 0 0
1.55556 2 0 0 0 0
1.5 2 0 0 0 0
1.5 1.55556 0 0 0 0
1.5 1.61111 0 0 0 0
1.5 1.66667 0 0 0 0
1.5 1.72222 0 0 0 0
1.5 1.77778 0 0 0 0
1.5 1.83333 0 0 0 0
1.5 1.88889 0 0 0 0
1.5 1.94444 0 0 0 0
0.5 1.55556 0 0 0 0
0.5 1.61111 0 0 0 0
0.5 1.66667 0 0 0 0
0.5 1.72222 0 0 0 0
0.5 1.77778 0 0 0 0
0.5 1.83333 0 0 0 0
0.5 1.88889 0 0 0 0
0.5 1.94444 0 0 0 0
0.5 1.5 0 0 0 0
0.5 2 0 0 0 0
0.555556 2 0 0 0 0
0.611111 2 0 0 0 0
0.666667 2 0 0 0 0
0.722222 2 0 0 0 0
0.777778 2 0 0 0 0
0.833333 2 0 0 0 0
0.888889 2 0 0 0 0
0.944444 2 0 0 0 0
1 2 0 0 0 0
1 1.94444 0 0 0 0
1 1.88889 0 0 0 0
1 1.83333 0 0 0 0
1 1.77778 0 0 0 0
1 1.72222 0 0 0 0
1 1.66667 0 0 0 0
1 1.61111 0 0 0 0
1 1.55556 0 0 0 0
1 1.5 0 0 0 0
0.944444 1.5 0 0 0 0
0.888889 1.5 0 0 0 0
0.833333 1.5 0 0 0 0
0.777778 1.5 0 0 0 0
0.722222 1.5 0 0 0 0
0.666667 1.5 0 0 0 0
0.611111 1.5 0 0 0 0
0.555556 1.5 0 0 0 0
1.5 0.555556 0 0 0 0
1.5 0.611111 0 0 0 0
1.5 0.666667 0 0 0 0
1.5 0.722222 0 0 0 0
1.5 0.777778 0 0 0 0
1.5 0.833333 0 0 0 0
1.5 0.888889 0 0 0 0
1.5 0.944444 0 0 0 0
1.5 0.5 0 0 0 0
1.5 1 0 0 0 0
1.55556 1 0 0 0 0
1.61111 1 0 0 0 0
1.66667 1 0 0 0 0
1.72222 1 0 0 0 0
1.77778 1 0 0 0 0
1.83333 1 0 0 0 0
1.88889 1 0 0 0 0
1.94444 1 0 0 0 0
2 1 0 0 0 0
2 0.944444 0 0 0 0
2 0.888889 0 0 0 0
2 0.833333 0 0 0 0
2 0.777778 0 0 0 0
2 0.722222 0 0 0 0
2 0.666667 0 0 0 0
2 0.611111 0 0 0 0
2 0.555556 0 0 0 0
2 0.5 0 0 0 0
1.94444 0.5 0 0 0 0
1.88889 0.5 0 0 0 0
1.83333 0.5 0 0 0 0
1.77778 0.5 0 0 0 0
1.72222 0.5 0 0 0 0
1.66667 0.5 0 0 0 0
1.61111 0.5 0 0 0 0
1.55556 0.5 0 0 0 0
0.5 1.05556 0 0 0 0
0.5 1.11111 0 0 0 0
0.5 1.16667 0 0 0 0
0.5 1.22222 0 0 0 0
0.5 1.27778 0 0 0 0
0.5 1.33333 0 0 0 0
0.5 1.38889 0 0 0 0
0.5 1.44444 0 0 0 0
1.05556 2 0 0 0 0
1.11111 2 0 0 0 0
1.16667 2 0 0 0 0
1.22222 2 0 0 0 0
1.27778 2 0 0 0 0
1.33333 2 0 0 0 0
1.38889 2 0 0 0 0
1.44444 2 0 0 0 0
2 1.44444 0 0 0 0
2 1.38889 0 0 0 0
2 1.33333 0 0 0 0
2 1.27778 0 0 0 0
2 1.22222 0 0 0 0
2 1.16667 0 0 0 0
2 1.11111 0 0 0 0
2 1.05556 0 0 0 0
1.44444 0.5 0 0 0 0
1.38889 0.5 0 0 0 0
1.33333 0.5 0 0 0 0
1.27778 0.5 0 0 0 0
1.22222 0.5 0 0 0 0
1.16667 0.5 0 0 0 0
1.11111 0.5 0 0 0 0
1.05556 0.5 0 0 0 0
0.0384615 0.0384615 0 0 0 0
0.0769231 0.0769231 0 0 0 0
0.115385 0.115385 0 0 0 0
0.153846 0.153846 0 0 0 0
0.192308 0.192308 0 0 0 0
0.230769 0.230769 0 0 0 0
0.269231 0.269231 0 0 0 0
0.307692 0.307692 0 0 0 0
0.346154 0.346154 0 0 0 0
0.384615 0.384615 0 0 0 0
0.423077 0.423077 0 0 0 0
0.461538 0.461538 0 0 0 0
0.0384615 2.46154 0 0 0 0
0.0769231 2.42308 0 0 0 0
0.115385 2.38462 0 0 0 0
0.153846 2.34615 0 0 0 0
0.192308 2.30769 0 0 0 0
0.230769 2.26923 0 0 0 0
0.269231 2.23077 0 0 0 0
0.307692 2.19231 0 0 0 0
0.346154 2.15385 0 0 0 0
0.384615 2.11538 0 0 0 0
0.423077 2.07692 0 0 0 0
0.461538 2.03846 0 0 0 0
0.0451253 0.147214 0 0 0 0
0.0300057 0.185558 0 0 0 0
0.0395748 0.494977 0 0 0 0
0.0459403 0.447078 0 0 0 0
0.0269513 2.37048 0 0 0 0
0.0352947 2.3279 0 0 0 0
0.0354306 2.23298 0 0 0 0
0.0542203 2.20175 0 0 0 0
0.0298692 0.582764 0 0 0 0
0.0913128 2.03865 0 0 0 0
0.0520876 2.01317 0 0 0 0
0.0547689 2.07041 0 0 0 0
0.0364664 1.96992 0 0 0 0
0.0466223 0.741662 0 0 0 0
0.0338397 0.785553 0 0 0 0
0.404123 0.716669 0 0 0 0
0.366833 0.725241 0 0 0 0
0.376854 0.752277 0 0 0 0
0.0366497 0.940259 0 0 0 0
0.0433302 0.900847 0 0 0 0
0.0647738 1.22084 0 0 0 0
0.0382393 1.18768 0 0 0 0
0.047865 1.26415 0 0 0 0
0.453677 1.18942 0 0 0 0
0.0852328 1.29992 0 0 0 0
0.101091 1.25515 0 0 0 0
0.471908 1.30445 0 0 0 0
0.461711 1.34417 0 0 0 0
0.0838345 1.49955 0 0 0 0
0.0897704 1.54374 0 0 0 0
0.121488 1.51422 0 0 0 0
0.442575 1.38609 0 0 0 0
0.463789 1.42565 0 0 0 0
0.0845474 1.703 0 0 0 0
0.0404347 1.69307 0 0 0 0
0.0519096 1.7282 0 0 0 0
0.0501147 1.76992 0 0 0 0
0.0444938 1.85807 0 0 0 0
0.084566 1.97363 0 0 0 0
0.0543316 1.93513 0 0 0 0
0.0396164 1.49072 0 0 0 0
0.0316514 1.45055 0 0 0 0
0.0364454 2.11243 0 0 0 0
0.252257 1.39009 0 0 0 0
0.297616 1.40943 0 0 0 0
0.312142 1.37413 0 0 0 0
0.0838864 0.484318 0 0 0 0
0.0993876 0.431045 0 0 0 0
0.0461213 2.14215 0 0 0 0
0.0351309 2.16865 0 0 0 0
0.0731058 2.16651 0 0 0 0
0.179777 0.380589 0 0 0 0
0.181136 0.342955 0 0 0 0
0.145448 0.351143 0 0 0 0
0.132916 1.15709 0 0 0 0
0.0949689 1.11165 0 0 0 0
0.0839651 1.17326 0 0 0 0
0.423235 1.34635 0 0 0 0
0.19887 1.59696 0 0 0 0
0.241578 1.59217 0 0 0 0
0.231741 1.55156 0 0 0 0
0.041048 1.61493 0 0 0 0
0.0300295 1.65497 0 0 0 0
0.0341745 1.90297 0 0 0 0
0.447361 1.23143 0 0 0 0
0.0455709 1.56723 0 0 0 0
0.051161 1.52789 0 0 0 0
0.0554352 0.407487 0 0 0 0
0.0407148 0.37702 0 0 0 0
0.205375 0.520973 0 0 0 0
0.18904 0.499235 0 0 0 0
0.178602 0.531371 0 0 0 0
0.231235 0.551559 0 0 0 0
0.170258 0.579507 0 0 0 0
0.0386321 2.27648 0 0 0 0
0.262077 2.01162 0 0 0 0
0.260866 1.98043 0 0 0 0
0.226412 1.98625 0 0 0 0
0.103727 1.41016 0 0 0 0
0.0721513 1.45299 0 0 0 0
0.130613 1.46284 0 0 0 0
0.0682478 1.34321 0 0 0 0
0.0308815 1.35125 0 0 0 0
0.0479245 1.39891 0 0 0 0
0.318416 1.75565 0 0 0 0
0.272863 1.73725 0 0 0 0
0.281394 1.7727 0 0 0 0
0.091638 0.932366 0 0 0 0
0.0563259 0.975415 0 0 0 0
0.0998181 0.983505 0 0 0 0
0.235851 1.91041 0 0 0 0
0.181777 1.89259 0 0 0 0
0.20333 1.94395 0 0 0 0
0.404451 1.65138 0 0 0 0
0.369535 1.61932 0 0 0 0
0.367531 1.66004 0 0 0 0
0.144912 1.61858 0 0 0 0
0.0977446 1.5981 0 0 0 0
0.110082 1.6367 0 0 0 0
0.0760051 1.81474 0 0 0 0
0.103239 1.77386 0 0 0 0
0.376401 1.89003 0 0 0 0
0.323956 1.87418 0 0 0 0
0.336128 1.92424 0 0 0 0
0.225381 0.654649 0 0 0 0
0.295657 0.65196 0 0 0 0
0.251552 0.607669 0 0 0 0
0.320608 1.02943 0 0 0 0
0.326949 1.08242 0 0 0 0
0.362567 1.07061 0 0 0 0
0.0711573 0.527031 0 0 0 0
0.0731511 0.577761 0 0 0 0
0.123143 0.536208 0 0 0 0
0.174843 1.09892 0 0 0 0
0.170205 1.05989 0 0 0 0
0.138108 1.07808 0 0 0 0
0.103548 1.06033 0 0 0 0
0.0740128 1.65284 0 0 0 0
0.126938 1.67109 0 0 0 0
0.135754 1.58905 0 0 0 0
0.137022 1.55458 0 0 0 0
0.148363 1.2831 0 0 0 0
0.114138 1.33381 0 0 0 0
0.154285 1.33394 0 0 0 0
0.217332 0.70483 0 0 0 0
0.181642 0.68936 0 0 0 0
0.222621 0.501728 0 0 0 0
0.103682 1.93356 0 0 0 0
0.0364647 0.542044 0 0 0 0
0.0782878 2.2491 0 0 0 0
0.0999355 2.20247 0 0 0 0
0.0842597 2.12142 0 0 0 0
0.0671516 0.197197 0 0 0 0
0.0366149 0.223664 0 0 0 0
0.0751624 0.242423 0 0 0 0
0.0292931 0.300989 0 0 0 0
0.0584554 0.33702 0 0 0 0
0.309575 2.13254 0 0 0 0
0.335917 2.09556 0 0 0 0
0.303782 2.08225 0 0 0 0
0.172133 1.18693 0 0 0 0
0.122577 1.21054 0 0 0 0
0.165092 1.23312 0 0 0 0
0.416417 1.16593 0 0 0 0
0.453467 1.13836 0 0 0 0
0.461101 1.26647 0 0 0 0
0.448032 1.0481 0 0 0 0
0.451806 1.08829 0 0 0 0
0.436026 1.30747 0 0 0 0
0.416967 1.26472 0 0 0 0
0.0594254 0.858714 0 0 0 0
0.0431033 0.822242 0 0 0 0
0.0434312 1.14399 0 0 0 0
0.0382353 1.31006 0 0 0 0
0.259461 0.504719 0 0 0 0
0.282723 0.534205 0 0 0 0
0.455492 1.47415 0 0 0 0
0.411338 1.43296 0 0 0 0
0.126485 0.701514 0 0 0 0
0.16462 0.641328 0 0 0 0
0.28742 1.33929 0 0 0 0
0.238996 1.31944 0 0 0 0
0.0983567 1.85679 0 0 0 0
0.126587 1.81705 0 0 0 0
0.0332394 1.81276 0 0 0 0
0.183271 1.65585 0 0 0 0
0.153974 1.40679 0 0 0 0
0.345916 1.41884 0 0 0 0
0.297169 1.44336 0 0 0 0
0.209262 0.605335 0 0 0 0
0.0844511 1.74028 0 0 0 0
0.0911332 0.37413 0 0 0 0
0.110344 0.319253 0 0 0 0
0.284411 0.441536 0 0 0 0
0.268876 0.386869 0 0 0 0
0.226107 0.416954 0 0 0 0
0.135504 0.393717 0 0 0 0
0.260596 1.52071 0 0 0 0
0.293597 1.51887 0 0 0 0
0.276588 1.48435 0 0 0 0
0.255479 0.968473 0 0 0 0
0.238748 1.01936 0 0 0 0
0.279386 1.00447 0 0 0 0
0.132487 0.477587 0 0 0 0
0.161979 1.69519 0 0 0 0
0.221707 1.21697 0 0 0 0
0.241132 1.15928 0 0 0 0
0.207382 1.15887 0 0 0 0
0.134281 1.24548 0 0 0 0
0.0766662 1.02228 0 0 0 0
0.0340615 1.00681 0 0 0 0
0.0373152 1.04657 0 0 0 0
0.301518 0.495684 0 0 0 0
0.119706 0.753751 0 0 0 0
0.174395 0.74448 0 0 0 0
0.261308 1.11464 0 0 0 0
0.286747 1.1802 0 0 0 0
0.140235 0.919736 0 0 0 0
0.180787 0.924772 0 0 0 0
0.167095 0.885443 0 0 0 0
0.187779 1.82978 0 0 0 0
0.222836 1.87028 0 0 0 0
0.244467 1.83637 0 0 0 0
0.40506 1.21433 0 0 0 0
0.267261 1.87495 0 0 0 0
0.35252 1.36276 0 0 0 0
0.0836157 0.886362 0 0 0 0
0.301325 1.70203 0 0 0 0
0.32346 1.64615 0 0 0 0
0.382578 0.811268 0 0 0 0
0.34853 0.779551 0 0 0 0
0.334658 0.820036 0 0 0 0
0.043492 0.262199 0 0 0 0
0.0923542 1.37118 0 0 0 0
0.0397304 0.620547 0 0 0 0
0.079473 0.782231 0 0 0 0
0.1274 0.801738 0 0 0 0
0.0832313 0.823355 0 0 0 0
0.204795 2.03959 0 0 0 0
0.261291 2.06115 0 0 0 0
0.215189 0.736082 0 0 0 0
0.221875 0.765874 0 0 0 0
0.0974991 2.00897 0 0 0 0
0.394639 1.37758 0 0 0 0
0.29586 1.28156 0 0 0 0
0.248004 1.26635 0 0 0 0
0.128587 1.72718 0 0 0 0
0.176411 1.43605 0 0 0 0
0.18298 1.46799 0 0 0 0
0.187622 1.02298 0 0 0 0
0.200387 0.971765 0 0 0 0
0.166114 0.994073 0 0 0 0
0.0422757 0.695984 0 0 0 0
0.357336 1.70501 0 0 0 0
0.144396 1.11796 0 0 0 0
0.041022 1.09423 0 0 0 0
0.348634 0.982304 0 0 0 0
0.305503 0.969394 0 0 0 0
0.39289 0.977364 0 0 0 0
0.375693 1.02226 0 0 0 0
0.0833771 0.675991 0 0 0 0
0.115643 0.651364 0 0 0 0
0.104522 0.850761 0 0 0 0
0.245549 0.4677 0 0 0 0
0.201828 0.465401 0 0 0 0
0.383879 1.31642 0 0 0 0
0.183327 0.8023 0 0 0 0
0.422329 1.0158 0 0 0 0
0.408635 1.05983 0 0 0 0
0.0496 0.659448 0 0 0 0
0.162954 0.434442 0 0 0 0
0.0762697 1.89698 0 0 0 0
0.464547 1.01834 0 0 0 0
0.333592 1.20107 0 0 0 0
0.371705 1.17126 0 0 0 0
0.331942 1.15875 0 0 0 0
0.135129 1.02138 0 0 0 0
0.177278 2.09642 0 0 0 0
0.160374 2.05972 0 0 0 0
0.339585 1.59446 0 0 0 0
0.121399 0.603114 0 0 0 0
0.0464591 0.104309 0 0 0 0
0.343778 0.461063 0 0 0 0
0.324579 0.391257 0 0 0 0
0.449419 1.55261 0 0 0 0
0.46952 1.52014 0 0 0 0
0.438289 1.51546 0 0 0 0
0.437327 1.67902 0 0 0 0
0.456626 1.63947 0 0 0 0
0.441744 1.84126 0 0 0 0
0.413732 1.80839 0 0 0 0
0.39435 1.84633 0 0 0 0
0.353884 0.693571 0 0 0 0
0.401224 0.674215 0 0 0 0
0.110691 0.216396 0 0 0 0
0.156779 0.235746 0 0 0 0
0.143908 0.192481 0 0 0 0
0.0327564 0.0742135 0 0 0 0
0.117262 0.266842 0 0 0 0
0.314196 0.347356 0 0 0 0
0.283104 0.347557 0 0 0 0
0.261551 0.310009 0 0 0 0
0.223528 0.344495 0 0 0 0
0.420513 1.92113 0 0 0 0
0.374615 1.93359 0 0 0 0
0.196258 0.248068 0 0 0 0
0.225781 0.281924 0 0 0 0
0.429053 0.463361 0 0 0 0
0.396803 0.463194 0 0 0 0
0.342171 0.511933 0 0 0 0
0.103886 0.163685 0 0 0 0
0.188849 1.36324 0 0 0 0
0.374281 0.423953 0 0 0 0
0.0774908 0.121153 0 0 0 0
0.1441 0.963731 0 0 0 0
0.175919 2.16446 0 0 0 0
0.136402 2.12351 0 0 0 0
0.118967 2.16261 0 0 0 0
0.169567 0.298803 0 0 0 0
0.0815784 0.632518 0 0 0 0
0.302197 1.97189 0 0 0 0
0.436261 1.77156 0 0 0 0
0.401847 1.73756 0 0 0 0
0.392788 1.77659 0 0 0 0
0.078715 0.711225 0 0 0 0
0.0907751 0.738791 0 0 0 0
0.27762 1.03717 0 0 0 0
0.258037 1.06426 0 0 0 0
0.070477 1.06705 0 0 0 0
0.252299 1.65848 0 0 0 0
0.224533 1.67702 0 0 0 0
0.259946 1.69354 0 0 0 0
0.125366 1.89608 0 0 0 0
0.153337 1.9364 0 0 0 0
0.319043 0.537185 0 0 0 0
0.0737331 0.287816 0 0 0 0
0.169181 1.98473 0 0 0 0
0.362234 0.943632 0 0 0 0
0.344209 1.28728 0 0 0 0
0.336779 1.24613 0 0 0 0
0.273119 0.477436 0 0 0 0
0.250555 0.725419 0 0 0 0
0.22602 1.12624 0 0 0 0
0.234133 0.919864 0 0 0 0
0.326817 1.48354 0 0 0 0
0.204626 1.77234 0 0 0 0
0.230551 1.80266 0 0 0 0
0.195254 1.69695 0 0 0 0
0.226504 1.72527 0 0 0 0
0.143416 1.85831 0 0 0 0
0.150891 0.846842 0 0 0 0
0.202257 0.846572 0 0 0 0
0.167776 0.475467 0 0 0 0
0.326417 1.5463 0 0 0 0
0.307616 1.59336 0 0 0 0
0.187824 1.5476 0 0 0 0
0.164852 1.50703 0 0 0 0
0.161724 1.58228 0 0 0 0
0.296839 0.578833 0 0 0 0
0.333094 0.60667 0 0 0 0
0.4007 1.1168 0 0 0 0
0.351181 1.11944 0 0 0 0
0.276772 1.5615 0 0 0 0
0.196514 1.40673 0 0 0 0
0.187562 1.31651 0 0 0 0
0.205648 1.27616 0 0 0 0
0.281417 1.66448 0 0 0 0
0.286774 1.91807 0 0 0 0
0.351437 1.8121 0 0 0 0
0.361684 1.85631 0 0 0 0
0.185704 1.25266 0 0 0 0
0.271523 1.2348 0 0 0 0
0.364565 0.562583 0 0 0 0
0.399364 0.530994 0 0 0 0
0.37935 0.505383 0 0 0 0
0.431076 0.502485 0 0 0 0
0.272216 1.62097 0 0 0 0
0.370897 1.56716 0 0 0 0
0.252775 1.95198 0 0 0 0
0.374759 1.25836 0 0 0 0
0.328678 1.32684 0 0 0 0
0.365094 1.21863 0 0 0 0
0.223535 1.4945 0 0 0 0
0.215324 1.07808 0 0 0 0
0.200586 1.12049 0 0 0 0
0.122569 0.887554 0 0 0 0
0.292621 1.07327 0 0 0 0
0.309272 1.12114 0 0 0 0
0.252705 0.686224 0 0 0 0
0.274599 0.694261 0 0 0 0
0.155684 1.77451 0 0 0 0
0.179598 1.73154 0 0 0 0
0.369324 1.51528 0 0 0 0
0.282538 0.779753 0 0 0 0
0.337522 0.740571 0 0 0 0
0.298152 0.713659 0 0 0 0
0.226546 0.80457 0 0 0 0
0.402919 0.928775 0 0 0 0
0.365944 0.903143 0 0 0 0
0.278845 0.932983 0 0 0 0
0.32135 0.91619 0 0 0 0
0.276649 1.42235 0 0 0 0
0.257814 1.44515 0 0 0 0
0.134337 1.37022 0 0 0 0
0.228639 1.63391 0 0 0 0
0.292529 1.833 0 0 0 0
0.305298 1.22893 0 0 0 0
0.302019 1.79525 0 0 0 0
0.266321 1.80277 0 0 0 0
0.243372 0.870157 0 0 0 0
0.248716 0.828402 0 0 0 0
0.205529 0.889361 0 0 0 0
0.340683 0.867308 0 0 0 0
0.36443 0.840542 0 0 0 0
0.290941 0.848388 0 0 0 0
0.279412 0.894698 0 0 0 0
0.24764 1.77024 0 0 0 0
0.215938 1.43988 0 0 0 0
0.371034 2.08535 0 0 0 0
0.384573 2.05213 0 0 0 0
0.346595 2.06015 0 0 0 0
0.0636778 2.36643 0 0 0 0
0.349459 2.11654 0 0 0 0
0.107369 2.34014 0 0 0 0
0.0736882 2.30751 0 0 0 0
0.0343356 2.41141 0 0 0 0
0.193443 2.25645 0 0 0 0
0.224729 2.20905 0 0 0 0
0.0908386 2.37857 0 0 0 0
0.373388 1.46772 0 0 0 0
0.229173 2.15791 0 0 0 0
0.265715 2.16865 0 0 0 0
0.139587 2.19907 0 0 0 0
0.127767 2.23809 0 0 0 0
0.169823 2.22311 0 0 0 0
0.120312 2.07688 0 0 0 0
0.214491 2.12483 0 0 0 0
0.258801 2.11666 0 0 0 0
0.225095 2.08827 0 0 0 0
0.144304 2.30919 0 0 0 0
0.157171 2.27046 0 0 0 0
0.115598 2.28533 0 0 0 0
0.267044 2.20064 0 0 0 0
0.344324 1.99077 0 0 0 0
0.313197 2.02851 0 0 0 0
0.173526 1.14055 0 0 0 0
0.157772 0.50404 0 0 0 0
0.307832 0.880605 0 0 0 0
0.364164 1.75846 0 0 0 0
0.137787 2.02807 0 0 0 0
0.4484 0.970789 0 0 0 0
0.451632 0.909215 0 0 0 0
0.42411 0.774125 0 0 0 0
0.462015 0.7236 0 0 0 0
0.460673 0.581753 0 0 0 0
0.461748 0.813031 0 0 0 0
0.426377 0.823666 0 0 0 0
0.40022 0.866144 0 0 0 0
0.458253 0.85625 0 0 0 0
0.431749 0.646115 0 0 0 0
0.440776 0.684855 0 0 0 0
0.417966 0.599412 0 0 0 0
0.461602 0.621077 0 0 0 0
0.371269 0.633323 0 0 0 0
0.383018 0.779305 0 0 0 0
0.462508 0.540512 0 0 0 0
0.422464 0.553523 0 0 0 0
0.408674 1.53919 0 0 0 0
0.366191 2.02089 0 0 0 0
0.413288 2.02237 0 0 0 0
0.389223 1.97425 0 0 0 0
0.128352 1.96415 0 0 0 0
0.124104 1.99162 0 0 0 0
0.458441 1.80487 0 0 0 0
0.465345 1.59109 0 0 0 0
0.417318 1.59423 0 0 0 0
0.467628 1.92171 0 0 0 0
0.468942 1.68631 0 0 0 0
0.451229 1.97424 0 0 0 0
0.458663 1.88026 0 0 0 0
0.419715 1.87563 0 0 0 0
0.450756 1.72419 0 0 0 0
0.408338 1.49121 0 0 0 0
0.405613 1.69538 0 0 0 0
0.350811 1.95831 0 0 0 0
0.382874 1.67832 0 0 0 0
0.334223 0.951906 0 0 0 0
0.637405 1.29789 0 0 0 0
0.587199 1.29762 0 0 0 0
0.607712 1.33345 0 0 0 0
1.0451 0.542474 0 0 0 0
1.95717 1.45609 0 0 0 0
0.542482 1.04498 0 0 0 0
1.9469 1.0441 0 0 0 0
1.04387 1.9572 0 0 0 0
1.45534 0.546377 0 0 0 0
1.45594 1.94712 0 0 0 0
0.546533 1.455 0 0 0 0
1.04424 0.592084 0 0 0 0
1.04528 0.644167 0 0 0 0
1.91699 1.41699 0 0 0 0
1.96418 1.41679 0 0 0 0
1.94674 1.37756 0 0 0 0
1.96025 1.29837 0 0 0 0
1.96654 1.34603 0 0 0 0
0.573283 1.08578 0 0 0 0
0.533954 1.08436 0 0 0 0
0.550147 1.12259 0 0 0 0
0.540398 1.20347 0 0 0 0
0.532963 1.15437 0 0 0 0
1.97225 1.2525 0 0 0 0
0.527389 1.25231 0 0 0 0
1.89374 1.02917 0 0 0 0
1.8445 1.05346 0 0 0 0
1.92948 1.33387 0 0 0 0
1.90224 1.36839 0 0 0 0
1.91372 1.46104 0 0 0 0
1.86671 1.43662 0 0 0 0
0.571771 1.16637 0 0 0 0
0.596983 1.13013 0 0 0 0
0.64431 1.04446 0 0 0 0
0.592098 1.04417 0 0 0 0
0.690762 1.31817 0 0 0 0
0.646954 1.3516 0 0 0 0
0.529579 1.354 0 0 0 0
0.546584 1.39696 0 0 0 0
0.568316 1.34349 0 0 0 0
0.769773 1.4465 0 0 0 0
0.739534 1.4139 0 0 0 0
0.730733 1.45651 0 0 0 0
1.04249 0.695584 0 0 0 0
1.08279 0.720726 0 0 0 0
1.08735 0.672241 0 0 0 0
1.16242 0.742551 0 0 0 0
1.1613 0.79104 0 0 0 0
1.20664 0.780225 0 0 0 0
1.1661 0.569802 0 0 0 0
1.20346 0.5404 0 0 0 0
1.15437 0.532963 0 0 0 0
1.03952 0.747478 0 0 0 0
1.17481 0.619064 0 0 0 0
1.21313 0.589061 0 0 0 0
1.0479 0.909924 0 0 0 0
1.03781 0.959531 0 0 0 0
1.4569 0.684069 0 0 0 0
1.45568 0.732986 0 0 0 0
1.20342 1.95974 0 0 0 0
1.15433 1.96644 0 0 0 0
1.08301 1.91699 0 0 0 0
1.0832 1.96418 0 0 0 0
1.12244 1.94674 0 0 0 0
1.80074 1.03415 0 0 0 0
1.7937 1.07949 0 0 0 0
1.78407 1.2049 0 0 0 0
1.77483 1.16071 0 0 0 0
1.74091 1.19108 0 0 0 0
1.96515 1.14973 0 0 0 0
1.25084 1.97142 0 0 0 0
1.16648 1.92938 0 0 0 0
1.13141 1.90216 0 0 0 0
1.03875 1.91391 0 0 0 0
1.06233 1.86766 0 0 0 0
1.75441 1.03778 0 0 0 0
1.88934 1.127 0 0 0 0
1.94739 1.10334 0 0 0 0
1.8958 1.07654 0 0 0 0
1.8694 1.17868 0 0 0 0
1.82666 1.21643 0 0 0 0
1.87 1.23083 0 0 0 0
1.82559 1.46926 0 0 0 0
1.77267 1.45677 0 0 0 0
1.67986 1.45004 0 0 0 0
1.73062 1.44287 0 0 0 0
1.58989 1.04783 0 0 0 0
1.53764 1.03799 0 0 0 0
1.52931 1.41238 0 0 0 0
1.50156 1.37633 0 0 0 0
1.48404 1.41681 0 0 0 0
1.52566 1.16095 0 0 0 0
1.53413 1.21937 0 0 0 0
1.57161 1.19007 0 0 0 0
1.76311 1.40976 0 0 0 0
1.71127 1.39941 0 0 0 0
1.54908 1.07845 0 0 0 0
1.63686 1.47077 0 0 0 0
1.3125 1.125 0 0 0 0
1.35339 1.1641 0 0 0 0
1.37465 1.1166 0 0 0 0
1.3194 1.87066 0 0 0 0
1.28333 1.82646 0 0 0 0
1.26644 1.86906 0 0 0 0
1.03048 1.82581 0 0 0 0
1.39884 0.547905 0 0 0 0
1.35435 0.529466 0 0 0 0
1.34344 0.567979 0 0 0 0
1.47081 1.89373 0 0 0 0
1.44652 1.84501 0 0 0 0
1.33238 0.607354 0 0 0 0
1.37642 0.60082 0 0 0 0
1.30221 0.538265 0 0 0 0
1.29754 0.585995 0 0 0 0
1.25595 0.607792 0 0 0 0
1.25807 0.645101 0 0 0 0
1.29647 0.634716 0 0 0 0
1.46795 0.586724 0 0 0 0
1.45883 0.630124 0 0 0 0
1.45252 0.820357 0 0 0 0
1.44633 0.771765 0 0 0 0
1.4147 0.971233 0 0 0 0
1.3765 0.998558 0 0 0 0
1.41868 1.01688 0 0 0 0
1.16105 0.974077 0 0 0 0
1.2225 0.966775 0 0 0 0
1.19285 0.927672 0 0 0 0
1.41245 0.743249 0 0 0 0
1.40965 0.790555 0 0 0 0
1.06463 1.00242 0 0 0 0
1.02941 1.02838 0 0 0 0
1.47107 0.863084 0 0 0 0
1.17844 1.12762 0 0 0 0
1.12817 1.12667 0 0 0 0
1.16677 1.16519 0 0 0 0
1.27195 1.08703 0 0 0 0
1.31908 1.06115 0 0 0 0
1.4656 1.80295 0 0 0 0
1.42035 1.79389 0 0 0 0
1.29629 1.78416 0 0 0 0
1.33952 1.77522 0 0 0 0
1.30954 1.74102 0 0 0 0
1.3519 1.96724 0 0 0 0
1.37251 1.89019 0 0 0 0
1.39694 1.9481 0 0 0 0
1.42343 1.89643 0 0 0 0
1.45907 1.64716 0 0 0 0
1.04979 1.67981 0 0 0 0
1.05722 1.73076 0 0 0 0
1.45166 1.58968 0 0 0 0
1.46191 1.53931 0 0 0 0
1.08574 1.52834 0 0 0 0
1.12298 1.50079 0 0 0 0
1.08195 1.47806 0 0 0 0
1.338 1.52492 0 0 0 0
1.27796 1.53386 0 0 0 0
1.30763 1.57201 0 0 0 0
1.09069 1.76381 0 0 0 0
1.10059 1.71127 0 0 0 0
1.42017 1.54859 0 0 0 0
1.03059 1.63577 0 0 0 0
1.375 1.3125 0 0 0 0
1.33456 1.35205 0 0 0 0
1.38291 1.37551 0 0 0 0
1.18724 1.37496 0 0 0 0
1.17857 1.43925 0 0 0 0
1.21947 1.41776 0 0 0 0
0.905702 1.46323 0 0 0 0
0.91553 1.41703 0 0 0 0
0.86673 1.43237 0 0 0 0
0.911208 1.04899 0 0 0 0
0.950204 1.07417 0 0 0 0
0.961443 1.03737 0 0 0 0
0.9539 1.4532 0 0 0 0
0.995807 1.44633 0 0 0 0
0.818547 1.12299 0 0 0 0
0.824597 1.17418 0 0 0 0
0.868987 1.1427 0 0 0 0
0.850815 1.29442 0 0 0 0
0.883808 1.33241 0 0 0 0
0.905832 1.29232 0 0 0 0
0.956214 1.27232 0 0 0 0
0.945602 1.3179 0 0 0 0
0.746692 1.03811 0 0 0 0
0.696002 1.04153 0 0 0 0
0.722126 1.07917 0 0 0 0
0.683034 1.45822 0 0 0 0
0.630879 1.46052 0 0 0 0
1.09681 1.16963 0 0 0 0
1.06406 1.13377 0 0 0 0
1.43903 1.31901 0 0 0 0
1.4144 1.27163 0 0 0 0
1.1813 1.55267 0 0 0 0
1.13182 1.55534 0 0 0 0
1.16039 1.59234 0 0 0 0
1.36311 1.67305 0 0 0 0
1.34726 1.63173 0 0 0 0
1.31842 1.66378 0 0 0 0
1.31895 0.949025 0 0 0 0
1.36975 0.944317 0 0 0 0
1.33943 0.908481 0 0 0 0
1.13442 0.824058 0 0 0 0
1.15218 0.8669 0 0 0 0
1.18015 0.828581 0 0 0 0
1.55264 1.3186 0 0 0 0
1.55636 1.36727 0 0 0 0
1.59218 1.33905 0 0 0 0
1.67311 1.13594 0 0 0 0
1.63143 1.15255 0 0 0 0
1.664 1.1818 0 0 0 0
1.05539 1.37758 0 0 0 0
1.05981 1.32149 0 0 0 0
1.02232 1.34579 0 0 0 0
1.04323 1.77284 0 0 0 0
1.38011 1.76096 0 0 0 0
1.4201 1.7276 0 0 0 0
1.37506 1.71525 0 0 0 0
1.04062 0.852747 0 0 0 0
0.679014 1.18151 0 0 0 0
0.620066 1.17434 0 0 0 0
0.638178 1.21988 0 0 0 0
1.64716 1.04077 0 0 0 0
1.4334 0.870494 0 0 0 0
1.20775 0.876433 0 0 0 0
1.06851 1.62773 0 0 0 0
1.29336 1.62189 0 0 0 0
1.21117 1.15158 0 0 0 0
0.918354 1.24223 0 0 0 0
0.966316 1.22286 0 0 0 0
0.93048 1.19428 0 0 0 0
1.62904 1.43262 0 0 0 0
1.61803 1.19908 0 0 0 0
1.35255 1.21338 0 0 0 0
1.38549 1.18958 0 0 0 0
1.43563 1.05655 0 0 0 0
1.37819 1.05649 0 0 0 0
1.41512 1.09026 0 0 0 0
1.01154 1.11945 0 0 0 0
0.975111 1.16558 0 0 0 0
1.02498 1.16302 0 0 0 0
1.16038 1.33335 0 0 0 0
1.16957 1.29361 0 0 0 0
1.11877 1.31373 0 0 0 0
1.12307 1.44649 0 0 0 0
1.07046 1.42987 0 0 0 0
1.44341 1.4355 0 0 0 0
1.44344 1.37779 0 0 0 0
1.40965 1.41455 0 0 0 0
1.25174 1.37802 0 0 0 0
1.30306 1.38385 0 0 0 0
1.29181 1.34558 0 0 0 0
1.24863 1.65061 0 0 0 0
1.28526 1.65811 0 0 0 0
1.37619 1.55912 0 0 0 0
1.3899 1.52281 0 0 0 0
1.65199 1.22088 0 0 0 0
1.62269 1.2408 0 0 0 0
1.5595 1.12103 0 0 0 0
1.52313 1.10827 0 0 0 0
0.799521 1.03776 0 0 0 0
0.852315 1.04135 0 0 0 0
1.00551 1.25532 0 0 0 0
1.25673 0.855187 0 0 0 0
1.26307 0.801761 0 0 0 0
1.22263 0.827202 0 0 0 0
1.12103 0.940504 0 0 0 0
1.10829 0.975603 0 0 0 0
1.31051 0.684356 0 0 0 0
1.31597 0.726369 0 0 0 0
1.36626 0.708043 0 0 0 0
1.18411 0.676512 0 0 0 0
1.1274 0.700054 0 0 0 0
1.08479 0.533982 0 0 0 0
0.741366 1.15949 0 0 0 0
0.750393 1.11023 0 0 0 0
0.701435 1.1257 0 0 0 0
1.8003 1.36543 0 0 0 0
1.74922 1.37293 0 0 0 0
1.9113 1.24437 0 0 0 0
1.87441 1.27734 0 0 0 0
1.91849 1.28924 0 0 0 0
1.21183 1.91559 0 0 0 0
1.2482 1.90164 0 0 0 0
1.22153 1.87241 0 0 0 0
1.13347 1.80095 0 0 0 0
1.1258 1.74956 0 0 0 0
0.648443 1.25655 0 0 0 0
0.610765 1.25627 0 0 0 0
1.13049 0.902476 0 0 0 0
1.09308 0.912008 0 0 0 0
1.08511 1.08585 0 0 0 0
1.04303 1.09011 0 0 0 0
1.0914 1.04429 0 0 0 0
1.13481 1.06497 0 0 0 0
1.00136 1.06366 0 0 0 0
1.36859 1.59706 0 0 0 0
1.40427 1.5862 0 0 0 0
1.59707 1.13095 0 0 0 0
1.58613 1.0943 0 0 0 0
1.68649 1.10059 0 0 0 0
1.72756 1.07988 0 0 0 0
1.67939 1.0699 0 0 0 0
1.73944 1.15201 0 0 0 0
1.76077 1.11978 0 0 0 0
1.10017 0.812702 0 0 0 0
1.07955 0.775058 0 0 0 0
1.06949 0.8209 0 0 0 0
1.11462 0.743466 0 0 0 0
1.39965 1.68655 0 0 0 0
1.42995 1.67944 0 0 0 0
1.34913 1.73942 0 0 0 0
0.727136 1.21541 0 0 0 0
0.778988 1.19681 0 0 0 0
0.770243 1.07378 0 0 0 0
1.10148 1.21664 0 0 0 0
1.08669 1.27189 0 0 0 0
1.13596 1.25855 0 0 0 0
1.19212 1.24557 0 0 0 0
1.20037 1.19723 0 0 0 0
1.15388 1.20983 0 0 0 0
1.28143 1.15911 0 0 0 0
1.25069 1.18209 0 0 0 0
1.30559 1.18885 0 0 0 0
1.21787 1.10083 0 0 0 0
1.18761 1.05931 0 0 0 0
1.1698 1.09608 0 0 0 0
1.31255 1.42972 0 0 0 0
1.28232 1.40699 0 0 0 0
1.25209 1.31577 0 0 0 0
1.20071 1.32559 0 0 0 0
1.22264 1.34827 0 0 0 0
1.4574 0.955748 0 0 0 0
1.44863 0.993263 0 0 0 0
1.30367 1.00462 0 0 0 0
1.34131 0.983223 0 0 0 0
1.31017 1.2513 0 0 0 0
1.31195 1.30532 0 0 0 0
1.34086 1.28206 0 0 0 0
1.39767 1.2271 0 0 0 0
1.43004 1.18735 0 0 0 0
1.04296 1.54396 0 0 0 0
1.04898 1.50278 0 0 0 0
1.19728 1.49726 0 0 0 0
1.15875 1.5166 0 0 0 0
1.54423 1.45738 0 0 0 0
1.5067 1.44857 0 0 0 0
1.4962 1.30292 0 0 0 0
1.51733 1.34102 0 0 0 0
0.866112 1.38079 0 0 0 0
0.923945 1.36174 0 0 0 0
0.970516 1.40134 0 0 0 0
1.02438 1.41527 0 0 0 0
1.01075 1.37734 0 0 0 0
0.819751 1.45377 0 0 0 0
0.698905 1.37527 0 0 0 0
1.2104 1.60415 0 0 0 0
1.19438 1.66126 0 0 0 0
1.29018 0.897865 0 0 0 0
1.30374 0.839676 0 0 0 0
1.65568 1.25755 0 0 0 0
1.60406 1.2894 0 0 0 0
1.66121 1.30541 0 0 0 0
1.26106 1.58233 0 0 0 0
1.22917 1.54564 0 0 0 0
1.11965 1.61735 0 0 0 0
1.14075 1.6724 0 0 0 0
1.1647 1.62982 0 0 0 0
1.58267 1.23537 0 0 0 0
1.54561 1.27085 0 0 0 0
1.61766 1.38005 0 0 0 0
1.67207 1.35904 0 0 0 0
1.62944 1.33459 0 0 0 0
0.788185 1.15654 0 0 0 0
0.769089 1.24468 0 0 0 0
0.766243 1.29167 0 0 0 0
0.807303 1.27001 0 0 0 0
1.23979 0.918311 0 0 0 0
1.27107 0.955703 0 0 0 0
1.38065 0.880678 0 0 0 0
1.35879 0.817554 0 0 0 0
1.33456 0.868851 0 0 0 0
1.25136 1.93768 0 0 0 0
1.23358 1.82595 0 0 0 0
1.34805 0.647256 0 0 0 0
1.94367 1.25804 0 0 0 0
1.82624 1.26619 0 0 0 0
0.564731 1.25424 0 0 0 0
0.680711 1.23728 0 0 0 0
1.35821 1.84879 0 0 0 0
1.39861 1.84722 0 0 0 0
1.46222 1.75441 0 0 0 0
1.84813 1.14115 0 0 0 0
1.84749 1.10115 0 0 0 0
0.863176 1.4704 0 0 0 0
0.841901 1.33876 0 0 0 0
0.806865 1.36616 0 0 0 0
1.33792 0.762434 0 0 0 0
1.37708 0.763439 0 0 0 0
1.40718 0.835491 0 0 0 0
1.71925 1.3582 0 0 0 0
1.66232 1.40461 0 0 0 0
1.14177 1.7197 0 0 0 0
1.09517 1.66227 0 0 0 0
1.09453 0.862951 0 0 0 0
1.40473 1.63655 0 0 0 0
0.777426 1.12924 0 0 0 0
0.786674 1.10192 0 0 0 0
0.940618 1.14302 0 0 0 0
0.910728 1.161 0 0 0 0
0.939234 1.16597 0 0 0 0
1.63637 1.09479 0 0 0 0
1.03634 1.59247 0 0 0 0
0.978006 1.35097 0 0 0 0
0.830109 1.40902 0 0 0 0
1.46436 0.906525 0 0 0 0
1.59346 1.46435 0 0 0 0
1.28755 1.91129 0 0 0 0
1.2994 1.9597 0 0 0 0
1.25427 0.563938 0 0 0 0
0.538215 1.30221 0 0 0 0
1.9073 1.20386 0 0 0 0
1.95393 1.2069 0 0 0 0
1.32728 1.81982 0 0 0 0
1.26056 1.79456 0 0 0 0
1.21807 0.725175 0 0 0 0
1.29152 0.760797 0 0 0 0
1.24803 0.756414 0 0 0 0
1.81748 1.17173 0 0 0 0
1.79456 1.23944 0 0 0 0
0.676494 1.27513 0 0 0 0
0.718823 1.27052 0 0 0 0
1.40917 1.34554 0 0 0 0
1.45852 1.27708 0 0 0 0
1.33896 1.47063 0 0 0 0
1.37998 1.48328 0 0 0 0
1.40724 1.45184 0 0 0 0
1.47888 1.34268 0 0 0 0
1.346 1.0907 0 0 0 0
1.27838 1.04297 0 0 0 0
1.21236 1.28761 0 0 0 0
1.10328 1.39678 0 0 0 0
1.28125 1.28125 0 0 0 0
1.0942 1.355 0 0 0 0
1.00155 1.30591 0 0 0 0
1.1609 1.02698 0 0 0 0
1.11957 1.01508 0 0 0 0
1.47279 1.161 0 0 0 0
1.48367 1.1198 0 0 0 0
1.45279 1.09239 0 0 0 0
1.23117 1.22201 0 0 0 0
1.12859 1.1782 0 0 0 0
1.26752 1.22027 0 0 0 0
1.14482 1.40428 0 0 0 0
1.21978 1.45629 0 0 0 0
1.01353 1.20601 0 0 0 0
1.15653 1.47992 0 0 0 0
1.34289 1.02126 0 0 0 0
1.43549 1.49298 0 0 0 0
1.47466 1.45825 0 0 0 0
1.49368 1.06367 0 0 0 0
1.45843 1.02516 0 0 0 0
0.915736 1.11039 0 0 0 0
1.27339 0.672311 0 0 0 0
1.27079 0.716777 0 0 0 0
1.83858 1.31625 0 0 0 0
1.85723 1.36066 0 0 0 0
0.765559 1.33464 0 0 0 0
0.728129 1.34316 0 0 0 0
0.752854 1.37278 0 0 0 0
0.591791 1.42731 0 0 0 0
0.648359 1.40995 0 0 0 0
0.600609 1.37668 0 0 0 0
1.18313 1.83828 0 0 0 0
1.13823 1.85725 0 0 0 0
1.88677 1.32505 0 0 0 0
1.70874 1.32154 0 0 0 0
1.75176 1.33747 0 0 0 0
1.17454 1.88637 0 0 0 0
1.17959 1.70692 0 0 0 0
1.1625 1.75208 0 0 0 0
0.965015 1.11236 0 0 0 0
1.29397 1.4817 0 0 0 0
1.20561 1.01488 0 0 0 0
1.48411 1.20452 0 0 0 0
1.40731 0.650178 0 0 0 0
1.42742 0.592837 0 0 0 0
1.9225 1.16144 0 0 0 0
1.1333 0.647672 0 0 0 0
1.1306 0.596882 0 0 0 0
1.08813 0.621715 0 0 0 0
1.10378 1.87626 0 0 0 0
1.10303 1.8433 0 0 0 0
1.33814 1.92491 0 0 0 0
1.87626 1.39622 0 0 0 0
1.84225 1.39676 0 0 0 0
0.64772 1.13296 0 0 0 0
0.672264 1.0853 0 0 0 0
0.621988 1.08799 0 0 0 0
0.58633 1.46805 0 0 0 0
1.23767 0.678388 0 0 0 0
0.816042 1.22367 0 0 0 0
1.69552 1.21879 0 0 0 0
1.70469 1.16603 0 0 0 0
1.28328 1.69399 0 0 0 0
1.33356 1.70444 0 0 0 0
0.874131 1.207 0 0 0 0
0.843449 1.2508 0 0 0 0
0.877121 1.25778 0 0 0 0
0.815316 1.07768 0 0 0 0
0.863395 1.09047 0 0 0 0
1.2078 1.7465 0 0 0 0
1.25753 1.74789 0 0 0 0
1.22641 1.70044 0 0 0 0
1.7474 1.29205 0 0 0 0
1.74936 1.24211 0 0 0 0
1.702 1.27212 0 0 0 0
0.914241 1.32641 0 0 0 0
1.2523 1.61518 0 0 0 0
1.24913 0.887066 0 0 0 0
1.80743 1.12896 0 0 0 0
1.37063 1.80899 0 0 0 0
1.12259 0.550147 0 0 0 0
1.03626 1.46177 0 0 0 0
0.805928 1.31717 0 0 0 0
1.22161 0.634452 0 0 0 0
1.0382 0.801216 0 0 0 0
1.12483 0.781387 0 0 0 0
1.69957 1.03805 0 0 0 0
1.71534 1.1257 0 0 0 0
1.46189 1.69958 0 0 0 0
1.31204 0.798167 0 0 0 0
0.785595 1.40998 0 0 0 0
1.07953 1.57873 0 0 0 0
1.41902 0.919561 0 0 0 0
1.58035 1.41898 0 0 0 0
1.05125 1.2361 0 0 0 0
1.05884 1.18833 0 0 0 0
1.04145 1.2784 0 0 0 0
1.23666 1.05214 0 0 0 0
1.44786 1.23739 0 0 0 0
1.43399 1.13253 0 0 0 0
1.39543 1.1576 0 0 0 0
1.25298 1.00618 0 0 0 0
1.26102 1.43875 0 0 0 0
1.24529 1.49358 0 0 0 0
1.4951 1.25445 0 0 0 0
1.36765 1.43289 0 0 0 0
1.34087 1.39322 0 0 0 0
1.25758 1.13558 0 0 0 0
1.24953 1.26054 0 0 0 0
1.13478 1.36302 0 0 0 0
1.36463 1.26037 0 0 0 0
1.34376 1.57024 0 0 0 0
1.15537 0.929421 0 0 0 0
1.57033 1.1538 0 0 0 0
1.22969 1.78098 0 0 0 0
1.78168 1.27029 0 0 0 0
1.05287 1.05314 0 0 0 0
1.25229 0.527393 0 0 0 0
0.590069 1.2133 0 0 0 0
1.08601 0.573226 0 0 0 0
1.41958 0.70224 0 0 0 0
0.699345 1.42235 0 0 0 0
1.81177 1.42243 0 0 0 0
1.79086 1.30878 0 0 0 0
1.07721 1.8124 0 0 0 0
1.1911 1.79071 0 0 0 0
1.07879 0.949998 0 0 0 0
1.16856 0.900548 0 0 0 0
1.59783 1.16598 0 0 0 0
1.33164 1.5988 0 0 0 0
0.733903 1.31163 0 0 0 0
2.03846 2.03846 0 0 0 0
2.07692 2.07692 0 0 0 0
2.11538 2.11538 0 0 0 0
2.15385 2.15385 0 0 0 0
2.19231 2.19231 0 0 0 0
2.23077 2.23077 0 0 0 0
2.26923 2.26923 0 0 0 0
2.30769 2.30769 0 0 0 0
2.34615 2.34615 0 0 0 0
2.38462 2.38462 0 0 0 0
2.42308 2.42308 0 0 0 0
2.46154 2.46154 0 0 0 0
2.03846 0.461538 0 0 0 0
2.07692 0.423077 0 0 0 0
2.11538 0.384615 0 0 0 0
2.15385 0.346154 0 0 0 0
2.19231 0.307692 0 0 0 0
2.23077 0.269231 0 0 0 0
2.26923 0.230769 0 0 0 0
2.30769 0.192308 0 0 0 0
2.34615 0.153846 0 0 0 0
2.38462 0.115385 0 0 0 0
2.42308 0.0769231 0 0 0 0
2.46154 0.0384615 0 0 0 0
2.44986 1.17184 0 0 0 0
2.46534 1.20526 0 0 0 0
2.4679 0.0776032 0 0 0 0
2.4529 0.121753 0 0 0 0
2.42524 0.16291 0 0 0 0
2.38461 0.167034 0 0 0 0
2.3603 0.190523 0 0 0 0
2.46591 0.167706 0 0 0 0
2.45141 0.196726 0 0 0 0
2.35298 0.228551 0 0 0 0
2.38465 0.257524 0 0 0 0
2.40671 0.212507 0 0 0 0
2.27739 0.266116 0 0 0 0
2.31032 0.245305 0 0 0 0
2.45784 0.237588 0 0 0 0
2.45864 0.297299 0 0 0 0
2.26176 0.373004 0 0 0 0
2.30423 0.382405 0 0 0 0
2.27965 0.343219 0 0 0 0
2.32349 0.321651 0 0 0 0
2.26986 0.303756 0 0 0 0
2.18896 0.364086 0 0 0 0
2.23625 0.340583 0 0 0 0
2.44524 0.424954 0 0 0 0
2.45955 0.385475 0 0 0 0
2.41996 0.39128 0 0 0 0
2.46787 2.42235 0 0 0 0
2.45298 2.37849 0 0 0 0
2.46682 2.333 0 0 0 0
2.40663 2.2873 0 0 0 0
2.42517 2.33701 0 0 0 0
2.45129 2.30312 0 0 0 0
2.45783 2.26234 0 0 0 0
2.41997 2.2372 0 0 0 0
2.38456 2.33289 0 0 0 0
2.43638 2.14954 0 0 0 0
2.45823 2.20308 0 0 0 0
2.34649 2.22848 0 0 0 0
2.35463 2.27185 0 0 0 0
2.38406 2.24297 0 0 0 0
2.45809 2.11462 0 0 0 0
2.47076 2.03785 0 0 0 0
2.23976 2.15813 0 0 0 0
2.27509 2.19646 0 0 0 0
2.29458 2.15361 0 0 0 0
2.23448 2.19442 0 0 0 0
2.46085 1.99863 0 0 0 0
2.22062 0.446786 0 0 0 0
2.23426 0.493803 0 0 0 0
2.26759 0.460958 0 0 0 0
2.40123 0.43018 0 0 0 0
2.09436 0.477288 0 0 0 0
2.12588 0.424941 0 0 0 0
2.26235 0.4128 0 0 0 0
2.22435 0.392299 0 0 0 0
2.37952 2.02873 0 0 0 0
2.39477 1.98706 0 0 0 0
2.34347 2.00281 0 0 0 0
2.45825 1.87839 0 0 0 0
2.45875 1.92583 0 0 0 0
2.19001 2.13389 0 0 0 0
2.17811 2.07693 0 0 0 0
2.15191 2.11149 0 0 0 0
2.42688 1.90255 0 0 0 0
2.03822 0.53879 0 0 0 0
2.47251 0.534355 0 0 0 0
2.45932 0.573741 0 0 0 0
2.08953 2.02528 0 0 0 0
2.12113 1.99026 0 0 0 0
2.08073 1.96639 0 0 0 0
2.05047 0.503968 0 0 0 0
2.08112 0.533908 0 0 0 0
2.05928 0.559088 0 0 0 0
2.05332 0.63096 0 0 0 0
2.1603 0.505965 0 0 0 0
2.11836 0.513666 0 0 0 0
2.12746 0.558723 0 0 0 0
2.43982 0.661442 0 0 0 0
2.41589 0.692918 0 0 0 0
2.45748 0.701423 0 0 0 0
2.05414 0.744012 0 0 0 0
2.41832 0.628866 0 0 0 0
2.45805 0.623258 0 0 0 0
2.4246 0.597557 0 0 0 0
2.09687 0.834684 0 0 0 0
2.07555 0.869948 0 0 0 0
2.12256 0.866401 0 0 0 0
2.28581 0.649952 0 0 0 0
2.34371 0.654778 0 0 0 0
2.32341 0.615887 0 0 0 0
2.0395 0.794178 0 0 0 0
2.0961 0.70098 0 0 0 0
2.11411 0.741842 0 0 0 0
2.42197 0.731071 0 0 0 0
2.46428 0.745425 0 0 0 0
2.18646 0.975915 0 0 0 0
2.13643 0.966941 0 0 0 0
2.163 1.01036 0 0 0 0
2.40823 0.812083 0 0 0 0
2.45315 0.815999 0 0 0 0
2.43514 0.776524 0 0 0 0
2.03853 1.04176 0 0 0 0
2.46137 0.894121 0 0 0 0
2.47038 0.850017 0 0 0 0
2.0926 1.1083 0 0 0 0
2.12548 1.13625 0 0 0 0
2.14128 1.08993 0 0 0 0
2.38934 1.02046 0 0 0 0
2.36498 0.977979 0 0 0 0
2.33687 1.01889 0 0 0 0
2.08902 1.05397 0 0 0 0
2.0441 1.08944 0 0 0 0
2.38518 0.93368 0 0 0 0
2.35085 0.908346 0 0 0 0
2.33456 0.939102 0 0 0 0
2.09035 0.978849 0 0 0 0
2.09159 0.940639 0 0 0 0
2.41608 1.05838 0 0 0 0
2.45454 1.09589 0 0 0 0
2.46134 1.04434 0 0 0 0
2.03424 1.20124 0 0 0 0
2.04843 1.16489 0 0 0 0
2.46653 1.13993 0 0 0 0
2.05201 1.33368 0 0 0 0
2.03556 1.29687 0 0 0 0
2.0383 1.96045 0 0 0 0
2.04862 1.99658 0 0 0 0
2.46436 1.75468 0 0 0 0
2.4711 1.71606 0 0 0 0
2.04023 1.91771 0 0 0 0
2.32685 1.6552 0 0 0 0
2.2807 1.66837 0 0 0 0
2.30881 1.7067 0 0 0 0
2.06158 1.86008 0 0 0 0
2.09578 1.80163 0 0 0 0
2.04191 1.80475 0 0 0 0
2.42197 1.76893 0 0 0 0
2.45792 1.7992 0 0 0 0
2.14087 1.694 0 0 0 0
2.13442 1.63564 0 0 0 0
2.09742 1.65442 0 0 0 0
2.31313 1.60589 0 0 0 0
2.34855 1.61964 0 0 0 0
2.0529 1.75231 0 0 0 0
2.40823 1.68792 0 0 0 0
2.43514 1.72348 0 0 0 0
2.45315 1.684 0 0 0 0
2.03774 1.70184 0 0 0 0
2.46129 1.60583 0 0 0 0
2.47086 1.56414 0 0 0 0
2.43478 1.56629 0 0 0 0
2.03911 1.53919 0 0 0 0
2.08929 1.56121 0 0 0 0
2.06906 1.49872 0 0 0 0
2.41636 1.44148 0 0 0 0
2.46136 1.45562 0 0 0 0
2.45474 1.40418 0 0 0 0
2.03809 1.58331 0 0 0 0
2.03216 1.62674 0 0 0 0
2.43021 1.47967 0 0 0 0
2.14395 1.39593 0 0 0 0
2.10261 1.40557 0 0 0 0
2.1413 1.43984 0 0 0 0
2.25772 1.4434 0 0 0 0
2.28038 1.49179 0 0 0 0
2.30606 1.44045 0 0 0 0
2.41925 1.52089 0 0 0 0
2.38947 1.47933 0 0 0 0
2.07498 1.37009 0 0 0 0
2.09248 1.33598 0 0 0 0
2.45374 1.25 0 0 0 0
2.03392 1.36859 0 0 0 0
2.33097 1.21753 0 0 0 0
2.28857 1.19862 0 0 0 0
2.30969 1.25819 0 0 0 0
2.13426 1.19271 0 0 0 0
2.09067 1.15424 0 0 0 0
2.03842 0.580222 0 0 0 0
2.38009 1.8951 0 0 0 0
2.34421 1.8457 0 0 0 0
2.32271 1.88892 0 0 0 0
2.25725 0.786109 0 0 0 0
2.28071 0.830909 0 0 0 0
2.30875 0.792998 0 0 0 0
2.09446 0.902866 0 0 0 0
2.04944 0.912233 0 0 0 0
2.0691 1.61601 0 0 0 0
2.05332 1.66238 0 0 0 0
2.45825 1.53632 0 0 0 0
2.46274 0.999491 0 0 0 0
2.0463 1.25 0 0 0 0
2.46534 1.29474 0 0 0 0
2.45004 1.32856 0 0 0 0
2.28672 0.735747 0 0 0 0
2.31494 0.692871 0 0 0 0
2.28163 0.692301 0 0 0 0
2.47232 0.463021 0 0 0 0
2.30799 2.03271 0 0 0 0
2.28472 1.98969 0 0 0 0
2.27092 2.0406 0 0 0 0
2.22755 2.10472 0 0 0 0
2.27626 1.55468 0 0 0 0
2.22953 1.58386 0 0 0 0
2.26068 1.62168 0 0 0 0
2.35456 1.11881 0 0 0 0
2.40005 1.10206 0 0 0 0
2.36098 1.06739 0 0 0 0
2.223 1.01313 0 0 0 0
2.36836 1.79208 0 0 0 0
2.39493 1.84237 0 0 0 0
2.41659 1.80901 0 0 0 0
2.34875 0.878742 0 0 0 0
2.31296 0.8933 0 0 0 0
2.16246 0.741613 0 0 0 0
2.21806 0.747059 0 0 0 0
2.18855 0.710371 0 0 0 0
2.07647 1.20243 0 0 0 0
2.24883 1.35024 0 0 0 0
2.27858 1.30183 0 0 0 0
2.22557 1.2916 0 0 0 0
2.41311 1.32936 0 0 0 0
2.37405 1.30194 0 0 0 0
2.38664 1.35297 0 0 0 0
2.42619 1.29292 0 0 0 0
2.36836 0.70792 0 0 0 0
2.394 0.659033 0 0 0 0
2.23414 0.830022 0 0 0 0
2.28621 1.85085 0 0 0 0
2.47038 1.64998 0 0 0 0
2.35094 1.59021 0 0 0 0
2.4668 1.36046 0 0 0 0
2.18001 0.928086 0 0 0 0
2.22596 0.959335 0 0 0 0
2.22742 0.916599 0 0 0 0
2.39176 0.311122 0 0 0 0
2.35712 0.366447 0 0 0 0
2.39799 0.362993 0 0 0 0
2.43777 0.350835 0 0 0 0
2.30887 2.22036 0 0 0 0
2.2797 2.23448 0 0 0 0
2.39553 0.510229 0 0 0 0
2.43774 0.525379 0 0 0 0
2.4275 0.47434 0 0 0 0
2.32639 0.518149 0 0 0 0
2.31115 0.472942 0 0 0 0
2.28147 0.517003 0 0 0 0
2.41075 1.93956 0 0 0 0
2.20247 1.96938 0 0 0 0
2.22312 1.93782 0 0 0 0
2.1802 1.93626 0 0 0 0
2.28938 0.602063 0 0 0 0
2.31863 0.567034 0 0 0 0
2.26793 0.569674 0 0 0 0
2.17614 0.419137 0 0 0 0
2.15149 0.386881 0 0 0 0
2.31091 2.10667 0 0 0 0
2.29957 2.06502 0 0 0 0
2.26647 2.08264 0 0 0 0
2.16249 1.89259 0 0 0 0
2.12844 1.93914 0 0 0 0
2.04694 1.41345 0 0 0 0
2.10358 1.24959 0 0 0 0
2.13738 1.30798 0 0 0 0
2.15404 1.24739 0 0 0 0
2.13815 1.04238 0 0 0 0
2.11328 1.0103 0 0 0 0
2.2038 1.62831 0 0 0 0
2.18327 1.57451 0 0 0 0
2.09056 0.789628 0 0 0 0
2.13658 0.773978 0 0 0 0
2.05662 0.831486 0 0 0 0
2.03632 0.867178 0 0 0 0
2.44178 1.84035 0 0 0 0
2.23905 0.690634 0 0 0 0
2.38936 0.764852 0 0 0 0
2.27666 0.943225 0 0 0 0
2.26117 0.877336 0 0 0 0
2.47115 0.935815 0 0 0 0
2.4351 0.933481 0 0 0 0
2.31871 1.52161 0 0 0 0
2.36507 1.52109 0 0 0 0
2.33712 1.48096 0 0 0 0
2.43113 1.6461 0 0 0 0
2.38144 1.64401 0 0 0 0
2.24114 1.81069 0 0 0 0
2.21913 1.75054 0 0 0 0
2.18153 1.7943 0 0 0 0
2.14539 0.703893 0 0 0 0
2.18355 0.665241 0 0 0 0
2.36146 1.43272 0 0 0 0
2.42827 1.13603 0 0 0 0
2.37244 1.19691 0 0 0 0
2.35414 1.25117 0 0 0 0
2.40127 1.25007 0 0 0 0
2.20218 0.871076 0 0 0 0
2.18015 1.0527 0 0 0 0
2.21998 1.06364 0 0 0 0
2.2809 1.3998 0 0 0 0
2.30787 1.35598 0 0 0 0
2.16422 1.61618 0 0 0 0
2.22782 0.577467 0 0 0 0
2.25067 0.608487 0 0 0 0
2.17671 0.780848 0 0 0 0
2.21524 0.791718 0 0 0 0
2.29534 1.63779 0 0 0 0
2.16317 1.74811 0 0 0 0
2.11225 1.74734 0 0 0 0
2.13913 1.78331 0 0 0 0
2.25364 1.24753 0 0 0 0
2.23304 1.19311 0 0 0 0
2.19927 1.23673 0 0 0 0
2.18161 1.28176 0 0 0 0
2.14476 1.54128 0 0 0 0
2.18754 1.52528 0 0 0 0
2.15871 1.49113 0 0 0 0
2.11542 1.51357 0 0 0 0
2.11411 1.47759 0 0 0 0
2.06273 1.00932 0 0 0 0
2.04877 0.964945 0 0 0 0
2.19858 0.610563 0 0 0 0
2.15615 0.631092 0 0 0 0
2.12544 2.07342 0 0 0 0
2.257 1.90148 0 0 0 0
2.23632 1.86056 0 0 0 0
2.20899 1.89498 0 0 0 0
2.33955 1.74511 0 0 0 0
2.38936 1.73515 0 0 0 0
2.4711 0.783943 0 0 0 0
2.39066 2.14059 0 0 0 0
2.39042 2.19165 0 0 0 0
2.26726 2.1229 0 0 0 0
2.23303 0.304975 0 0 0 0
2.04014 1.46034 0 0 0 0
2.18706 1.40886 0 0 0 0
2.16683 1.36209 0 0 0 0
2.03025 1.13257 0 0 0 0
2.1931 1.09863 0 0 0 0
2.13908 0.815959 0 0 0 0
2.18831 0.822982 0 0 0 0
2.19094 1.67855 0 0 0 0
2.1657 1.65152 0 0 0 0
2.29593 1.92807 0 0 0 0
2.32606 1.95928 0 0 0 0
2.33919 1.92371 0 0 0 0
2.24529 2.0131 0 0 0 0
2.23638 1.97779 0 0 0 0
2.19963 0.485067 0 0 0 0
2.20257 0.51653 0 0 0 0
2.36443 0.541794 0 0 0 0
2.41009 0.558975 0 0 0 0
2.22509 2.05181 0 0 0 0
2.18459 2.03038 0 0 0 0
2.38516 1.56583 0 0 0 0
2.41226 1.60487 0 0 0 0
2.46269 1.5005 0 0 0 0
2.30657 1.05849 0 0 0 0
2.45772 0.963352 0 0 0 0
2.38387 0.466613 0 0 0 0
2.437 1.97467 0 0 0 0
2.44196 2.07606 0 0 0 0
2.393 2.0687 0 0 0 0
2.41383 2.11028 0 0 0 0
2.36615 2.10597 0 0 0 0
2.3462 0.273571 0 0 0 0
2.32864 2.1891 0 0 0 0
2.36024 2.30939 0 0 0 0
2.11548 1.88494 0 0 0 0
2.14558 1.85705 0 0 0 0
2.08227 1.70239 0 0 0 0
2.12988 0.663928 0 0 0 0
2.08897 0.661953 0 0 0 0
2.04938 0.688992 0 0 0 0
2.21302 1.14374 0 0 0 0
2.18569 1.18706 0 0 0 0
2.25907 1.05837 0 0 0 0
2.28133 1.10124 0 0 0 0
2.18664 1.45283 0 0 0 0
2.21879 1.43906 0 0 0 0
2.23363 1.4019 0 0 0 0
2.20848 1.37003 0 0 0 0
2.40094 1.39736 0 0 0 0
2.35451 1.38087 0 0 0 0
2.43023 1.02014 0 0 0 0
2.15977 0.886606 0 0 0 0
2.16215 0.851235 0 0 0 0
2.18616 1.71667 0 0 0 0
2.21785 1.70552 0 0 0 0
2.13678 1.58992 0 0 0 0
2.31641 1.80537 0 0 0 0
2.32739 1.77714 0 0 0 0
2.22119 1.48749 0 0 0 0
2.22589 1.54032 0 0 0 0
2.13195 0.91623 0 0 0 0
2.1197 1.36294 0 0 0 0
2.16816 1.21555 0 0 0 0
2.06121 1.12989 0 0 0 0
2.16642 1.14053 0 0 0 0
2.37511 0.603039 0 0 0 0
2.23348 0.538933 0 0 0 0
2.42039 1.87175 0 0 0 0
2.34979 1.33983 0 0 0 0
2.28024 1.008 0 0 0 0
2.35066 1.15754 0 0 0 0
2.33 1.18277 0 0 0 0
2.34093 1.27968 0 0 0 0
2.42908 1.3637 0 0 0 0
2.42583 1.20718 0 0 0 0
2.17999 0.463435 0 0 0 0
2.14375 2.03107 0 0 0 0
2.16668 1.98646 0 0 0 0
2.25797 1.94688 0 0 0 0
2.25782 1.7124 0 0 0 0
2.23522 1.66945 0 0 0 0
2.3612 1.69488 0 0 0 0
2.3612 0.805121 0 0 0 0
2.33955 0.754888 0 0 0 0
2.31069 1.14312 0 0 0 0
2.32134 1.40345 0 0 0 0
2.3815 0.855813 0 0 0 0
2.32706 0.845211 0 0 0 0
2.31947 0.979428 0 0 0 0
2.33472 1.55955 0 0 0 0
2.25093 1.51857 0 0 0 0
2.26073 1.14684 0 0 0 0
2.23022 0.644327 0 0 0 0
2.28672 1.76425 0 0 0 0
2.28279 1.80717 0 0 0 0
2.32739 0.722856 0 0 0 0
2.08111 1.91808 0 0 0 0
2.07878 0.580088 0 0 0 0
2.2905 1.89118 0 0 0 0
2.42036 0.263279 0 0 0 0
2.3123 2.25494 0 0 0 0
2.34801 2.14845 0 0 0 0
2.10475 1.61069 0 0 0 0
2.08523 1.44887 0 0 0 0
2.14325 0.462822 0 0 0 0
2.20933 2.00561 0 0 0 0
2.43116 0.853835 0 0 0 0
2.41233 0.894976 0 0 0 0
2.34236 2.05989 0 0 0 0
2.36698 1.95213 0 0 0 0
2.424 2.02521 0 0 0 0
2.47251 1.96565 0 0 0 0
2.46117 0.501283 0 0 0 0
2.34747 0.428614 0 0 0 0
2.38334 0.39528 0 0 0 0
2.37572 0.894311 0 0 0 0
2.29547 0.861689 0 0 0 0
2.41237 1.17085 0 0 0 0
2.14444 1.82086 0 0 0 0
2.11317 1.8444 0 0 0 0
2.18879 1.84697 0 0 0 0
2.18686 0.559119 0 0 0 0
2.15619 0.595158 0 0 0 0
2.35359 0.490849 0 0 0 0
2.23774 1.10122 0 0 0 0
2.41962 0.978587 0 0 0 0
2.32586 1.30741 0 0 0 0
2.07788 1.29568 0 0 0 0
2.11305 0.617625 0 0 0 0
2.38562 1.1461 0 0 0 0
2.19648 1.32713 0 0 0 0
2.06022 1.94023 0 0 0 0
2.29774 0.431097 0 0 0 0
2.37592 1.60357 0 0 0 0
2.25283 0.981136 0 0 0 0
2.12873 0.49003 0 0 0 0
2.30677 0.281519 0 0 0 0
2.32282 1.09781 0 0 0 0
1.1988 2.37289 0 0 0 0
1.14682 2.38619 0 0 0 0
1.17217 2.4128 0 0 0 0
0.0776521 2.46787 0 0 0 0
0.121508 2.45298 0 0 0 0
0.166996 2.46682 0 0 0 0
0.212185 2.40381 0 0 0 0
0.162925 2.42515 0 0 0 0
0.196598 2.45118 0 0 0 0
0.235602 2.45439 0 0 0 0
0.258656 2.41596 0 0 0 0
0.16701 2.38456 0 0 0 0
0.341387 2.44357 0 0 0 0
0.283563 2.45046 0 0 0 0
0.271527 2.34653 0 0 0 0
0.228181 2.35288 0 0 0 0
0.255232 2.38198 0 0 0 0
2.4224 2.4679 0 0 0 0
2.37825 2.4529 0 0 0 0
2.33708 2.42524 0 0 0 0
2.33294 2.38461 0 0 0 0
2.30939 2.36031 0 0 0 0
2.33229 2.46591 0 0 0 0
2.30326 2.45141 0 0 0 0
2.27104 2.35267 0 0 0 0
2.24198 2.38449 0 0 0 0
2.28744 2.40672 0 0 0 0
2.23363 2.27775 0 0 0 0
2.2544 2.31127 0 0 0 0
2.26241 2.45784 0 0 0 0
2.20265 2.45862 0 0 0 0
2.12605 2.26118 0 0 0 0
2.11993 2.30331 0 0 0 0
2.15597 2.27975 0 0 0 0
2.17769 2.32348 0 0 0 0
2.19596 2.2699 0 0 0 0
2.13564 2.18857 0 0 0 0
2.15881 2.23589 0 0 0 0
2.07505 2.44523 0 0 0 0
2.11453 2.45955 0 0 0 0
2.1088 2.41986 0 0 0 0
0.385267 2.45862 0 0 0 0
0.462148 2.47076 0 0 0 0
0.341116 2.23871 0 0 0 0
0.302593 2.2734 0 0 0 0
0.34636 2.29403 0 0 0 0
1.99233 2.29033 0 0 0 0
2.01591 2.24475 0 0 0 0
1.97715 2.23844 0 0 0 0
2.07062 2.39801 0 0 0 0
0.305494 2.23423 0 0 0 0
0.501277 2.46074 0 0 0 0
0.46877 2.37626 0 0 0 0
0.512852 2.38593 0 0 0 0
0.487378 2.34002 0 0 0 0
0.621614 2.45825 0 0 0 0
0.574165 2.45875 0 0 0 0
2.02523 2.08815 0 0 0 0
2.07543 2.12364 0 0 0 0
2.05498 2.22259 0 0 0 0
2.08806 2.26234 0 0 0 0
2.10748 2.22462 0 0 0 0
0.364186 2.1893 0 0 0 0
0.419987 2.17687 0 0 0 0
0.386533 2.15128 0 0 0 0
0.597942 2.42466 0 0 0 0
1.96152 2.03748 0 0 0 0
1.96565 2.47251 0 0 0 0
1.92626 2.45932 0 0 0 0
0.477059 2.09406 0 0 0 0
0.513615 2.11815 0 0 0 0
0.53528 2.0815 0 0 0 0
1.99685 2.04878 0 0 0 0
1.96769 2.0795 0 0 0 0
1.94235 2.05825 0 0 0 0
1.86911 2.05318 0 0 0 0
1.94135 2.12668 0 0 0 0
1.98944 2.16333 0 0 0 0
1.99232 2.11821 0 0 0 0
1.83917 2.44054 0 0 0 0
1.80708 2.41589 0 0 0 0
1.79864 2.45758 0 0 0 0
1.75598 2.05414 0 0 0 0
1.87159 2.42075 0 0 0 0
1.8769 2.45822 0 0 0 0
1.90207 2.42625 0 0 0 0
1.65152 2.09903 0 0 0 0
1.61853 2.07032 0 0 0 0
1.61236 2.10555 0 0 0 0
1.85073 2.28437 0 0 0 0
1.8448 2.34503 0 0 0 0
1.8863 2.32476 0 0 0 0
1.70477 2.03922 0 0 0 0
1.79899 2.0961 0 0 0 0
1.75717 2.11425 0 0 0 0
1.76873 2.42187 0 0 0 0
1.75456 2.46428 0 0 0 0
1.53181 2.19768 0 0 0 0
1.53946 2.13886 0 0 0 0
1.49042 2.1669 0 0 0 0
1.68816 2.40755 0 0 0 0
1.6841 2.45297 0 0 0 0
1.72348 2.43514 0 0 0 0
1.45848 2.03866 0 0 0 0
1.60647 2.46036 0 0 0 0
1.65013 2.47012 0 0 0 0
1.36311 2.1253 0 0 0 0
1.40977 2.14126 0 0 0 0
1.39084 2.0927 0 0 0 0
1.5208 2.41859 0 0 0 0
1.51918 2.36306 0 0 0 0
1.4771 2.38781 0 0 0 0
1.44619 2.08909 0 0 0 0
1.40929 2.04463 0 0 0 0
1.59061 2.34897 0 0 0 0
1.56663 2.38382 0 0 0 0
1.60601 2.3731 0 0 0 0
1.52582 2.09035 0 0 0 0
1.5708 2.08926 0 0 0 0
1.44118 2.41568 0 0 0 0
1.40411 2.45454 0 0 0 0
1.45568 2.46121 0 0 0 0
1.29868 2.03421 0 0 0 0
1.33511 2.04843 0 0 0 0
1.35998 2.46654 0 0 0 0
1.32821 2.45 0 0 0 0
1.16628 2.05173 0 0 0 0
1.20313 2.03556 0 0 0 0
0.539747 2.03871 0 0 0 0
0.504031 2.05026 0 0 0 0
0.745319 2.46435 0 0 0 0
0.783924 2.47107 0 0 0 0
0.58275 2.04008 0 0 0 0
0.844297 2.32652 0 0 0 0
0.831164 2.28087 0 0 0 0
0.793183 2.30876 0 0 0 0
0.641607 2.05982 0 0 0 0
0.70076 2.08323 0 0 0 0
0.695846 2.03958 0 0 0 0
0.731071 2.42195 0 0 0 0
0.700804 2.45792 0 0 0 0
0.80151 2.13789 0 0 0 0
0.865008 2.12312 0 0 0 0
0.831319 2.09478 0 0 0 0
0.893906 2.31233 0 0 0 0
0.879143 2.34749 0 0 0 0
0.744533 2.05011 0 0 0 0
0.811808 2.40769 0 0 0 0
0.776524 2.43514 0 0 0 0
0.815906 2.45304 0 0 0 0
0.794138 2.03857 0 0 0 0
0.893735 2.46073 0 0 0 0
0.93577 2.47046 0 0 0 0
0.933496 2.43394 0 0 0 0
0.96371 2.04155 0 0 0 0
0.952716 2.09144 0 0 0 0
1.00513 2.06879 0 0 0 0
1.05859 2.41743 0 0 0 0
1.04413 2.46204 0 0 0 0
1.09618 2.45384 0 0 0 0
0.914177 2.04805 0 0 0 0
0.867702 2.03601 0 0 0 0
1.02116 2.42945 0 0 0 0
1.1038 2.14537 0 0 0 0
1.09435 2.10203 0 0 0 0
1.06011 2.14114 0 0 0 0
1.05646 2.25813 0 0 0 0
1.00789 2.28209 0 0 0 0
1.05916 2.30676 0 0 0 0
0.979761 2.41781 0 0 0 0
1.02349 2.38764 0 0 0 0
1.12984 2.07452 0 0 0 0
1.1659 2.092 0 0 0 0
1.25 2.45374 0 0 0 0
1.13136 2.03358 0 0 0 0
1.2071 2.42673 0 0 0 0
1.20526 2.46534 0 0 0 0
1.30707 2.13395 0 0 0 0
1.34374 2.09009 0 0 0 0
1.92008 2.03797 0 0 0 0
0.604667 2.3774 0 0 0 0
0.654552 2.34522 0 0 0 0
0.613095 2.32488 0 0 0 0
1.7118 2.258 0 0 0 0
1.66909 2.28296 0 0 0 0
1.70878 2.30904 0 0 0 0
1.5848 2.03983 0 0 0 0
0.868895 2.07558 0 0 0 0
0.830768 2.05598 0 0 0 0
0.963864 2.4576 0 0 0 0
1.50043 2.4624 0 0 0 0
1.25 2.0463 0 0 0 0
1.17195 2.44987 0 0 0 0
0.554088 2.36735 0 0 0 0
0.566097 2.3228 0 0 0 0
0.525756 2.34145 0 0 0 0
0.392913 2.22622 0 0 0 0
1.76425 2.28672 0 0 0 0
1.80637 2.31613 0 0 0 0
1.80711 2.28215 0 0 0 0
2.03749 2.47092 0 0 0 0
0.945472 2.2771 0 0 0 0
0.916877 2.2276 0 0 0 0
0.87806 2.25945 0 0 0 0
1.38112 2.35456 0 0 0 0
1.39785 2.39996 0 0 0 0
1.43307 2.36094 0 0 0 0
1.48172 2.22148 0 0 0 0
0.70792 2.36836 0 0 0 0
0.657635 2.39493 0 0 0 0
0.690986 2.41659 0 0 0 0
1.62395 2.34087 0 0 0 0
1.5979 2.31252 0 0 0 0
1.75646 2.16342 0 0 0 0
1.75261 2.21808 0 0 0 0
1.78923 2.18854 0 0 0 0
1.15029 2.25104 0 0 0 0
1.20208 2.28441 0 0 0 0
1.2106 2.22765 0 0 0 0
1.29474 2.46534 0 0 0 0
1.3024 2.28526 0 0 0 0
1.2517 2.29464 0 0 0 0
1.27435 2.32807 0 0 0 0
1.79108 2.36796 0 0 0 0
1.8422 2.39486 0 0 0 0
1.6685 2.23564 0 0 0 0
0.648668 2.2875 0 0 0 0
0.849887 2.47022 0 0 0 0
0.908686 2.34958 0 0 0 0
1.1396 2.46641 0 0 0 0
1.57416 2.23004 0 0 0 0
1.52785 2.2431 0 0 0 0
0.27907 2.30781 0 0 0 0
0.265436 2.27866 0 0 0 0
2.18858 2.39165 0 0 0 0
2.1338 2.35669 0 0 0 0
2.1371 2.39775 0 0 0 0
2.14911 2.43775 0 0 0 0
0.56107 2.40915 0 0 0 0
0.592634 2.21892 0 0 0 0
0.530273 2.22632 0 0 0 0
0.567406 2.26764 0 0 0 0
1.98694 2.38749 0 0 0 0
1.9737 2.43579 0 0 0 0
2.02604 2.42467 0 0 0 0
2.01656 2.34178 0 0 0 0
2.03968 2.30876 0 0 0 0
0.393171 2.31034 0 0 0 0
0.432634 2.29797 0 0 0 0
0.414898 2.26504 0 0 0 0
0.603097 2.16405 0 0 0 0
0.560255 2.12905 0 0 0 0
0.551781 2.18113 0 0 0 0
1.90155 2.28982 0 0 0 0
1.93315 2.32317 0 0 0 0
1.94005 2.26712 0 0 0 0
2.07901 2.17623 0 0 0 0
2.11331 2.15078 0 0 0 0
1.08652 2.04662 0 0 0 0
1.25036 2.1035 0 0 0 0
1.19199 2.13721 0 0 0 0
1.25254 2.15392 0 0 0 0
1.45762 2.13815 0 0 0 0
1.49072 2.11419 0 0 0 0
0.871836 2.20142 0 0 0 0
0.92681 2.18253 0 0 0 0
1.70747 2.09057 0 0 0 0
1.72391 2.1375 0 0 0 0
1.66326 2.05521 0 0 0 0
1.62843 2.03303 0 0 0 0
1.80807 2.239 0 0 0 0
1.73493 2.38914 0 0 0 0
0.659655 2.44178 0 0 0 0
0.981648 2.36294 0 0 0 0
0.94052 2.33396 0 0 0 0
0.93363 2.38411 0 0 0 0
0.853243 2.43072 0 0 0 0
0.854116 2.38133 0 0 0 0
1.55733 2.28311 0 0 0 0
1.61903 2.26457 0 0 0 0
1.56429 2.47245 0 0 0 0
1.56609 2.43561 0 0 0 0
0.687173 2.24315 0 0 0 0
0.745321 2.22041 0 0 0 0
0.700593 2.19398 0 0 0 0
1.79603 2.14532 0 0 0 0
1.83487 2.18314 0 0 0 0
1.06748 2.36086 0 0 0 0
1.02052 2.336 0 0 0 0
1.36351 2.42817 0 0 0 0
1.2498 2.40236 0 0 0 0
1.3012 2.37289 0 0 0 0
1.24922 2.36119 0 0 0 0
1.10052 2.28101 0 0 0 0
1.14367 2.31003 0 0 0 0
0.886034 2.15961 0 0 0 0
1.62567 2.20402 0 0 0 0
1.44622 2.18027 0 0 0 0
1.43433 2.21827 0 0 0 0
1.93652 2.2202 0 0 0 0
1.89193 2.19636 0 0 0 0
1.89636 2.24767 0 0 0 0
1.71749 2.17742 0 0 0 0
1.7052 2.21576 0 0 0 0
0.861857 2.29479 0 0 0 0
0.705509 2.12231 0 0 0 0
0.736067 2.15942 0 0 0 0
0.745836 2.10581 0 0 0 0
1.25536 2.25314 0 0 0 0
1.30842 2.23061 0 0 0 0
1.26327 2.19927 0 0 0 0
1.21824 2.18161 0 0 0 0
0.960823 2.14387 0 0 0 0
0.974737 2.18758 0 0 0 0
1.01088 2.1601 0 0 0 0
0.990785 2.11583 0 0 0 0
1.02437 2.11496 0 0 0 0
1.49122 2.06266 0 0 0 0
1.5369 2.0468 0 0 0 0
0.424546 2.12566 0 0 0 0
0.650053 2.19311 0 0 0 0
0.637016 2.23955 0 0 0 0
1.86938 2.15536 0 0 0 0
0.755174 2.33941 0 0 0 0
0.764854 2.38925 0 0 0 0
1.71608 2.47106 0 0 0 0
0.35601 2.3921 0 0 0 0
0.304511 2.38884 0 0 0 0
0.377186 2.26694 0 0 0 0
2.19446 2.23222 0 0 0 0
1.03973 2.04018 0 0 0 0
1.09101 2.18697 0 0 0 0
1.1378 2.1666 0 0 0 0
1.36743 2.03025 0 0 0 0
1.40167 2.19339 0 0 0 0
1.68096 2.14186 0 0 0 0
1.6756 2.18968 0 0 0 0
0.818674 2.18932 0 0 0 0
0.847585 2.16193 0 0 0 0
2.07183 2.29681 0 0 0 0
2.07366 2.34528 0 0 0 0
0.486374 2.24032 0 0 0 0
0.51039 2.28896 0 0 0 0
0.608815 2.26063 0 0 0 0
0.600084 2.29192 0 0 0 0
0.445965 2.22252 0 0 0 0
0.465241 2.18083 0 0 0 0
1.44122 2.30676 0 0 0 0
1.48065 2.33621 0 0 0 0
1.53626 2.45867 0 0 0 0
0.894006 2.4113 0 0 0 0
0.999829 2.46232 0 0 0 0
0.526355 2.4351 0 0 0 0
0.423868 2.44186 0 0 0 0
0.430849 2.39236 0 0 0 0
0.389475 2.41418 0 0 0 0
2.03489 2.37866 0 0 0 0
0.39361 2.36592 0 0 0 0
0.309606 2.32692 0 0 0 0
0.190574 2.3603 0 0 0 0
2.22535 2.34555 0 0 0 0
1.83602 2.12988 0 0 0 0
1.83804 2.08897 0 0 0 0
1.81101 2.04938 0 0 0 0
0.616793 2.11638 0 0 0 0
0.645138 2.14862 0 0 0 0
0.790414 2.08134 0 0 0 0
1.35701 2.21242 0 0 0 0
1.31324 2.18507 0 0 0 0
1.44214 2.25817 0 0 0 0
1.40019 2.28214 0 0 0 0
1.04712 2.18663 0 0 0 0
1.06084 2.21877 0 0 0 0
1.09818 2.23414 0 0 0 0
1.12997 2.20891 0 0 0 0
1.47924 2.42961 0 0 0 0
1.10382 2.39998 0 0 0 0
1.11924 2.35477 0 0 0 0
1.6326 2.13427 0 0 0 0
1.61448 2.16266 0 0 0 0
1.64635 2.16636 0 0 0 0
0.777783 2.18542 0 0 0 0
0.789952 2.21758 0 0 0 0
0.917655 2.13159 0 0 0 0
0.69401 2.31651 0 0 0 0
0.723213 2.32775 0 0 0 0
1.01243 2.22154 0 0 0 0
0.959709 2.22603 0 0 0 0
1.57921 2.17958 0 0 0 0
1.59057 2.13508 0 0 0 0
1.13654 2.12068 0 0 0 0
1.29719 2.0763 0 0 0 0
1.28429 2.16801 0 0 0 0
1.36879 2.06173 0 0 0 0
1.35941 2.16619 0 0 0 0
1.89533 2.3774 0 0 0 0
0.628194 2.41974 0 0 0 0
1.1585 2.35062 0 0 0 0
1.49372 2.2802 0 0 0 0
1.34193 2.34957 0 0 0 0
1.31547 2.32913 0 0 0 0
1.35301 2.38559 0 0 0 0
1.29248 2.42671 0 0 0 0
1.18585 2.32908 0 0 0 0
1.13842 2.42818 0 0 0 0
1.97047 2.20057 0 0 0 0
2.03317 2.182 0 0 0 0
2.0076 2.20764 0 0 0 0
0.506028 2.15848 0 0 0 0
0.489455 2.12764 0 0 0 0
0.787597 2.25782 0 0 0 0
0.828559 2.23424 0 0 0 0
0.803905 2.35883 0 0 0 0
1.55915 2.33473 0 0 0 0
1.69776 2.35917 0 0 0 0
1.74457 2.33932 0 0 0 0
1.09671 2.32205 0 0 0 0
1.35745 2.30987 0 0 0 0
0.979777 2.31768 0 0 0 0
1.64727 2.37915 0 0 0 0
1.66449 2.32902 0 0 0 0
1.52179 2.31903 0 0 0 0
1.35423 2.25972 0 0 0 0
0.981792 2.25296 0 0 0 0
1.85531 2.23039 0 0 0 0
0.735747 2.28672 0 0 0 0
0.691799 2.283 0 0 0 0
1.77657 2.32753 0 0 0 0
0.584031 2.08164 0 0 0 0
1.92012 2.07807 0 0 0 0
0.244548 2.31047 0 0 0 0
0.351067 2.34797 0 0 0 0
2.23664 2.42034 0 0 0 0
0.905005 2.09354 0 0 0 0
1.05146 2.08549 0 0 0 0
0.519361 2.1918 0 0 0 0
0.491235 2.20272 0 0 0 0
0.462989 2.14358 0 0 0 0
2.03304 2.14142 0 0 0 0
1.64694 2.43044 0 0 0 0
1.60657 2.41041 0 0 0 0
0.465194 2.30655 0 0 0 0
0.458001 2.26893 0 0 0 0
0.43836 2.33949 0 0 0 0
1.97436 2.34225 0 0 0 0
0.47441 2.4235 0 0 0 0
0.534355 2.47251 0 0 0 0
1.93854 2.40967 0 0 0 0
1.99875 2.46108 0 0 0 0
2.10523 2.3828 0 0 0 0
1.63577 2.30478 0 0 0 0
1.32768 2.41267 0 0 0 0
0.666628 2.1151 0 0 0 0
0.684352 2.15379 0 0 0 0
2.04402 2.26958 0 0 0 0
1.93912 2.17694 0 0 0 0
1.90501 2.15448 0 0 0 0
1.39988 2.23805 0 0 0 0
1.22618 2.32746 0 0 0 0
1.20483 2.07588 0 0 0 0
1.88244 2.11244 0 0 0 0
1.17295 2.19679 0 0 0 0
0.560864 2.06043 0 0 0 0
0.893156 2.37357 0 0 0 0
1.94533 2.36837 0 0 0 0
2.2174 2.30559 0 0 0 0
1.40339 2.32143 0 0 0 0
1.30721 0.129844 0 0 0 0
1.36 0.113929 0 0 0 0
1.33197 0.0875638 0 0 0 0
0.0776032 0.0320991 0 0 0 0
0.121753 0.0470994 0 0 0 0
0.162972 0.0746318 0 0 0 0
0.166712 0.114096 0 0 0 0
0.190677 0.139482 0 0 0 0
0.167707 0.0340207 0 0 0 0
0.196668 0.0483725 0 0 0 0
0.228819 0.146802 0 0 0 0
0.258008 0.115016 0 0 0 0
0.2131 0.0950031 0 0 0 0
0.266303 0.222251 0 0 0 0
0.245782 0.18983 0 0 0 0
0.237588 0.0421564 0 0 0 0
0.297424 0.0414008 0 0 0 0
0.372849 0.238428 0 0 0 0
0.382137 0.196075 0 0 0 0
0.343331 0.220419 0 0 0 0
0.322236 0.176455 0 0 0 0
0.30404 0.230087 0 0 0 0
0.363989 0.311186 0 0 0 0
0.340548 0.263849 0 0 0 0
0.425008 0.0548182 0 0 0 0
0.385513 0.0404889 0 0 0 0
0.391615 0.0799605 0 0 0 0
2.4224 0.0320991 0 0 0 0
2.37825 0.0470994 0 0 0 0
2.33228 0.0340927 0 0 0 0
2.2873 0.093321 0 0 0 0
2.33706 0.0747617 0 0 0 0
2.30322 0.0486026 0 0 0 0
2.26234 0.0421743 0 0 0 0
2.23628 0.0797464 0 0 0 0
2.33289 0.115404 0 0 0 0
2.14887 0.0622973 0 0 0 0
2.20242 0.0414306 0 0 0 0
2.22512 0.154483 0 0 0 0
2.2709 0.147362 0 0 0 0
2.24159 0.115608 0 0 0 0
2.11454 0.0411715 0 0 0 0
2.03785 0.0292435 0 0 0 0
2.15926 0.264115 0 0 0 0
2.19654 0.229896 0 0 0 0
2.15678 0.220015 0 0 0 0
2.19472 0.267733 0 0 0 0
1.99879 0.0391012 0 0 0 0
0.511392 0.221768 0 0 0 0
0.484742 0.259234 0 0 0 0
0.522602 0.266348 0 0 0 0
0.430322 0.0988468 0 0 0 0
0.477222 0.40611 0 0 0 0
0.424946 0.374383 0 0 0 0
0.444761 0.278279 0 0 0 0
0.411707 0.237961 0 0 0 0
0.39214 0.275627 0 0 0 0
2.03424 0.121113 0 0 0 0
1.98733 0.113281 0 0 0 0
2.01544 0.158054 0 0 0 0
1.87692 0.0417706 0 0 0 0
1.92626 0.0406803 0 0 0 0
2.1364 0.311172 0 0 0 0
2.08048 0.323357 0 0 0 0
2.11357 0.348847 0 0 0 0
1.90208 0.0737429 0 0 0 0
0.539922 0.461371 0 0 0 0
0.534355 0.0274908 0 0 0 0
0.574231 0.0413024 0 0 0 0
2.02321 0.406401 0 0 0 0
1.98635 0.382414 0 0 0 0
1.96521 0.418645 0 0 0 0
0.50404 0.44976 0 0 0 0
0.534665 0.418877 0 0 0 0
0.560173 0.439655 0 0 0 0
0.639981 0.440062 0 0 0 0
0.508366 0.341563 0 0 0 0
0.514046 0.382292 0 0 0 0
0.559055 0.372896 0 0 0 0
0.660833 0.0594577 0 0 0 0
0.692918 0.0841097 0 0 0 0
0.701356 0.0424185 0 0 0 0
0.744265 0.447933 0 0 0 0
0.627958 0.0814152 0 0 0 0
0.622075 0.0421186 0 0 0 0
0.597116 0.0755239 0 0 0 0
0.834448 0.403374 0 0 0 0
0.869948 0.42445 0 0 0 0
0.866401 0.377442 0 0 0 0
0.649147 0.214961 0 0 0 0
0.655017 0.155251 0 0 0 0
0.612979 0.176349 0 0 0 0
0.793721 0.461004 0 0 0 0
0.695466 0.413855 0 0 0 0
0.737509 0.3907 0 0 0 0
0.731275 0.0781239 0 0 0 0
0.745434 0.0357118 0 0 0 0
0.968668 0.3026 0 0 0 0
0.963362 0.361379 0 0 0 0
1.00977 0.333186 0 0 0 0
0.811887 0.0921978 0 0 0 0
0.815568 0.046683 0 0 0 0
0.776524 0.0648563 0 0 0 0
1.04189 0.461395 0 0 0 0
0.894126 0.0389408 0 0 0 0
0.849406 0.0309163 0 0 0 0
1.13635 0.374539 0 0 0 0
1.08991 0.358436 0 0 0 0
1.10765 0.407323 0 0 0 0
1.0205 0.11064 0 0 0 0
0.977938 0.135136 0 0 0 0
1.01979 0.164103 0 0 0 0
1.05423 0.410962 0 0 0 0
1.08983 0.455567 0 0 0 0
0.933265 0.115096 0 0 0 0
0.907416 0.14796 0 0 0 0
0.938292 0.164028 0 0 0 0
0.978089 0.408385 0 0 0 0
0.940288 0.407615 0 0 0 0
1.05781 0.081832 0 0 0 0
1.09587 0.0454005 0 0 0 0
1.04427 0.0386391 0 0 0 0
1.2013 0.465779 0 0 0 0
1.16489 0.451568 0 0 0 0
1.13823 0.0326124 0 0 0 0
1.16998 0.0501859 0 0 0 0
1.29687 0.464443 0 0 0 0
1.25 0.453701 0 0 0 0
1.96033 0.461428 0 0 0 0
1.9961 0.450082 0 0 0 0
1.7546 0.0357054 0 0 0 0
1.71608 0.0289277 0 0 0 0
1.91711 0.460052 0 0 0 0
1.66411 0.170414 0 0 0 0
1.66961 0.217492 0 0 0 0
1.70869 0.190861 0 0 0 0
1.85824 0.440209 0 0 0 0
1.7992 0.416854 0 0 0 0
1.80412 0.460499 0 0 0 0
1.76893 0.0780452 0 0 0 0
1.79868 0.0424035 0 0 0 0
1.69865 0.361983 0 0 0 0
1.63499 0.376884 0 0 0 0
1.66874 0.405209 0 0 0 0
1.63574 0.19529 0 0 0 0
1.62453 0.158928 0 0 0 0
1.5993 0.190166 0 0 0 0
1.75547 0.449889 0 0 0 0
1.68819 0.0923058 0 0 0 0
1.72348 0.0648563 0 0 0 0
1.68409 0.0469622 0 0 0 0
1.70586 0.461433 0 0 0 0
1.60627 0.0392704 0 0 0 0
1.56423 0.029546 0 0 0 0
1.56652 0.0660714 0 0 0 0
1.53631 0.458503 0 0 0 0
1.54755 0.408764 0 0 0 0
1.49686 0.430276 0 0 0 0
1.44185 0.0820877 0 0 0 0
1.45587 0.0379613 0 0 0 0
1.40404 0.0454509 0 0 0 0
1.58598 0.452038 0 0 0 0
1.63233 0.464004 0 0 0 0
1.47894 0.0704049 0 0 0 0
1.39589 0.354071 0 0 0 0
1.40577 0.397797 0 0 0 0
1.43994 0.358655 0 0 0 0
1.45195 0.245617 0 0 0 0
1.49113 0.220316 0 0 0 0
1.43428 0.200393 0 0 0 0
1.52027 0.0821549 0 0 0 0
1.47655 0.112138 0 0 0 0
1.37027 0.425369 0 0 0 0
1.33598 0.407519 0 0 0 0
1.33374 0.448256 0 0 0 0
1.25 0.0462584 0 0 0 0
1.36866 0.466402 0 0 0 0
1.20526 0.0346632 0 0 0 0
1.31964 0.298895 0 0 0 0
1.29607 0.260819 0 0 0 0
1.27692 0.287119 0 0 0 0
0.582441 0.45995 0 0 0 0
1.89533 0.122603 0 0 0 0
1.84545 0.15478 0 0 0 0
1.88499 0.175098 0 0 0 0
0.786099 0.242712 0 0 0 0
0.830825 0.218942 0 0 0 0
0.792911 0.191285 0 0 0 0
0.900601 0.405782 0 0 0 0
0.912233 0.450557 0 0 0 0
1.63126 0.424494 0 0 0 0
1.66923 0.444019 0 0 0 0
1.53614 0.0423881 0 0 0 0
0.999299 0.0373273 0 0 0 0
1.29474 0.0346632 0 0 0 0
1.32998 0.0499232 0 0 0 0
1.94553 0.132043 0 0 0 0
1.9332 0.177456 0 0 0 0
1.97437 0.158238 0 0 0 0
2.10872 0.275034 0 0 0 0
0.735747 0.213282 0 0 0 0
0.693632 0.183867 0 0 0 0
0.692681 0.218668 0 0 0 0
0.463037 0.0277032 0 0 0 0
1.55492 0.224114 0 0 0 0
1.58383 0.271026 0 0 0 0
1.62114 0.239447 0 0 0 0
1.11025 0.134813 0 0 0 0
1.10111 0.0982597 0 0 0 0
1.06821 0.13629 0 0 0 0
1.01728 0.279012 0 0 0 0
1.79208 0.131635 0 0 0 0
1.84237 0.105069 0 0 0 0
1.80708 0.0841097 0 0 0 0
0.878748 0.150312 0 0 0 0
0.892794 0.185702 0 0 0 0
0.739577 0.338638 0 0 0 0
0.746435 0.282193 0 0 0 0
0.706317 0.31325 0 0 0 0
1.19271 0.365743 0 0 0 0
1.15595 0.409565 0 0 0 0
1.20715 0.222704 0 0 0 0
1.2496 0.209131 0 0 0 0
1.22572 0.178028 0 0 0 0
0.70892 0.132044 0 0 0 0
0.657801 0.105137 0 0 0 0
0.829389 0.265045 0 0 0 0
1.85133 0.212504 0 0 0 0
1.65011 0.0297752 0 0 0 0
0.92589 0.270418 0 0 0 0
0.971964 0.25692 0 0 0 0
1.59221 0.151221 0 0 0 0
1.36172 0.0323581 0 0 0 0
0.31175 0.108331 0 0 0 0
0.366083 0.143752 0 0 0 0
0.36303 0.103215 0 0 0 0
0.35108 0.0624273 0 0 0 0
2.2175 0.194348 0 0 0 0
2.23375 0.222208 0 0 0 0
1.93883 0.0906591 0 0 0 0
1.90751 0.281181 0 0 0 0
1.97022 0.27353 0 0 0 0
1.93255 0.232272 0 0 0 0
0.510136 0.104495 0 0 0 0
0.525445 0.0623723 0 0 0 0
0.474366 0.0725472 0 0 0 0
0.517473 0.175143 0 0 0 0
0.472247 0.190459 0 0 0 0
2.12018 0.195631 0 0 0 0
2.07445 0.201127 0 0 0 0
2.08918 0.236197 0 0 0 0
1.89657 0.336031 0 0 0 0
1.93973 0.37151 0 0 0 0
1.94948 0.31973 0 0 0 0
0.59763 0.211456 0 0 0 0
0.563633 0.182702 0 0 0 0
0.560158 0.235625 0 0 0 0
0.418986 0.32406 0 0 0 0
0.386804 0.348752 0 0 0 0
1.41353 0.453394 0 0 0 0
1.24959 0.396735 0 0 0 0
1.30796 0.364413 0 0 0 0
1.24689 0.348306 0 0 0 0
1.04238 0.361853 0 0 0 0
1.01021 0.385602 0 0 0 0
1.62888 0.298214 0 0 0 0
1.57348 0.317778 0 0 0 0
0.788631 0.41027 0 0 0 0
0.77052 0.364235 0 0 0 0
0.831486 0.443376 0 0 0 0
0.867178 0.463677 0 0 0 0
0.692196 0.262562 0 0 0 0
0.765077 0.110815 0 0 0 0
1.83919 0.0594463 0 0 0 0
1.51845 0.136906 0 0 0 0
1.55828 0.166662 0 0 0 0
1.56642 0.116005 0 0 0 0
1.64703 0.0696272 0 0 0 0
1.64749 0.120731 0 0 0 0
0.941371 0.215668 0 0 0 0
0.878509 0.237041 0 0 0 0
0.935659 0.029275 0 0 0 0
0.933164 0.0652328 0 0 0 0
1.81284 0.256858 0 0 0 0
1.75497 0.279621 0 0 0 0
1.79945 0.306034 0 0 0 0
0.692896 0.360878 0 0 0 0
1.13529 0.0717858 0 0 0 0
1.25014 0.099597 0 0 0 0
1.19363 0.131306 0 0 0 0
1.25 0.141572 0 0 0 0
1.43236 0.138287 0 0 0 0
1.47853 0.164933 0 0 0 0
0.872638 0.297596 0 0 0 0
1.05199 0.318106 0 0 0 0
1.06344 0.27951 0 0 0 0
1.34208 0.243724 0 0 0 0
1.40464 0.25287 0 0 0 0
1.37879 0.203575 0 0 0 0
1.61445 0.340338 0 0 0 0
0.5631 0.280553 0 0 0 0
0.608696 0.302775 0 0 0 0
0.603382 0.252553 0 0 0 0
0.780407 0.323784 0 0 0 0
0.792022 0.284977 0 0 0 0
1.79449 0.377707 0 0 0 0
1.76397 0.340585 0 0 0 0
1.75417 0.394202 0 0 0 0
1.29109 0.221604 0 0 0 0
1.25059 0.252751 0 0 0 0
1.19608 0.269137 0 0 0 0
1.2354 0.304014 0 0 0 0
1.53918 0.35613 0 0 0 0
1.52514 0.312662 0 0 0 0
1.48913 0.340242 0 0 0 0
1.50908 0.384603 0 0 0 0
1.47584 0.385372 0 0 0 0
1.00923 0.43697 0 0 0 0
0.964774 0.450894 0 0 0 0
0.660299 0.316217 0 0 0 0
0.627451 0.340985 0 0 0 0
2.07552 0.374507 0 0 0 0
1.84984 0.306894 0 0 0 0
1.86286 0.260452 0 0 0 0
1.74483 0.160595 0 0 0 0
1.73515 0.110752 0 0 0 0
0.783857 0.0288718 0 0 0 0
2.13679 0.103341 0 0 0 0
2.18769 0.108544 0 0 0 0
2.12725 0.237656 0 0 0 0
0.305047 0.266985 0 0 0 0
1.46036 0.459923 0 0 0 0
1.40901 0.310289 0 0 0 0
1.36056 0.331752 0 0 0 0
1.13257 0.469753 0 0 0 0
1.09792 0.304169 0 0 0 0
0.815776 0.36133 0 0 0 0
0.823634 0.311796 0 0 0 0
1.68217 0.309794 0 0 0 0
1.65242 0.338071 0 0 0 0
0.430019 0.202677 0 0 0 0
0.428732 0.152833 0 0 0 0
2.01436 0.258007 0 0 0 0
1.99036 0.210356 0 0 0 0
1.89102 0.239361 0 0 0 0
1.89965 0.208147 0 0 0 0
2.05593 0.277684 0 0 0 0
2.03587 0.319489 0 0 0 0
1.0668 0.198216 0 0 0 0
0.963252 0.0422015 0 0 0 0
1.606 0.0887179 0 0 0 0
1.50017 0.037683 0 0 0 0
0.466662 0.116159 0 0 0 0
1.97378 0.0645154 0 0 0 0
2.07502 0.0552624 0 0 0 0
2.07033 0.100684 0 0 0 0
2.10838 0.0803979 0 0 0 0
2.10454 0.117586 0 0 0 0
0.274391 0.153687 0 0 0 0
2.17772 0.176412 0 0 0 0
2.30933 0.139708 0 0 0 0
1.88305 0.383796 0 0 0 0
1.85483 0.351381 0 0 0 0
1.70959 0.418664 0 0 0 0
0.660866 0.389782 0 0 0 0
0.694526 0.459701 0 0 0 0
1.14494 0.284811 0 0 0 0
1.18603 0.314842 0 0 0 0
1.09988 0.250292 0 0 0 0
1.12241 0.200635 0 0 0 0
1.45375 0.313171 0 0 0 0
1.44167 0.280154 0 0 0 0
1.3673 0.286598 0 0 0 0
1.36084 0.157489 0 0 0 0
1.39074 0.13481 0 0 0 0
1.02008 0.0698441 0 0 0 0
0.885424 0.341069 0 0 0 0
0.85157 0.338045 0 0 0 0
1.7226 0.314443 0 0 0 0
1.70893 0.282284 0 0 0 0
1.58407 0.368528 0 0 0 0
1.80599 0.183487 0 0 0 0
1.77679 0.17225 0 0 0 0
1.489 0.278826 0 0 0 0
1.54075 0.275575 0 0 0 0
0.922376 0.323421 0 0 0 0
0.914133 0.368843 0 0 0 0
1.36395 0.378848 0 0 0 0
1.20271 0.423626 0 0 0 0
1.21592 0.334016 0 0 0 0
1.13018 0.438755 0 0 0 0
1.14064 0.333328 0 0 0 0
0.601963 0.124839 0 0 0 0
1.87163 0.0792299 0 0 0 0
1.0069 0.219857 0 0 0 0
1.17374 0.188815 0 0 0 0
1.13994 0.157233 0 0 0 0
1.32592 0.18908 0 0 0 0
1.14127 0.113893 0 0 0 0
1.20523 0.0743014 0 0 0 0
1.3648 0.071044 0 0 0 0
0.529188 0.301558 0 0 0 0
0.465471 0.319171 0 0 0 0
0.491483 0.295308 0 0 0 0
1.99436 0.341744 0 0 0 0
2.01032 0.371831 0 0 0 0
1.71372 0.242211 0 0 0 0
1.67117 0.265354 0 0 0 0
1.69781 0.140599 0 0 0 0
0.804026 0.141119 0 0 0 0
0.75543 0.160675 0 0 0 0
1.10124 0.166165 0 0 0 0
1.52026 0.182587 0 0 0 0
0.854608 0.118444 0 0 0 0
0.844244 0.173299 0 0 0 0
0.977384 0.180113 0 0 0 0
1.15545 0.237224 0 0 0 0
1.51918 0.248116 0 0 0 0
0.643911 0.269998 0 0 0 0
0.651315 0.358467 0 0 0 0
1.76425 0.213282 0 0 0 0
1.8082 0.216998 0 0 0 0
0.723432 0.172467 0 0 0 0
1.91561 0.418679 0 0 0 0
0.583664 0.41842 0 0 0 0
0.263359 0.0794679 0 0 0 0
2.25434 0.188742 0 0 0 0
2.13366 0.143689 0 0 0 0
1.59577 0.406798 0 0 0 0
1.44887 0.414765 0 0 0 0
0.463758 0.356644 0 0 0 0
1.98086 0.308022 0 0 0 0
2.00937 0.297084 0 0 0 0
2.03735 0.356765 0 0 0 0
0.853664 0.0689575 0 0 0 0
0.894415 0.0881603 0 0 0 0
2.03922 0.191006 0 0 0 0
0.541134 0.13597 0 0 0 0
2.04373 0.229872 0 0 0 0
2.07403 0.153867 0 0 0 0
0.558906 0.0901138 0 0 0 0
0.501295 0.0388538 0 0 0 0
2.0258 0.0758798 0 0 0 0
1.96565 0.0274908 0 0 0 0
0.39555 0.116763 0 0 0 0
0.893982 0.124661 0 0 0 0
0.861593 0.203746 0 0 0 0
1.39896 0.0976015 0 0 0 0
1.16828 0.0885468 0 0 0 0
1.83332 0.384967 0 0 0 0
1.81565 0.346211 0 0 0 0
0.457665 0.232165 0 0 0 0
0.56039 0.324017 0 0 0 0
0.595202 0.344038 0 0 0 0
0.490977 0.146092 0 0 0 0
1.05013 0.245971 0 0 0 0
0.978547 0.080782 0 0 0 0
1.27547 0.178243 0 0 0 0
1.29517 0.424123 0 0 0 0
1.3994 0.167307 0 0 0 0
1.27736 0.32055 0 0 0 0
1.93911 0.439789 0 0 0 0
0.618106 0.379446 0 0 0 0
