1347 0
1347 15
1348 16
1348 17
523 36
525 36
527 36
529 36
522 37
524 37
528 37
530 37
533 37
535 37
536 37
522 38
524 38
534 38
537 38
539 38
540 38
521 39
525 39
531 39
538 39
541 39
545 39
547 39
522 40
524 40
534 40
537 40
546 40
548 40
555 40
521 41
524 41
538 41
543 41
556 41
558 41
521 42
544 42
548 42
557 42
559 42
564 42
566 42
520 43
549 43
555 43
565 43
567 43
570 43
521 44
523 44
556 44
562 44
571 44
575 44
577 44
520 45
563 45
567 45
576 45
578 45
582 45
584 45
568 46
573 46
583 46
585 46
587 46
588 46
574 47
578 47
586 47
589 47
593 47
595 47
523 48
579 48
585 48
594 48
596 48
597 48
599 48
520 49
586 49
591 49
598 49
600 49
604 49
606 49
340 50
342 50
349 50
351 50
519 50
522 50
592 50
596 50
605 50
607 50
612 50
614 50
336 51
339 51
341 51
350 51
352 51
520 51
597 51
603 51
613 51
615 51
616 51
618 51
328 52
330 52
335 52
347 52
349 52
351 52
353 52
519 52
604 52
608 52
617 52
619 52
622 52
624 52
625 52
324 53
326 53
327 53
329 53
340 53
346 53
350 53
352 53
522 53
609 53
614 53
623 53
626 53
628 53
316 54
318 54
323 54
325 54
332 54
339 54
350 54
353 54
615 54
620 54
627 54
629 54
634 54
636 54
307 55
309 55
315 55
317 55
327 55
331 55
351 55
353 55
621 55
624 55
626 55
635 55
637 55
641 55
643 55
303 56
305 56
306 56
308 56
319 56
326 56
354 56
521 56
627 56
632 56
642 56
644 56
645 56
647 56
295 57
297 57
302 57
304 57
314 57
318 57
354 57
519 57
633 57
637 57
646 57
648 57
650 57
651 57
290 58
292 58
294 58
296 58
307 58
313 58
353 58
518 58
638 58
643 58
649 58
652 58
282 59
284 59
289 59
291 59
300 59
306 59
351 59
354 59
519 59
644 59
648 59
650 59
651 59
274 60
276 60
281 60
283 60
293 60
298 60
518 60
521 60
652 60
270 61
272 61
273 61
275 61
286 61
292 61
517 61
520 61
649 61
261 62
269 62
271 62
280 62
285 62
352 62
517 62
257 63
259 63
260 63
273 63
279 63
518 63
652 63
249 64
251 64
256 64
258 64
267 64
272 64
352 64
354 64
517 64
520 64
649 64
651 64
240 65
242 65
248 65
250 65
260 65
264 65
355 65
652 65
236 66
239 66
241 66
253 66
259 66
354 66
520 66
649 66
651 66
232 67
235 67
247 67
252 67
352 67
355 67
231 68
240 68
246 68
355 68
517 68
648 68
232 69
239 69
353 69
356 69
516 69
519 69
231 70
355 70
517 70
356 71
516 71
519 71
648 71
651 71
516 72
650 72
231 73
234 73
515 73
647 73
651 73
232 74
353 74
516 74
518 74
650 74
231 75
515 75
649 75
232 76
234 76
647 76
650 76
354 77
356 77
649 77
357 78
518 78
647 78
356 79
515 79
235 80
354 80
357 80
514 80
517 80
646 80
232 81
515 81
649 81
233 82
355 82
514 82
648 82
232 83
517 83
646 83
649 83
233 84
235 84
355 84
648 84
233 85
240 85
357 85
645 85
648 85
234 86
235 86
237 86
239 86
358 86
516 86
647 86
233 87
235 87
241 87
357 87
514 87
648 87
234 88
236 88
238 88
355 88
358 88
513 88
647 88
239 89
356 89
358 89
514 89
645 89
359 90
513 90
516 90
241 91
358 91
512 91
515 91
644 91
236 92
237 92
239 92
359 92
512 92
647 92
235 93
238 93
513 93
646 93
236 94
237 94
239 94
242 94
356 94
512 94
644 94
647 94
235 95
238 95
515 95
647 95
646 96
238 97
643 97
357 98
359 98
512 98
360 99
511 99
514 99
359 100
512 100
646 100
235 101
357 101
360 101
511 101
514 101
643 101
645 101
236 102
238 102
360 102
511 102
646 102
235 103
358 103
361 103
510 103
513 103
642 103
645 103
236 104
360 104
511 104
645 104
236 105
239 105
361 105
510 105
644 105
237 106
642 106
645 106
236 107
513 107
644 107
237 108
358 108
642 108
239 109
510 109
359 110
361 110
509 110
512 110
641 110
362 111
510 111
644 111
362 112
509 112
643 112
361 113
512 113
641 113
644 113
237 114
240 114
362 114
643 114
238 115
362 115
640 115
643 115
237 116
358 116
359 116
361 116
511 116
642 116
238 117
349 117
357 117
360 117
362 117
509 117
643 117
240 118
344 118
348 118
359 118
361 118
508 118
642 118
238 119
241 119
350 119
352 119
358 119
360 119
509 119
640 119
239 120
344 120
347 120
349 120
351 120
508 120
511 120
238 121
507 121
510 121
639 121
239 122
345 122
507 122
533 122
536 122
642 122
241 123
508 123
537 123
542 123
641 123
345 124
507 124
543 124
547 124
639 124
642 124
241 125
510 125
533 125
535 125
536 125
538 125
548 125
553 125
642 125
344 126
347 126
536 126
537 126
539 126
544 126
546 126
554 126
558 126
641 126
239 127
242 127
336 127
342 127
345 127
346 127
532 127
535 127
545 127
547 127
550 127
559 127
565 127
638 127
240 128
329 128
335 128
347 128
507 128
534 128
551 128
554 128
556 128
566 128
572 128
239 129
324 129
328 129
338 129
340 129
346 129
506 129
509 129
535 129
555 129
557 129
562 129
564 129
573 129
577 129
239 130
316 130
323 130
336 130
337 130
339 130
507 130
532 130
535 130
563 130
565 130
578 130
583 130
641 130
240 131
242 131
311 131
315 131
325 131
327 131
335 131
506 131
509 131
534 131
566 131
573 131
575 131
584 131
587 131
638 131
640 131
303 132
310 132
317 132
319 132
324 132
326 132
506 132
574 132
576 132
580 132
583 132
590 132
595 132
641 132
295 133
302 133
313 133
315 133
316 133
318 133
505 133
508 133
581 133
582 133
584 133
587 133
595 133
601 133
637 133
640 133
243 134
290 134
294 134
304 134
306 134
312 134
314 134
506 134
531 134
585 134
586 134
588 134
591 134
593 134
602 134
606 134
640 134
282 135
289 135
300 135
303 135
305 135
505 135
534 135
592 135
594 135
595 135
597 135
607 135
613 135
639 135
277 136
281 136
291 136
293 136
299 136
533 136
596 136
598 136
602 136
604 136
614 136
617 136
637 136
640 136
240 137
269 137
275 137
283 137
285 137
290 137
292 137
508 137
534 137
603 137
605 137
610 137
612 137
619 137
625 137
639 137
241 138
243 138
261 138
268 138
281 138
282 138
284 138
531 138
533 138
611 138
613 138
614 138
616 138
626 138
630 138
637 138
639 138
240 139
256 139
260 139
270 139
272 139
280 139
505 139
530 139
533 139
615 139
617 139
620 139
623 139
631 139
636 139
638 139
241 140
243 140
248 140
255 140
266 140
268 140
269 140
271 140
504 140
507 140
532 140
621 140
622 140
624 140
626 140
637 140
639 140
242 141
244 141
247 141
258 141
260 141
265 141
267 141
505 141
533 141
625 141
627 141
636 141
638 141
241 142
243 142
249 142
251 142
257 142
259 142
504 142
530 142
532 142
242 143
244 143
248 143
250 143
507 143
530 144
506 146
529 146
532 146
531 147
506 148
532 148
504 149
529 149
531 149
505 150
507 150
511 150
504 151
512 151
516 151
528 151
505 152
509 152
511 152
517 152
523 152
531 152
510 153
512 153
515 153
524 153
527 153
529 153
530 153
513 154
514 154
516 154
520 154
522 154
528 154
531 154
521 155
523 155
527 155
529 155
530 155
521 162
522 162
524 162
525 162
527 162
528 162
520 163
523 163
526 163
529 163
520 164
522 164
527 164
531 164
378 165
379 165
381 165
382 165
384 165
385 165
519 165
524 165
526 165
532 165
533 165
376 166
377 166
380 166
383 166
386 166
520 166
523 166
527 166
530 166
531 166
534 166
535 166
373 167
375 167
378 167
384 167
386 167
519 167
522 167
529 167
533 167
536 167
371 168
372 168
374 168
376 168
380 168
383 168
385 168
387 168
518 168
531 168
534 168
535 168
537 168
538 168
368 169
370 169
372 169
377 169
378 169
386 169
513 169
515 169
517 169
519 169
521 169
533 169
536 169
539 169
540 169
364 170
366 170
367 170
374 170
375 170
384 170
387 170
511 170
512 170
514 170
518 170
534 170
538 170
541 170
542 170
362 171
363 171
365 171
371 171
373 171
384 171
387 171
510 171
513 171
515 171
517 171
520 171
536 171
540 171
543 171
358 172
361 172
363 172
369 172
370 172
385 172
388 172
512 172
514 172
518 172
519 172
538 172
542 172
544 172
546 172
356 173
357 173
365 173
367 173
387 173
388 173
510 173
511 173
540 173
543 173
547 173
353 174
355 174
358 174
363 174
364 174
385 174
389 174
509 174
513 174
542 174
545 174
546 174
548 174
549 174
350 175
352 175
356 175
359 175
361 175
386 175
388 175
509 175
510 175
543 175
544 175
547 175
550 175
551 175
348 176
349 176
353 176
357 176
358 176
389 176
508 176
512 176
545 176
546 176
549 176
552 176
553 176
344 177
346 177
347 177
349 177
354 177
355 177
386 177
389 177
508 177
547 177
551 177
554 177
555 177
342 178
343 178
345 178
351 178
353 178
390 178
507 178
509 178
511 178
549 178
550 178
552 178
553 178
556 178
339 179
341 179
343 179
344 179
348 179
350 179
387 179
389 179
390 179
507 179
508 179
510 179
551 179
554 179
555 179
557 179
558 179
335 180
338 180
340 180
345 180
347 180
387 180
391 180
506 180
510 180
553 180
556 180
559 180
561 180
333 181
334 181
339 181
343 181
344 181
388 181
390 181
505 181
507 181
509 181
554 181
555 181
558 181
562 181
330 182
332 182
335 182
340 182
341 182
388 182
391 182
505 182
506 182
509 182
556 182
557 182
560 182
561 182
563 182
564 182
328 183
329 183
333 183
336 183
338 183
392 183
504 183
508 183
558 183
559 183
562 183
565 183
325 184
327 184
329 184
334 184
335 184
389 184
391 184
505 184
560 184
563 184
564 184
566 184
568 184
321 185
323 185
324 185
331 185
332 185
389 185
392 185
504 185
507 185
562 185
565 185
569 185
570 185
319 186
320 186
322 186
328 186
329 186
393 186
503 186
563 186
564 186
567 186
568 186
571 186
315 187
318 187
320 187
325 187
327 187
390 187
393 187
502 187
504 187
506 187
565 187
566 187
569 187
570 187
572 187
573 187
314 188
322 188
324 188
390 188
392 188
394 188
502 188
503 188
568 188
571 188
574 188
575 188
310 189
313 189
315 189
319 189
321 189
391 189
393 189
501 189
505 189
569 189
573 189
576 189
577 189
581 189
582 189
584 189
586 189
588 189
589 189
306 190
309 190
316 190
318 190
394 190
500 190
502 190
571 190
575 190
578 190
580 190
583 190
587 190
590 190
591 190
305 191
310 191
313 191
315 191
391 191
394 191
501 191
504 191
573 191
576 191
577 191
580 191
582 191
584 191
586 191
588 191
589 191
592 191
593 191
301 192
303 192
304 192
306 192
311 192
312 192
395 192
500 192
575 192
578 192
579 192
583 192
587 192
591 192
594 192
595 192
300 193
302 193
308 193
310 193
392 193
394 193
395 193
499 193
503 193
576 193
577 193
580 193
583 193
589 193
592 193
593 193
596 193
296 194
298 194
301 194
304 194
306 194
392 194
396 194
499 194
500 194
502 194
578 194
579 194
582 194
591 194
594 194
595 194
597 194
598 194
292 195
294 195
295 195
297 195
302 195
303 195
395 195
498 195
502 195
580 195
582 195
593 195
596 195
599 195
601 195
290 196
291 196
293 196
296 196
299 196
301 196
393 196
396 196
497 196
499 196
501 196
594 196
595 196
598 196
602 196
286 197
289 197
292 197
297 197
298 197
393 197
397 197
497 197
498 197
501 197
596 197
600 197
602 197
604 197
285 198
290 198
293 198
295 198
396 198
496 198
500 198
598 198
605 198
281 199
284 199
286 199
291 199
292 199
394 199
397 199
496 199
497 199
600 199
603 199
604 199
606 199
608 199
278 200
280 200
288 200
289 200
397 200
495 200
499 200
602 200
605 200
609 200
610 200
276 201
277 201
279 201
281 201
285 201
286 201
395 201
398 201
495 201
496 201
604 201
607 201
608 201
611 201
272 202
274 202
275 202
277 202
282 202
284 202
397 202
398 202
494 202
498 202
606 202
609 202
610 202
612 202
613 202
270 203
271 203
273 203
279 203
281 203
395 203
399 203
495 203
608 203
611 203
614 203
615 203
267 204
269 204
272 204
276 204
278 204
396 204
398 204
493 204
494 204
497 204
609 204
613 204
616 204
263 205
266 205
268 205
273 205
275 205
396 205
399 205
492 205
611 205
615 205
617 205
619 205
261 206
262 206
267 206
271 206
272 206
400 206
493 206
494 206
496 206
613 206
616 206
620 206
260 207
263 207
268 207
269 207
397 207
400 207
492 207
495 207
615 207
618 207
619 207
621 207
259 208
261 208
264 208
267 208
397 208
399 208
491 208
495 208
617 208
620 208
260 209
262 209
263 209
400 209
492 209
494 209
621 209
259 210
398 210
400 210
490 210
491 210
494 210
621 210
624 210
625 210
627 210
628 210
258 211
260 211
398 211
401 211
489 211
493 211
622 211
623 211
626 211
629 211
630 211
258 212
260 212
402 212
489 212
493 212
624 212
628 212
631 212
259 213
261 213
399 213
401 213
488 213
490 213
492 213
626 213
629 213
630 213
632 213
633 213
258 214
261 214
399 214
402 214
489 214
628 214
631 214
634 214
635 214
258 215
262 215
403 215
488 215
491 215
630 215
633 215
636 215
638 215
259 216
262 216
400 216
402 216
403 216
490 216
631 216
632 216
635 216
639 216
260 217
400 217
404 217
488 217
490 217
633 217
638 217
640 217
641 217
258 218
259 218
263 218
401 218
403 218
489 218
635 218
639 218
642 218
254 219
256 219
257 219
259 219
401 219
404 219
488 219
490 219
493 219
637 219
640 219
641 219
643 219
645 219
250 220
253 220
255 220
261 220
263 220
488 220
491 220
494 220
495 220
639 220
642 220
646 220
248 221
249 221
254 221
257 221
259 221
489 221
490 221
493 221
496 221
497 221
505 221
640 221
641 221
644 221
645 221
647 221
648 221
245 222
247 222
250 222
255 222
256 222
404 222
491 222
492 222
495 222
498 222
499 222
504 222
507 222
642 222
643 222
646 222
649 222
650 222
243 223
244 223
248 223
251 223
253 223
400 223
403 223
493 223
494 223
497 223
500 223
504 223
508 223
644 223
645 223
648 223
651 223
240 224
242 224
245 224
250 224
398 224
399 224
401 224
402 224
404 224
495 224
496 224
498 224
499 224
502 224
503 224
505 224
507 224
510 224
646 224
650 224
652 224
654 224
236 225
238 225
239 225
246 225
247 225
394 225
396 225
400 225
404 225
497 225
504 225
508 225
509 225
512 225
513 225
648 225
655 225
656 225
234 226
235 226
237 226
243 226
245 226
392 226
393 226
401 226
403 226
498 226
503 226
505 226
507 226
514 226
650 226
653 226
654 226
657 226
231 227
233 227
235 227
240 227
242 227
389 227
390 227
394 227
397 227
400 227
508 227
510 227
512 227
513 227
516 227
652 227
655 227
656 227
658 227
660 227
229 228
230 228
232 228
234 228
237 228
239 228
386 228
388 228
391 228
393 228
395 228
396 228
511 228
514 228
517 228
518 228
653 228
654 228
657 228
661 228
225 229
228 229
230 229
235 229
236 229
383 229
384 229
392 229
394 229
512 229
513 229
515 229
516 229
519 229
520 229
655 229
659 229
660 229
662 229
663 229
221 230
224 230
232 230
234 230
380 230
382 230
385 230
388 230
390 230
391 230
514 230
518 230
521 230
522 230
657 230
661 230
664 230
665 230
220 231
225 231
228 231
231 231
377 231
378 231
384 231
386 231
387 231
389 231
515 231
517 231
520 231
523 231
659 231
663 231
666 231
216 232
219 232
221 232
226 232
227 232
374 232
375 232
380 232
382 232
383 232
385 232
518 232
519 232
521 232
522 232
525 232
661 232
664 232
665 232
667 232
669 232
215 233
223 233
225 233
371 233
373 233
376 233
381 233
520 233
523 233
524 233
527 233
662 233
663 233
666 233
670 233
211 234
213 234
214 234
216 234
220 234
221 234
369 234
370 234
375 234
377 234
380 234
521 234
522 234
525 234
529 234
664 234
665 234
668 234
669 234
671 234
672 234
207 235
209 235
210 235
212 235
218 235
219 235
365 235
368 235
371 235
376 235
523 235
524 235
527 235
530 235
667 235
670 235
673 235
675 235
205 236
206 236
208 236
211 236
214 236
216 236
363 236
364 236
372 236
375 236
525 236
526 236
529 236
532 236
668 236
672 236
676 236
202 237
204 237
207 237
212 237
213 237
359 237
362 237
366 237
368 237
371 237
527 237
528 237
530 237
531 237
534 237
535 237
670 237
674 237
677 237
678 237
201 238
205 238
208 238
210 238
357 238
358 238
364 238
366 238
367 238
529 238
533 238
536 238
672 238
676 238
679 238
202 239
204 239
206 239
207 239
354 239
356 239
360 239
362 239
363 239
365 239
530 239
532 239
534 239
535 239
538 239
674 239
677 239
678 239
680 239
681 239
201 240
351 240
353 240
359 240
361 240
533 240
536 240
539 240
540 240
553 240
675 240
676 240
679 240
682 240
348 241
350 241
357 241
358 241
360 241
534 241
535 241
538 241
541 241
542 241
552 241
555 241
677 241
680 241
681 241
345 242
347 242
351 242
354 242
356 242
536 242
537 242
540 242
544 242
554 242
557 242
679 242
682 242
201 243
204 243
343 243
344 243
352 243
353 243
538 243
539 243
542 243
545 243
551 243
555 243
558 243
559 243
680 243
202 244
204 244
340 244
341 244
346 244
348 244
351 244
540 244
541 244
543 244
544 244
547 244
550 244
553 244
554 244
557 244
561 244
680 244
201 245
337 245
339 245
342 245
347 245
542 245
545 245
546 245
548 245
549 245
551 245
552 245
554 245
555 245
559 245
562 245
679 245
202 246
205 246
334 246
335 246
341 246
343 246
346 246
543 246
544 246
547 246
551 246
553 246
556 246
558 246
561 246
564 246
679 246
203 247
205 247
331 247
332 247
337 247
339 247
340 247
342 247
545 247
546 247
548 247
550 247
552 247
559 247
560 247
562 247
563 247
566 247
678 247
681 247
683 247
202 248
206 248
328 248
329 248
333 248
337 248
338 248
561 248
565 248
568 248
678 248
684 248
203 249
204 249
326 249
327 249
331 249
334 249
336 249
562 249
564 249
566 249
567 249
570 249
680 249
683 249
203 250
322 250
324 250
328 250
332 250
333 250
565 250
568 250
572 250
684 250
204 251
206 251
319 251
321 251
329 251
331 251
566 251
567 251
570 251
573 251
574 251
682 251
203 252
316 252
318 252
322 252
323 252
325 252
328 252
568 252
569 252
571 252
572 252
575 252
576 252
203 253
206 253
314 253
315 253
321 253
323 253
324 253
570 253
574 253
577 253
681 253
684 253
204 254
206 254
311 254
312 254
317 254
319 254
320 254
322 254
571 254
573 254
575 254
576 254
579 254
683 254
203 255
308 255
310 255
317 255
318 255
574 255
577 255
581 255
680 255
682 255
684 255
204 256
207 256
306 256
307 256
312 256
314 256
316 256
575 256
576 256
583 256
683 256
205 257
207 257
304 257
308 257
311 257
313 257
577 257
579 257
581 257
585 257
679 257
681 257
682 257
204 258
305 258
309 258
310 258
580 258
583 258
587 258
678 258
682 258
205 259
208 259
307 259
308 259
581 259
582 259
584 259
585 259
588 259
589 259
678 259
681 259
205 260
208 260
307 260
583 260
586 260
587 260
590 260
677 260
680 260
206 261
301 261
303 261
305 261
306 261
584 261
585 261
589 261
592 261
679 261
681 261
205 262
209 262
298 262
300 262
304 262
307 262
586 262
588 262
590 262
594 262
676 262
680 262
206 263
207 263
209 263
296 263
297 263
303 263
305 263
306 263
589 263
592 263
595 263
596 263
676 263
678 263
679 263
206 264
293 264
294 264
299 264
301 264
302 264
304 264
590 264
591 264
597 264
598 264
675 264
207 265
210 265
290 265
292 265
295 265
298 265
300 265
592 265
596 265
599 265
677 265
679 265
207 266
287 266
288 266
294 266
296 266
297 266
299 266
593 266
595 266
598 266
601 266
674 266
678 266
208 267
210 267
284 267
285 267
290 267
292 267
293 267
295 267
596 267
597 267
599 267
603 267
673 267
676 267
677 267
207 268
209 268
211 268
281 268
282 268
286 268
291 268
598 268
601 268
602 268
604 268
605 268
673 268
677 268
208 269
211 269
279 269
280 269
284 269
287 269
290 269
599 269
600 269
603 269
606 269
607 269
672 269
675 269
676 269
208 270
212 270
275 270
278 270
281 270
286 270
601 270
602 270
605 270
609 270
672 270
674 270
676 270
209 271
212 271
273 271
274 271
282 271
285 271
603 271
604 271
607 271
675 271
210 272
270 272
272 272
276 272
278 272
281 272
605 272
606 272
608 272
612 272
671 272
673 272
674 272
209 273
213 273
267 273
269 273
274 273
276 273
277 273
607 273
610 273
614 273
670 273
672 273
674 273
210 274
264 274
266 274
270 274
272 274
273 274
275 274
608 274
609 274
612 274
616 274
673 274
211 275
213 275
261 275
263 275
269 275
271 275
610 275
614 275
618 275
669 275
673 275
210 276
214 276
258 276
260 276
267 276
268 276
270 276
611 276
613 276
616 276
619 276
620 276
671 276
672 276
211 277
212 277
214 277
256 277
257 277
261 277
264 277
266 277
614 277
615 277
617 277
618 277
621 277
622 277
668 277
672 277
211 278
253 278
254 278
262 278
263 278
616 278
618 278
623 278
624 278
670 278
671 278
212 279
250 279
251 279
256 279
258 279
261 279
617 279
619 279
622 279
625 279
667 279
669 279
212 280
215 280
247 280
249 280
252 280
257 280
620 280
623 280
624 280
627 280
666 280
671 280
213 281
215 281
244 281
245 281
251 281
253 281
256 281
621 281
622 281
625 281
629 281
666 281
669 281
670 281
212 282
216 282
241 282
242 282
247 282
249 282
250 282
252 282
623 282
624 282
626 282
627 282
631 282
665 282
668 282
213 283
214 283
238 283
240 283
243 283
247 283
248 283
310 283
312 283
337 283
339 283
340 283
625 283
629 283
632 283
633 283
665 283
667 283
669 283
213 284
216 284
236 284
242 284
244 284
246 284
309 284
311 284
338 284
341 284
348 284
350 284
626 284
628 284
630 284
631 284
634 284
664 284
668 284
214 285
236 285
242 285
243 285
310 285
312 285
337 285
349 285
351 285
629 285
632 285
633 285
636 285
664 285
666 285
667 285
214 286
217 286
239 286
241 286
309 286
311 286
338 286
348 286
350 286
630 286
631 286
638 286
663 286
667 286
215 287
237 287
309 287
349 287
351 287
632 287
634 287
636 287
640 287
663 287
665 287
666 287
214 288
218 288
237 288
308 288
635 288
638 288
642 288
662 288
664 288
666 288
215 289
218 289
239 289
309 289
311 289
636 289
637 289
640 289
643 289
665 289
216 290
235 290
236 290
238 290
308 290
638 290
641 290
642 290
645 290
661 290
665 290
215 291
219 291
233 291
234 291
237 291
239 291
310 291
639 291
640 291
644 291
647 291
652 291
654 291
663 291
664 291
216 292
217 292
219 292
230 292
232 292
236 292
238 292
641 292
643 292
645 292
648 292
649 292
652 292
655 292
656 292
660 292
662 292
664 292
216 293
226 293
228 293
234 293
236 293
237 293
310 293
644 293
647 293
650 293
651 293
653 293
654 293
657 293
659 293
661 293
663 293
217 294
224 294
225 294
230 294
232 294
233 294
235 294
645 294
646 294
648 294
652 294
655 294
660 294
662 294
218 295
219 295
221 295
223 295
226 295
231 295
310 295
647 295
649 295
651 295
653 295
654 295
656 295
660 295
662 295
217 296
227 296
230 296
655 296
657 296
659 296
661 296
218 297
226 297
310 297
349 305
349 307
308 309
310 309
349 309
309 310
311 310
319 310
308 311
310 311
349 311
309 312
311 312
317 312
319 312
348 313
348 315
319 316
319 318
348 321
317 322
319 322
351 322
318 323
320 323
350 323
317 324
319 324
351 324
317 325
319 325
348 325
351 325
318 326
320 326
347 326
349 326
350 326
423 398
424 398
426 398
435 398
437 398
422 399
425 399
436 399
438 399
461 399
463 399
420 400
421 400
423 400
424 400
426 400
434 400
462 400
464 400
468 400
419 401
422 401
425 401
435 401
456 401
469 401
418 402
419 402
421 402
424 402
457 402
465 402
467 402
470 402
417 403
420 403
423 403
466 403
471 403
416 404
419 404
467 404
469 404
471 404
415 405
420 405
468 405
472 405
414 406
416 406
417 406
419 406
471 406
473 406
412 407
413 407
415 407
418 407
469 407
474 407
411 408
414 408
417 408
470 408
473 408
475 408
410 409
412 409
413 409
416 409
471 409
474 409
476 409
408 410
409 410
411 410
414 410
472 410
475 410
476 410
407 411
410 411
413 411
477 411
406 412
407 412
409 412
412 412
476 412
478 412
405 413
408 413
411 413
474 413
477 413
479 413
404 414
407 414
410 414
475 414
478 414
480 414
403 415
409 415
476 415
481 415
402 416
404 416
405 416
407 416
477 416
479 416
480 416
482 416
400 417
401 417
403 417
406 417
478 417
482 417
399 418
402 418
405 418
481 418
483 418
400 419
401 419
404 419
479 419
482 419
484 419
399 420
403 420
480 420
483 420
485 420
481 421
484 421
486 421
401 422
486 422
401 423
483 423
485 423
487 423
399 424
402 424
486 424
488 424
398 425
400 425
403 425
484 425
489 425
396 426
397 426
399 426
402 426
485 426
487 426
488 426
490 426
395 427
398 427
401 427
486 427
490 427
394 428
396 428
397 428
400 428
487 428
489 428
393 429
395 429
490 429
392 430
397 430
488 430
491 430
393 431
394 431
396 431
490 431
392 432
395 432
491 432
394 434
394 436
488 436
488 438
394 439
489 440
394 441
491 442
395 443
492 443
491 444
492 445
835 445
837 445
839 445
841 445
395 446
834 446
836 446
840 446
842 446
844 446
846 446
395 447
489 447
833 447
835 447
845 447
847 447
855 447
490 448
834 448
836 448
842 448
856 448
857 448
859 448
395 449
833 449
843 449
850 449
858 449
860 449
866 449
868 449
832 450
835 450
851 450
856 450
867 450
869 450
874 450
876 450
833 451
857 451
864 451
875 451
877 451
879 451
881 451
832 452
835 452
865 452
870 452
880 452
882 452
890 452
871 453
877 453
891 453
892 453
894 453
489 454
878 454
885 454
893 454
895 454
901 454
903 454
392 455
492 455
886 455
891 455
902 455
904 455
393 456
489 456
491 456
892 456
899 456
902 456
903 456
392 457
492 457
832 457
834 457
900 457
901 457
904 457
393 458
491 458
831 458
902 458
488 459
832 459
488 460
491 460
831 460
490 461
834 461
487 462
491 462
831 462
902 462
489 463
490 463
830 463
833 463
68 464
75 464
487 464
831 464
67 465
76 465
77 465
490 465
830 465
66 466
68 466
70 466
72 466
75 466
78 466
489 466
65 467
67 467
73 467
74 467
76 467
77 467
79 467
80 467
486 467
489 467
901 467
904 467
64 468
66 468
69 468
75 468
78 468
81 468
488 468
833 468
903 468
64 469
65 469
68 469
76 469
79 469
80 469
82 469
83 469
486 469
489 469
904 469
63 470
77 470
78 470
81 470
84 470
395 470
485 470
489 470
830 470
832 470
904 470
62 471
64 471
67 471
79 471
82 471
83 471
85 471
393 471
396 471
487 471
488 471
829 471
901 471
903 471
62 472
66 472
80 472
84 472
86 472
394 472
397 472
488 472
829 472
900 472
903 472
61 473
63 473
65 473
82 473
85 473
87 473
88 473
393 473
395 473
398 473
485 473
487 473
830 473
902 473
60 474
62 474
83 474
86 474
89 474
90 474
394 474
829 474
832 474
903 474
60 475
61 475
64 475
84 475
87 475
88 475
91 475
395 475
397 475
484 475
487 475
902 475
59 476
63 476
86 476
89 476
90 476
92 476
395 476
400 476
484 476
486 476
831 476
900 476
58 477
60 477
62 477
87 477
91 477
93 477
396 477
399 477
401 477
487 477
57 478
59 478
62 478
89 478
92 478
94 478
95 478
397 478
402 478
483 478
485 478
486 478
831 478
900 478
57 479
58 479
61 479
90 479
93 479
96 479
398 479
400 479
484 479
829 479
56 480
60 480
91 480
94 480
95 480
97 480
98 480
399 480
401 480
404 480
480 480
483 480
486 480
828 480
899 480
55 481
57 481
93 481
96 481
99 481
137 481
139 481
140 481
142 481
400 481
402 481
479 481
482 481
484 481
485 481
829 481
902 481
55 482
56 482
59 482
94 482
97 482
100 482
136 482
138 482
141 482
143 482
145 482
401 482
405 482
478 482
481 482
483 482
828 482
831 482
901 482
54 483
58 483
95 483
96 483
98 483
99 483
101 483
135 483
137 483
142 483
146 483
402 483
404 483
406 483
477 483
479 483
480 483
482 483
902 483
55 484
57 484
97 484
100 484
102 484
135 484
136 484
139 484
141 484
144 484
145 484
147 484
148 484
402 484
407 484
476 484
481 484
828 484
830 484
899 484
901 484
54 485
57 485
98 485
101 485
103 485
134 485
138 485
142 485
143 485
146 485
149 485
151 485
403 485
405 485
408 485
474 485
477 485
478 485
480 485
827 485
56 486
100 486
102 486
134 486
135 486
137 486
144 486
148 486
152 486
404 486
473 486
476 486
479 486
828 486
898 486
54 487
56 487
103 487
133 487
137 487
146 487
150 487
151 487
153 487
155 487
405 487
407 487
409 487
472 487
475 487
477 487
478 487
827 487
55 488
57 488
101 488
132 488
134 488
136 488
148 488
149 488
152 488
156 488
405 488
408 488
410 488
471 488
473 488
474 488
476 488
54 489
59 489
100 489
103 489
133 489
136 489
150 489
154 489
155 489
157 489
158 489
406 489
407 489
411 489
470 489
472 489
475 489
830 489
901 489
54 490
56 490
57 490
60 490
99 490
102 490
132 490
135 490
152 490
156 490
159 490
161 490
407 490
409 490
410 490
412 490
413 490
468 490
471 490
474 490
900 490
55 491
58 491
59 491
62 491
103 491
131 491
135 491
154 491
158 491
162 491
408 491
411 491
414 491
417 491
467 491
472 491
473 491
898 491
901 491
56 492
57 492
60 492
63 492
98 492
101 492
102 492
130 492
132 492
134 492
156 492
160 492
161 492
163 492
165 492
409 492
410 492
413 492
418 492
421 492
466 492
469 492
471 492
900 492
58 493
59 493
61 493
64 493
97 493
100 493
102 493
131 493
134 493
158 493
159 493
162 493
166 493
411 493
413 493
415 493
422 493
426 493
459 493
465 493
468 493
471 493
827 493
829 493
908 493
910 493
915 493
917 493
60 494
62 494
66 494
99 494
101 494
130 494
133 494
160 494
164 494
165 494
167 494
168 494
414 494
416 494
418 494
420 494
427 494
429 494
438 494
458 494
469 494
470 494
826 494
897 494
900 494
907 494
909 494
916 494
918 494
924 494
926 494
61 495
63 495
64 495
67 495
96 495
98 495
100 495
129 495
133 495
162 495
166 495
169 495
170 495
419 495
420 495
430 495
437 495
466 495
468 495
827 495
899 495
907 495
908 495
910 495
914 495
925 495
927 495
933 495
935 495
62 496
65 496
68 496
69 496
95 496
99 496
129 496
130 496
132 496
164 496
168 496
171 496
421 496
426 496
428 496
443 496
445 496
465 496
467 496
826 496
829 496
900 496
906 496
909 496
915 496
922 496
934 496
936 496
940 496
63 497
64 497
66 497
67 497
70 497
94 497
97 497
98 497
128 497
132 497
166 497
170 497
172 497
174 497
427 497
429 497
442 497
444 497
826 497
897 497
899 497
907 497
923 497
928 497
941 497
947 497
949 497
65 498
68 498
71 498
94 498
96 498
98 498
127 498
129 498
131 498
168 498
169 498
175 498
825 498
906 498
909 498
929 498
936 498
948 498
950 498
951 498
953 498
66 499
67 499
69 499
70 499
73 499
93 499
97 499
128 499
131 499
170 499
174 499
176 499
178 499
826 499
828 499
906 499
937 499
944 499
952 499
954 499
961 499
963 499
68 500
71 500
74 500
92 500
95 500
97 500
127 500
130 500
172 500
179 500
180 500
825 500
905 500
945 500
950 500
962 500
964 500
969 500
971 500
69 501
70 501
72 501
75 501
94 501
96 501
126 501
130 501
174 501
177 501
178 501
181 501
896 501
906 501
908 501
951 501
958 501
970 501
972 501
974 501
976 501
71 502
73 502
74 502
91 502
95 502
125 502
127 502
129 502
176 502
180 502
182 502
184 502
899 502
905 502
959 502
965 502
975 502
977 502
72 503
75 503
78 503
90 503
92 503
94 503
126 503
129 503
177 503
178 503
181 503
185 503
898 503
966 503
971 503
976 503
978 503
73 504
74 504
76 504
79 504
80 504
89 504
94 504
125 504
128 504
180 504
183 504
184 504
186 504
188 504
828 504
899 504
972 504
975 504
977 504
75 505
78 505
81 505
91 505
93 505
124 505
128 505
181 505
182 505
189 505
190 505
899 505
978 505
76 506
77 506
79 506
82 506
88 506
92 506
124 506
125 506
127 506
184 506
187 506
188 506
191 506
825 506
827 506
896 506
898 506
908 506
976 506
78 507
80 507
84 507
87 507
90 507
91 507
123 507
127 507
186 507
189 507
190 507
192 507
824 507
895 507
898 507
978 507
79 508
81 508
82 508
84 508
86 508
88 508
89 508
91 508
122 508
124 508
126 508
188 508
191 508
193 508
825 508
897 508
907 508
975 508
977 508
80 509
83 509
90 509
123 509
126 509
192 509
824 509
898 509
905 509
978 509
81 510
82 510
84 510
87 510
89 510
122 510
125 510
191 510
193 510
827 510
897 510
904 510
978 510
83 511
85 511
86 511
88 511
121 511
125 511
895 511
905 511
977 511
120 512
122 512
191 512
193 512
826 512
904 512
907 512
121 513
124 513
190 513
192 513
895 513
975 513
120 514
123 514
193 514
826 514
906 514
119 515
123 515
189 515
193 515
894 515
974 515
119 516
120 516
122 516
191 516
192 516
897 516
906 516
118 517
122 517
188 517
192 517
824 517
826 517
896 517
904 517
977 517
117 518
119 518
121 518
190 518
191 518
825 518
828 518
897 518
903 518
976 518
118 519
121 519
187 519
824 519
826 519
829 519
834 519
894 519
896 519
904 519
977 519
117 520
120 520
189 520
191 520
824 520
835 520
842 520
903 520
906 520
974 520
976 520
116 521
120 521
186 521
190 521
825 521
830 521
832 521
843 521
847 521
893 521
115 522
117 522
186 522
188 522
189 522
831 522
833 522
839 522
841 522
848 522
855 522
903 522
905 522
973 522
116 523
119 523
185 523
187 523
189 523
840 523
842 523
843 523
845 523
856 523
863 523
902 523
115 524
118 524
188 524
844 524
846 524
852 524
854 524
864 524
869 524
896 524
903 524
973 524
33 525
35 525
38 525
40 525
114 525
118 525
184 525
188 525
853 525
855 525
856 525
858 525
870 525
877 525
893 525
895 525
902 525
32 526
34 526
39 526
41 526
42 526
115 526
117 526
186 526
187 526
857 526
859 526
865 526
867 526
878 526
882 526
896 526
976 526
31 527
33 527
36 527
41 527
43 527
44 527
114 527
117 527
183 527
187 527
866 527
868 527
874 527
876 527
883 527
892 527
894 527
895 527
905 527
975 527
32 528
34 528
37 528
39 528
42 528
45 528
114 528
185 528
186 528
875 528
877 528
878 528
880 528
893 528
895 528
973 528
976 528
31 529
34 529
40 529
41 529
44 529
115 529
118 529
182 529
879 529
881 529
887 529
889 529
892 529
894 529
972 529
975 529
31 530
43 530
45 530
48 530
114 530
116 530
117 530
119 530
120 530
184 530
186 530
888 530
890 530
891 530
893 530
904 530
975 530
30 531
33 531
45 531
47 531
49 531
50 531
115 531
118 531
120 531
181 531
184 531
185 531
972 531
974 531
30 532
33 532
48 532
51 532
121 532
124 532
181 532
183 532
902 532
904 532
29 533
120 533
122 533
125 533
126 533
180 533
182 533
184 533
901 533
972 533
30 534
32 534
51 534
121 534
123 534
128 534
183 534
902 534
29 535
32 535
48 535
50 535
122 535
126 535
129 535
130 535
179 535
183 535
901 535
904 535
972 535
1348 535
28 536
47 536
51 536
123 536
125 536
128 536
132 536
181 536
182 536
901 536
972 536
1348 536
28 537
31 537
47 537
49 537
50 537
126 537
127 537
130 537
134 537
178 537
182 537
900 537
903 537
1347 537
27 538
29 538
31 538
50 538
128 538
129 538
132 538
135 538
136 538
180 538
181 538
901 538
971 538
28 539
46 539
49 539
130 539
131 539
134 539
137 539
138 539
177 539
900 539
974 539
27 540
30 540
49 540
132 540
136 540
139 540
140 540
179 540
181 540
973 540
26 541
30 541
46 541
48 541
133 541
135 541
138 541
141 541
142 541
176 541
180 541
974 541
26 542
29 542
45 542
49 542
136 542
137 542
140 542
143 542
144 542
176 542
178 542
179 542
971 542
973 542
27 543
29 543
47 543
48 543
138 543
139 543
142 543
145 543
146 543
175 543
177 543
179 543
903 543
26 544
45 544
48 544
140 544
141 544
143 544
147 544
148 544
178 544
973 544
28 545
44 545
47 545
142 545
146 545
149 545
150 545
174 545
178 545
793 545
794 545
796 545
797 545
799 545
800 545
900 545
902 545
970 545
972 545
26 546
44 546
47 546
143 546
145 546
148 546
151 546
152 546
176 546
177 546
792 546
795 546
798 546
801 546
899 546
973 546
27 547
30 547
46 547
146 547
147 547
150 547
153 547
173 547
177 547
794 547
799 547
802 547
804 547
899 547
972 547
26 548
28 548
29 548
32 548
33 548
43 548
47 548
148 548
149 548
151 548
152 548
155 548
175 548
176 548
792 548
793 548
795 548
798 548
801 548
803 548
805 548
900 548
27 549
30 549
34 549
35 549
43 549
46 549
150 549
153 549
157 549
172 549
791 549
799 549
804 549
806 549
808 549
899 549
902 549
28 550
29 550
33 550
37 550
39 550
45 550
151 550
152 550
155 550
159 550
174 550
176 550
790 550
792 550
794 550
801 550
802 550
809 550
811 550
970 550
30 551
32 551
40 551
44 551
46 551
153 551
154 551
161 551
171 551
175 551
791 551
794 551
803 551
805 551
812 551
813 551
901 551
33 552
36 552
38 552
43 552
45 552
155 552
157 552
159 552
163 552
171 552
173 552
174 552
790 552
793 552
806 552
807 552
812 552
814 552
816 552
969 552
37 553
39 553
42 553
44 553
158 553
161 553
162 553
165 553
170 553
172 553
174 553
789 553
793 553
809 553
810 553
813 553
817 553
818 553
901 553
159 554
160 554
163 554
167 554
169 554
173 554
790 554
811 554
812 554
816 554
819 554
821 554
972 554
161 555
162 555
165 555
168 555
170 555
171 555
173 555
789 555
792 555
814 555
822 555
824 555
899 555
971 555
163 556
164 556
167 556
170 556
172 556
788 556
792 556
816 556
817 556
821 556
823 556
825 556
898 556
972 556
165 557
166 557
168 557
169 557
171 557
788 557
791 557
819 557
824 557
826 557
828 557
899 557
969 557
971 557
787 558
789 558
791 558
821 558
822 558
829 558
830 558
898 558
901 558
788 559
790 559
823 559
825 559
829 559
831 559
833 559
900 559
968 559
787 560
790 560
826 560
827 560
832 560
834 560
836 560
786 561
829 561
830 561
833 561
837 561
838 561
900 561
786 562
787 562
789 562
831 562
832 562
836 562
839 562
841 562
898 562
971 562
785 563
789 563
833 563
834 563
838 563
842 563
899 563
900 563
902 563
907 563
970 563
786 564
788 564
836 564
837 564
841 564
843 564
845 564
898 564
908 564
913 564
968 564
971 564
785 565
788 565
838 565
839 565
846 565
848 565
899 565
900 565
902 565
914 565
922 565
971 565
784 566
840 566
842 566
845 566
849 566
850 566
901 566
903 566
909 566
911 566
923 566
927 566
967 566
970 566
785 567
787 567
843 567
844 567
849 567
851 567
853 567
910 567
912 567
919 567
921 567
928 567
936 567
970 567
784 568
787 568
846 568
847 568
850 568
852 568
854 568
920 568
922 568
923 568
925 568
937 568
943 568
969 568
783 569
786 569
848 569
849 569
852 569
853 569
924 569
926 569
932 569
934 569
944 569
950 569
967 569
970 569
782 570
784 570
851 570
854 570
933 570
935 570
937 570
939 570
951 570
957 570
970 570
783 571
786 571
852 571
938 571
940 571
945 571
948 571
958 571
964 571
967 571
969 571
782 572
785 572
852 572
946 572
947 572
949 572
954 572
956 572
965 572
966 572
968 572
781 573
785 573
955 573
957 573
959 573
961 573
967 573
969 573
781 574
782 574
851 574
854 574
960 574
962 574
966 574
968 574
780 575
784 575
851 575
853 575
781 576
850 576
854 576
780 577
783 577
850 577
852 577
853 577
779 578
783 578
853 578
780 579
849 579
852 579
779 580
782 580
849 580
851 580
23 581
24 581
26 581
27 581
29 581
30 581
778 581
848 581
852 581
22 582
25 582
28 582
31 582
32 582
778 582
781 582
848 582
851 582
852 582
854 582
857 582
859 582
22 583
24 583
26 583
27 583
29 583
30 583
33 583
777 583
779 583
781 583
850 583
851 583
853 583
858 583
860 583
861 583
21 584
25 584
28 584
32 584
34 584
36 584
778 584
780 584
847 584
852 584
853 584
855 584
859 584
862 584
863 584
20 585
22 585
30 585
37 585
38 585
777 585
780 585
847 585
849 585
851 585
854 585
856 585
858 585
861 585
864 585
866 585
1347 585
21 586
24 586
32 586
35 586
36 586
39 586
776 586
846 586
850 586
853 586
859 586
860 586
867 586
868 586
1348 586
20 587
34 587
37 587
40 587
41 587
776 587
777 587
779 587
849 587
853 587
862 587
867 587
869 587
871 587
1348 587
19 588
23 588
35 588
39 588
42 588
775 588
779 588
846 588
848 588
850 588
864 588
865 588
868 588
872 588
873 588
19 589
20 589
22 589
37 589
41 589
43 589
776 589
778 589
845 589
849 589
852 589
866 589
867 589
871 589
872 589
874 589
876 589
18 590
22 590
39 590
42 590
44 590
775 590
778 590
845 590
847 590
848 590
869 590
870 590
877 590
879 590
17 591
19 591
21 591
43 591
774 591
848 591
849 591
851 591
871 591
872 591
876 591
880 591
881 591
17 592
21 592
44 592
774 592
775 592
777 592
844 592
847 592
851 592
874 592
879 592
882 592
884 592
18 593
20 593
41 593
44 593
773 593
777 593
846 593
848 593
850 593
876 593
877 593
881 593
883 593
885 593
17 594
20 594
43 594
774 594
776 594
843 594
847 594
850 594
879 594
880 594
884 594
886 594
888 594
40 595
42 595
44 595
773 595
776 595
843 595
846 595
881 595
882 595
889 595
891 595
17 596
43 596
775 596
842 596
845 596
847 596
849 596
883 596
885 596
892 596
893 596
18 597
19 597
22 597
39 597
41 597
42 597
842 597
844 597
849 597
886 597
887 597
892 597
894 597
896 597
17 598
20 598
23 598
24 598
38 598
42 598
775 598
845 598
846 598
848 598
889 598
890 598
893 598
897 598
898 598
1348 598
18 599
19 599
21 599
25 599
38 599
41 599
773 599
841 599
844 599
845 599
848 599
891 599
892 599
896 599
899 599
901 599
1348 599
20 600
23 600
24 600
27 600
28 600
37 600
40 600
774 600
775 600
778 600
779 600
841 600
843 600
894 600
895 600
902 600
904 600
1347 600
21 601
22 601
26 601
29 601
39 601
41 601
773 601
775 601
780 601
791 601
845 601
847 601
896 601
897 601
901 601
905 601
23 602
25 602
27 602
28 602
31 602
36 602
40 602
774 602
776 602
778 602
779 602
783 602
791 602
793 602
794 602
840 602
842 602
844 602
847 602
899 602
903 602
906 602
26 603
30 603
32 603
35 603
38 603
39 603
777 603
781 603
782 603
785 603
786 603
790 603
795 603
797 603
843 603
846 603
901 603
902 603
904 603
905 603
27 604
29 604
31 604
778 604
780 604
783 604
787 604
789 604
791 604
798 604
799 604
839 604
842 604
844 604
846 604
906 604
30 605
32 605
36 605
39 605
781 605
782 605
790 605
796 605
797 605
799 605
839 605
841 605
843 605
903 605
31 606
33 606
35 606
37 606
38 606
783 606
789 606
791 606
795 606
842 606
845 606
906 606
796 607
798 607
838 607
841 607
903 607
905 607
796 608
799 608
838 608
840 608
842 608
844 608
902 608
906 608
797 609
800 609
837 609
844 609
902 609
904 609
905 609
796 610
798 610
802 610
803 610
837 610
839 610
841 610
901 610
905 610
797 611
799 611
804 611
805 611
840 611
843 611
904 611
798 612
800 612
803 612
807 612
808 612
836 612
839 612
843 612
901 612
903 612
801 613
802 613
804 613
806 613
809 613
811 613
836 613
838 613
840 613
842 613
900 613
902 613
904 613
803 614
805 614
807 614
812 614
813 614
835 614
839 614
842 614
900 614
903 614
806 615
807 615
809 615
811 615
814 615
816 615
835 615
837 615
841 615
903 615
808 616
810 616
812 616
817 616
818 616
839 616
899 616
902 616
811 617
813 617
815 617
820 617
821 617
834 617
837 617
841 617
901 617
814 618
815 618
822 618
823 618
834 618
836 618
838 618
840 618
898 618
902 618
816 619
818 619
820 619
825 619
826 619
833 619
837 619
840 619
900 619
901 619
819 620
824 620
827 620
829 620
833 620
836 620
897 620
901 620
820 621
823 621
830 621
832 621
835 621
837 621
839 621
897 621
899 621
900 621
760 622
764 622
766 622
824 622
826 622
828 622
833 622
834 622
836 622
839 622
900 622
759 623
765 623
767 623
827 623
829 623
833 623
835 623
838 623
896 623
899 623
757 624
758 624
760 624
763 624
764 624
766 624
768 624
828 624
830 624
832 624
834 624
838 624
898 624
755 625
756 625
759 625
762 625
767 625
769 625
835 625
895 625
897 625
899 625
754 626
757 626
758 626
760 626
765 626
768 626
770 626
834 626
837 626
895 626
898 626
753 627
754 627
756 627
759 627
766 627
771 627
833 627
894 627
897 627
752 628
755 628
758 628
767 628
769 628
771 628
834 628
836 628
894 628
896 628
750 629
751 629
753 629
754 629
756 629
772 629
833 629
836 629
893 629
897 629
749 630
752 630
755 630
768 630
771 630
773 630
835 630
893 630
897 630
748 631
750 631
751 631
754 631
769 631
774 631
835 631
896 631
746 632
747 632
749 632
770 632
772 632
774 632
833 632
892 632
895 632
745 633
748 633
751 633
773 633
775 633
834 633
837 633
892 633
894 633
896 633
744 634
747 634
750 634
774 634
776 634
833 634
835 634
839 634
840 634
895 634
742 635
743 635
749 635
772 635
775 635
777 635
834 635
840 635
842 635
891 635
894 635
175 636
177 636
178 636
180 636
741 636
744 636
745 636
747 636
773 636
776 636
777 636
835 636
837 636
844 636
893 636
174 637
176 637
179 637
181 637
182 637
740 637
743 637
746 637
778 637
838 637
840 637
842 637
846 637
847 637
890 637
892 637
894 637
173 638
175 638
180 638
183 638
739 638
741 638
742 638
745 638
777 638
779 638
841 638
845 638
848 638
850 638
890 638
893 638
172 639
174 639
176 639
178 639
179 639
182 639
184 639
186 639
738 639
740 639
743 639
775 639
778 639
780 639
842 639
844 639
847 639
851 639
852 639
889 639
892 639
172 640
173 640
180 640
187 640
188 640
736 640
737 640
739 640
742 640
776 640
781 640
845 640
850 640
853 640
854 640
889 640
891 640
171 641
175 641
182 641
185 641
186 641
189 641
735 641
738 641
741 641
777 641
779 641
781 641
846 641
849 641
856 641
857 641
888 641
892 641
170 642
184 642
187 642
190 642
191 642
198 642
206 642
733 642
734 642
736 642
737 642
739 642
782 642
850 642
852 642
854 642
858 642
859 642
888 642
891 642
171 643
172 643
174 643
185 643
189 643
192 643
197 643
207 643
732 643
735 643
738 643
778 643
781 643
782 643
853 643
854 643
861 643
862 643
890 643
170 644
173 644
187 644
190 644
191 644
193 644
199 644
201 644
203 644
206 644
208 644
210 644
731 644
734 644
737 644
779 644
783 644
855 644
857 644
859 644
863 644
864 644
887 644
891 644
169 645
173 645
189 645
192 645
200 645
204 645
207 645
211 645
212 645
730 645
735 645
780 645
782 645
784 645
858 645
862 645
866 645
867 645
887 645
889 645
891 645
169 646
170 646
172 646
190 646
191 646
194 646
197 646
199 646
206 646
209 646
210 646
213 646
728 646
729 646
731 646
734 646
783 646
785 646
859 646
861 646
868 646
869 646
886 646
890 646
168 647
172 647
192 647
193 647
208 647
211 647
212 647
214 647
215 647
727 647
730 647
733 647
781 647
786 647
862 647
864 647
866 647
867 647
871 647
886 647
889 647
167 648
169 648
171 648
194 648
198 648
209 648
213 648
216 648
726 648
728 648
729 648
732 648
782 648
784 648
785 648
787 648
865 648
870 648
873 648
874 648
885 648
888 648
168 649
171 649
196 649
197 649
211 649
215 649
217 649
725 649
727 649
730 649
783 649
786 649
866 649
869 649
871 649
875 649
876 649
885 649
887 649
889 649
1347 649
