VARIABLES= "X", "Y", "P", "U", "V", "C"
0 0 0 0 0 0.0170187
0.005 0 0.00586762 0 0 0.0174528
0.01 0 0.00927516 0 0 0.0190443
0.015 0 0.0166091 0 0 0.0257256
0.02 0 0.0242479 0 0 0.0358786
0.025 0 0.0242479 0 0 0.0358786
0.03 0 0.0285625 0 0 0.0440161
0.035 0 0.0291039 0 0 0.0451626
0.04 0 0.0357999 0 0 0.0599249
0.045 0 0.0381908 0 0 0.0640323
0.05 0 0.0386774 0 0 0.0649516
0.055 0 0.0449232 0 0 0.0691741
0.06 0 0.0459315 0 0 0.0646498
0.065 0 0.0464345 0 0 0.0633409
0.07 0 0.0467323 0 0 0.0594019
0.075 0 0.0477269 0 0 0.0490149
0.08 0 0.0482776 0 0 0.0369309
0.085 0 0.0484085 0 0 0.0335302
0.09 0 0.0484085 0 0 0.0335302
0.095 0 0.0485641 0 0 0.029363
0.1 0 0.0485707 2.00931e-005 -0.000263805 0.0292301
0.1 0.005 0.0485896 7.69766e-005 -0.000877006 0.0294256
0.1 0.01 0.0486564 0.000246846 -0.00139736 0.030919
0.1 0.015 0.0488363 0.000749277 -0.00193308 0.038822
0.1 0.02 0.0490546 0.00120076 -0.00167235 0.0488277
0.1 0.025 0.0492 0 0 0.0542447
0.1 0.03 0.0492 0 0 0.0542447
0.1 0.035 0.0492113 0 0 0.0567037
0.1 0.04 0.0492757 0.00341121 0.000374495 0.0667918
0.1 0.045 0.049246 0.00410187 0.000992943 0.0685009
0.1 0.05 0.049227 0.0044592 0.001329 0.0696118
0.1 0.055 0.0488597 0.00473424 0.00421373 0.0656726
0.1 0.06 0.0487344 0.00440659 0.00477752 0.0625832
0.1 0.065 0.048581 0.00390711 0.00525482 0.0590803
0.1 0.07 0.0485017 0.00353833 0.00536689 0.0558619
0.1 0.075 0.0481329 0.00205319 0.00543043 0.0457313
0.1 0.08 0.0478494 0.000822337 0.00472984 0.0367236
0.1 0.085 0.0477476 0.000374395 0.00413073 0.033045
0.1 0.09 0.0477476 0.000374395 0.00413073 0.033045
0.1 0.095 0.0476177 -5.98107e-005 0.00231666 0.0296408
0.1 0.1 0.0476133 0 0 0.0295637
0.095 0.1 0.0475752 0 0 0.0300553
0.09 0.1 0.0471693 0 0 0.036936
0.085 0.1 0.0470731 0 0 0.0388657
0.08 0.1 0.0467025 0 0 0.0456655
0.075 0.1 0.0455105 0 0 0.0596722
0.07 0.1 0.0456969 0 0 0.0608105
0.065 0.1 0.0448045 0 0 0.06577
0.06 0.1 0.0425192 0 0 0.0745206
0.055 0.1 0.0425192 0 0 0.0745206
0.05 0.1 0.0398911 0 0 0.0736681
0.045 0.1 0.0368501 0 0 0.0680665
0.04 0.1 0.0339042 0 0 0.0611344
0.035 0.1 0.0339042 0 0 0.0611344
0.03 0.1 0.0296148 0 0 0.0512877
0.025 0.1 0.0296148 0 0 0.0512877
0.02 0.1 0.0250781 0 0 0.042654
0.015 0.1 0.0175051 0 0 0.0323567
0.01 0.1 0.0122253 0 0 0.0271132
0.005 0.1 0.00364211 0 0 0.0229369
0 0.1 0 0 0 0.0229369
0 0.095 0 0 0 0.0233644
0 0.09 0 0 0 0.0234115
0 0.085 0 0 0 0.0238377
0 0.08 0 0 0 0.0234791
0 0.075 0 0 0 0.0234791
0 0.07 0 0 0 0.0217922
0 0.065 0 0 0 0.0169232
0 0.06 0 0 0 0.0169232
0 0.055 0 1 0 0.0155745
0 0.05 0 1 0 0.0152456
0 0.045 0 1 0 0.0140338
0 0.04 0 0 0 0.014346
0 0.035 0 0 0 0.0150418
0 0.03 0 0 0 0.0150814
0 0.025 0 0 0 0.0166384
0 0.02 0 0 0 0.0168119
0 0.015 0 0 0 0.0168159
0 0.01 0 0 0 0.0168159
0 0.005 0 0 0 0.0169474
0.00447241 0.0874131 0.0066259 -0.00779746 0.0032644 0.0239379
0.00256 0.00353957 0.00397886 -0.00399191 -0.000942327 0.0170187
0.0974172 0.0964082 0.0476012 -9.58839e-005 0.00191578 0.0293496
0.0964604 0.00256 0.04858 4.85415e-005 -0.000637308 0.0290418
0.00238194 0.0976072 0.00364211 -0.0044131 0.000976833 0.0229369
0.0127849 0.0043896 0.0142617 -0.00500308 -0.00472862 0.0230753
0.00841917 0.00347932 0.00927516 -0.00558724 -0.00275132 0.0190443
0.095565 0.0127058 0.0487549 0.000544261 -0.00188154 0.0353163
0.0964778 0.00852734 0.0486564 0.000246846 -0.00139736 0.030919
0.0231513 0.00368712 0.0242479 -0.0011379 -0.00660659 0.0358786
0.01796 0.00375851 0.0199892 -0.00318592 -0.00542337 0.0295419
0.015532 0.0251939 0.0192019 0.101427 -0.01729 0.0253576
0.0191958 0.023523 0.023135 0.0876284 -0.0198678 0.0328177
0.0187153 0.0281514 0.024186 0.148079 -0.0204447 0.0306544
0.0964601 0.0230029 0.0490546 0.00120076 -0.00167235 0.0488277
0.0962468 0.0178699 0.0489105 0.000936172 -0.00198007 0.0420177
0.0747361 0.0159631 0.0481006 0.00275603 -0.00646643 0.0777061
0.0766718 0.0192818 0.0484335 0.00393673 -0.00625103 0.0840585
0.0722885 0.01904 0.0481097 0.00545865 -0.00797476 0.100884
0.0272087 0.00239815 0.026701 -0.000912964 -0.00548636 0.0400743
0.0309201 0.00344181 0.0291039 -0.000331388 -0.00795598 0.0451626
0.0273151 0.00550903 0.0272516 0.00156196 -0.0105257 0.042017
0.00796538 0.0491288 0.0203724 0.684483 0.00283245 0.014648
0.0110744 0.0528307 0.0234104 0.531594 0.0078954 0.0168372
0.00670318 0.0530398 0.0158768 0.605255 0.00617053 0.0151858
0.0332769 0.013692 0.0338327 0.024727 -0.0215366 0.0685203
0.0310268 0.0105883 0.0310048 0.013988 -0.0182047 0.0552647
0.0346026 0.00967541 0.0337696 0.00990167 -0.0173682 0.0621789
0.00300337 0.0134889 0.00405589 0.000768178 -0.00272476 0.0168159
0.00506595 0.0100592 0.00619357 -0.00283337 -0.00327623 0.0174515
0.0756551 0.029422 0.04912 0.0106898 -0.00574798 0.141565
0.0792233 0.027711 0.049073 0.00779868 -0.00506998 0.11366
0.0780819 0.0315933 0.0492803 0.0104152 -0.00450093 0.138069
0.0943956 0.0272441 0.0491365 0.00187621 -0.00168818 0.0552904
0.0926615 0.0309831 0.0492185 0.00292422 -0.00161389 0.0638169
0.0907561 0.0275749 0.0491317 0.00298203 -0.00238917 0.0633452
0.0901909 0.0346583 0.0493081 0.00453892 -0.00140712 0.0768772
0.0892112 0.0309766 0.049231 0.00423041 -0.00223568 0.0745947
0.0865167 0.00303925 0.0484085 -0.000118111 -0.000948367 0.0335302
0.0899305 0.00507751 0.0485177 6.93287e-006 -0.00120664 0.0318911
0.0962759 0.0391469 0.0492877 0.00305851 7.33786e-005 0.0661263
0.0697948 0.00669028 0.0470337 -0.000274332 -0.00420291 0.0616826
0.0750534 0.00540153 0.047674 -0.000465501 -0.00263161 0.0502343
0.0748956 0.01106 0.0478623 0.000828859 -0.00505947 0.0622447
0.0939618 0.0428392 0.0492933 0.00454856 0.00062067 0.0728171
0.0973333 0.0427043 0.0492636 0.00376978 0.000680617 0.0674685
0.0825327 0.00356626 0.0482776 -0.000234478 -0.00123373 0.0369309
0.078548 0.00330516 0.0480357 -0.000402721 -0.0014431 0.0419095
0.0620046 0.0055218 0.0458438 -0.000628821 -0.00501083 0.0685706
0.0652791 0.00446393 0.0463922 -0.000590131 -0.0036208 0.0639013
0.0642685 0.00860859 0.046278 0.000580493 -0.0068307 0.0745583
0.0824665 0.030027 0.0492152 0.00723516 -0.00383543 0.105928
0.0394108 0.00363431 0.0354806 -0.000570719 -0.00814073 0.0594161
0.0058518 0.0251091 0.00709972 0.0594202 -0.00747457 0.0166983
0.0112986 0.0239063 0.0137001 0.0767114 -0.0129381 0.0203487
0.00905501 0.0277984 0.0117705 0.114494 -0.0118134 0.0177124
0.0965421 0.0462939 0.049227 0.0044592 0.001329 0.0696118
0.0602374 0.0112645 0.0456654 0.00273038 -0.00997564 0.0889082
0.0644835 0.0133983 0.0465878 0.00385355 -0.009772 0.0941757
0.0973543 0.0615249 0.0487344 0.00440659 0.00477752 0.0625832
0.0966422 0.0578627 0.0488597 0.00473424 0.00421373 0.0656726
0.069046 0.0176845 0.0476587 0.0056876 -0.00919402 0.104719
0.0712847 0.0150357 0.0477001 0.00320813 -0.00765608 0.0857361
0.00345446 0.0175177 0.00441444 0.00818724 -0.00363317 0.0168119
0.00348997 0.0214972 0.00433319 0.019792 -0.00427297 0.01657
0.0434206 0.00533535 0.0379003 0.000148445 -0.010251 0.0661683
0.0428716 0.00242364 0.0371861 -0.0010891 -0.00555262 0.062134
0.0561464 0.00882334 0.0443308 0.00114318 -0.00975406 0.081879
0.0533474 0.00457687 0.0427702 -0.00116417 -0.00670451 0.0711583
0.05829 0.00403083 0.0449232 -0.00107722 -0.004701 0.0691741
0.0825282 0.0696639 0.0485086 0.00630659 0.00755181 0.0968308
0.0856326 0.0715069 0.0484034 0.0047522 0.00698902 0.0787536
0.0823751 0.0726296 0.0483111 0.00529792 0.00783271 0.0896427
0.00582295 0.0379734 0.0118887 0.370487 -0.00853114 0.0144534
0.0051111 0.0342613 0.00833393 0.197084 -0.00810805 0.0150183
0.00877978 0.036083 0.0147225 0.30929 -0.0115323 0.0153688
0.0332698 0.022241 0.0365504 0.0634554 -0.0258853 0.0919365
0.0299083 0.0244369 0.034695 0.0870098 -0.0262355 0.0763528
0.028224 0.0208593 0.0321305 0.0626749 -0.0245049 0.0635577
0.0887278 0.0610411 0.048895 0.00626343 0.00515488 0.0848603
0.0907154 0.0650917 0.0486903 0.00496269 0.00554435 0.0716477
0.086503 0.0649858 0.0487569 0.00629494 0.0061096 0.0889089
0.0621152 0.00286001 0.0459315 -0.000817718 -0.00287959 0.0646498
0.0459507 0.00280405 0.0386774 -0.00119831 -0.00595027 0.0649516
0.0131027 0.0344262 0.019564 0.269328 -0.0152664 0.0183902
0.011204 0.0381221 0.0193932 0.386079 -0.0124163 0.0156419
0.0167766 0.0318075 0.0229795 0.210272 -0.0187286 0.0242527
0.0133839 0.0288861 0.01759 0.152457 -0.0160216 0.02109
0.0403732 0.0913366 0.0365004 -0.00214305 0.0131328 0.0772945
0.044335 0.0939135 0.037884 -0.003294 0.00970759 0.0747599
0.0402342 0.0957126 0.0356679 -0.00383065 0.00735272 0.0667839
0.00289272 0.0378727 0.00641778 0.308388 -0.00509409 0.014346
0.00408592 0.0417067 0.0121644 0.632779 -0.00467199 0.0140338
0.0950646 0.0647221 0.0486556 0.00425361 0.00514952 0.0621043
0.0921778 0.0616186 0.0488054 0.00512159 0.00492983 0.0709753
0.0329965 0.0969405 0.0319238 -0.00450639 0.00461152 0.056613
0.0359633 0.0941456 0.0337364 -0.00473794 0.00894162 0.0635934
0.0369214 0.0973654 0.0339042 -0.00362583 0.00476422 0.0611344
0.00250092 0.0569438 0.0056196 0.341165 0.00453717 0.0158645
0.00315217 0.0535864 0.00916842 0.643313 0.00403806 0.0152456
0.0049815 0.0560931 0.0104342 0.451704 0.00668471 0.0157125
0.095866 0.0827474 0.0478494 0.000822337 0.00472984 0.0367236
0.0964367 0.0783855 0.048029 0.00157103 0.0052241 0.0416881
0.0386573 0.0861702 0.0364931 0.00595397 0.0187113 0.0920048
0.0429772 0.0846886 0.0389937 0.00855769 0.0198203 0.109714
0.0426567 0.0878239 0.0382335 0.00229391 0.0169504 0.0937273
0.0932258 0.0697828 0.0484599 0.00360705 0.00567408 0.0585844
0.0946371 0.07473 0.04822 0.00245776 0.00560356 0.0491239
0.089554 0.0738932 0.0482601 0.00320041 0.00628471 0.0604671
0.0970191 0.0867246 0.0477476 0.000374395 0.00413073 0.033045
0.095234 0.089893 0.047653 7.17805e-005 0.00352499 0.0318581
0.00437094 0.0600395 0.00668668 0.237285 0.00660459 0.0169232
0.00561171 0.0649562 0.0070551 0.118275 0.00759767 0.0199573
0.0942154 0.0862276 0.0477281 0.000372081 0.00430752 0.0345905
0.0479495 0.0964612 0.039052 -0.00303929 0.00629649 0.0730408
0.0435037 0.0972175 0.0368501 -0.0030576 0.00542592 0.0680665
0.0851127 0.0753505 0.0481424 0.00356654 0.00719583 0.0711749
0.0802988 0.0760908 0.0479881 0.00431548 0.00837058 0.0867939
0.0195127 0.0915991 0.0216139 -0.00950391 0.00673708 0.0381678
0.0231912 0.0930701 0.0251903 -0.00862819 0.00640024 0.0440422
0.0206569 0.0943152 0.02326 -0.00992951 0.00458009 0.0399229
0.0903486 0.0954747 0.0473877 -0.000329061 0.00222611 0.0335562
0.0946053 0.0944584 0.0475632 -0.000162085 0.00237906 0.0303788
0.0865886 0.0969786 0.0471693 -0.000429682 0.0017647 0.036936
0.0810725 0.0919109 0.047012 -0.000635554 0.00427776 0.0456232
0.0825644 0.0962798 0.046954 -0.000624552 0.00230853 0.0412519
0.0774802 0.0955982 0.046484 -0.00092433 0.00315756 0.0494986
0.084643 0.0888865 0.0473485 -0.000141136 0.00478871 0.0436222
0.0801208 0.0872204 0.0471949 0.000110873 0.00614794 0.0544353
0.0652115 0.0966771 0.0448045 -0.00152232 0.00364606 0.06577
0.0610973 0.0943457 0.0439699 -0.00217405 0.00642408 0.0737331
0.0587776 0.0870231 0.0442024 0.00132494 0.0130322 0.102534
0.0633486 0.086782 0.0452509 0.00100887 0.0114603 0.0962312
0.0611855 0.0901683 0.0443817 -0.00119923 0.00979983 0.0844539
0.0566477 0.0961313 0.0425192 -0.0025024 0.00551633 0.0745206
0.0525385 0.0968422 0.041008 -0.0027023 0.00534608 0.074503
0.0539556 0.094075 0.0417054 -0.0028716 0.00826562 0.078752
0.0148211 0.054799 0.0277851 0.427871 0.0120016 0.0225498
0.0151628 0.0507962 0.0301252 0.490564 0.0056938 0.0213753
0.0189725 0.0537974 0.0329634 0.389463 0.0116107 0.0334064
0.0178948 0.0958187 0.0208861 -0.00981946 0.00342919 0.0362293
0.0222317 0.0965142 0.0250781 -0.00788922 0.00318613 0.042654
0.00887085 0.0610978 0.0135755 0.251313 0.0117154 0.0197819
0.012211 0.0577716 0.0217423 0.371275 0.0134236 0.0206374
0.0135558 0.0622684 0.0204702 0.239149 0.0165552 0.0264179
0.0140748 0.0715785 0.0176705 0.0821634 0.015975 0.0335173
0.0112023 0.0692102 0.014526 0.0989952 0.0134592 0.0276437
0.0149757 0.0671527 0.0201263 0.145266 0.018042 0.03343
0.0123896 0.0954372 0.0145944 -0.0107515 0.00351087 0.0290228
0.0155444 0.0927335 0.0183925 -0.0114496 0.00564183 0.0331234
0.00250756 0.072792 0.00354383 0.0150653 0.00303013 0.0223687
0.00344776 0.0691236 0.00441624 0.0405544 0.00441522 0.0212347
0.00575746 0.0728544 0.00743088 0.0313413 0.00636397 0.0237159
0.0406101 0.0698863 0.0416527 0.073853 0.0264731 0.203576
0.0464119 0.0681578 0.044504 0.0644454 0.023677 0.275987
0.0438925 0.0724901 0.0421751 0.0503806 0.025412 0.198125
0.0035661 0.0769646 0.00519211 0.00857174 0.00386517 0.0234791
0.00376064 0.0821437 0.00554549 -0.00157677 0.00345049 0.0237486
0.0276826 0.0765759 0.0308641 0.0515774 0.0245026 0.0807109
0.0305137 0.081341 0.0319657 0.022947 0.0217907 0.0805512
0.0260492 0.081328 0.0279935 0.0226664 0.0199327 0.0632182
0.003392 0.0919198 0.00541742 -0.0084987 0.00221149 0.0234115
0.0918006 0.0568457 0.0489901 0.00575899 0.00405807 0.0773058
0.0958924 0.0534194 0.0490346 0.00496239 0.00314097 0.0692381
0.00872347 0.0442712 0.0214206 0.632572 -0.00447812 0.0143341
0.00424434 0.0467115 0.0143935 0.823043 -0.00031709 0.0141861
0.0518158 0.00852089 0.0425064 0.00153061 -0.0115052 0.0806029
0.0479065 0.0114209 0.0415451 0.00699813 -0.0158682 0.0900376
0.0482109 0.00597719 0.040455 0.000164391 -0.00992757 0.0721064
0.0851203 0.00655249 0.0484102 -4.97491e-005 -0.001733 0.0362043
0.00794468 0.0965439 0.00973018 -0.00898226 0.00251572 0.025102
0.0730592 0.0967472 0.0459018 -0.00106546 0.00298549 0.0562094
0.0920135 0.0513372 0.0491731 0.00586471 0.00263501 0.0794411
0.0886505 0.0481464 0.0493245 0.0071503 0.00180484 0.0949228
0.0926058 0.0470178 0.049257 0.00546409 0.00156441 0.0777677
0.00649642 0.0148678 0.00745359 0.00652706 -0.00541085 0.0178942
0.0487955 0.0271687 0.045747 0.0523738 -0.0208018 0.227381
0.0455767 0.0238366 0.0438569 0.0464575 -0.0230277 0.17274
0.0499163 0.0231429 0.0450044 0.0347483 -0.0206933 0.178605
0.0478669 0.0582075 0.0475128 0.0994133 0.0159245 0.538795
0.0457658 0.0626467 0.0459474 0.0924124 0.0208389 0.378397
0.0438758 0.0593052 0.0463603 0.11814 0.0183758 0.431748
0.0954175 0.0496677 0.0491582 0.00494527 0.00218239 0.0711156
0.0745785 0.0458069 0.049779 0.0194253 -0.000112365 0.229913
0.0766159 0.0494223 0.0496755 0.016725 0.00172053 0.201541
0.072937 0.0494529 0.0498119 0.0223162 0.00156537 0.26052
0.0044491 0.0504713 0.0137664 0.775224 0.0029717 0.0146581
0.030565 0.0466251 0.0439174 0.268176 -5.54338e-006 0.146299
0.0282123 0.0502294 0.0421245 0.295835 0.00698639 0.110852
0.0268113 0.0463475 0.0411803 0.322173 -0.00202133 0.0774432
0.0545495 0.0387553 0.0489338 0.0662394 -0.00901957 0.498783
0.0591059 0.0378218 0.0492713 0.0489203 -0.00787596 0.428091
0.0579841 0.0419195 0.0495454 0.0593184 -0.00406174 0.558514
0.0405952 0.0493968 0.0473981 0.161413 0.00556887 0.56879
0.0362689 0.0507684 0.0460788 0.199173 0.00829846 0.316108
0.0367905 0.0478682 0.0465443 0.196228 0.00342041 0.337492
0.0579471 0.0690948 0.0471234 0.0337982 0.0178465 0.284014
0.0559838 0.0649124 0.0475814 0.0505734 0.0174962 0.372139
0.0608385 0.0655295 0.0482146 0.0359197 0.015027 0.32781
0.0538312 0.0474222 0.0493513 0.0829546 0.0013454 1
0.0495925 0.0494008 0.0488676 0.104133 0.00451153 1
0.0502734 0.045168 0.0490159 0.0970039 -0.00184183 1
0.0439054 0.0356447 0.0467583 0.103991 -0.0171861 0.329222
0.0422348 0.0386512 0.0470234 0.125192 -0.0143047 0.359335
0.0409462 0.035439 0.0459585 0.119377 -0.0185923 0.278017
0.0418897 0.0536847 0.0473246 0.144486 0.0117285 0.563947
0.0406619 0.0575687 0.0460235 0.145252 0.0166766 0.403307
0.0373826 0.0543515 0.0457331 0.182706 0.0130823 0.335233
0.0668673 0.0605436 0.0491411 0.0287724 0.0104602 0.308506
0.0660001 0.0651889 0.0486472 0.0256861 0.0125163 0.273323
0.0629875 0.061354 0.0488253 0.0361183 0.0125447 0.353227
0.0683364 0.0859871 0.0461499 0.000989281 0.00994887 0.0872105
0.0647644 0.0833113 0.0459269 0.00348971 0.0125606 0.110504
0.0677501 0.081277 0.0465963 0.00447762 0.0120318 0.112932
0.0352674 0.0639527 0.0410561 0.133999 0.0254998 0.195329
0.0342977 0.0679529 0.0390823 0.10492 0.0275036 0.161357
0.0311916 0.0658612 0.0381604 0.129574 0.0270355 0.144229
0.0562415 0.0595303 0.0484723 0.0620988 0.0140796 0.496755
0.0606579 0.0590472 0.0489086 0.046789 0.0122979 0.434265
0.0593616 0.062024 0.0485165 0.0454236 0.0143271 0.397391
0.061729 0.0293209 0.0483185 0.0273919 -0.0123527 0.241795
0.058452 0.0254011 0.0473473 0.0259584 -0.0152518 0.206148
0.0629231 0.025743 0.0479326 0.0202693 -0.0127729 0.194397
0.0946079 0.0605148 0.0488055 0.00478466 0.00464415 0.0664833
0.070713 0.0621099 0.0490926 0.0202377 0.00937895 0.234836
0.0743412 0.0584498 0.0493597 0.0175883 0.00683329 0.211237
0.0739919 0.0618169 0.0491343 0.0163981 0.00821601 0.199991
0.02966 0.037994 0.0410006 0.232783 -0.0182758 0.0950259
0.025472 0.0414024 0.0388678 0.312016 -0.0128468 0.056905
0.0259782 0.0368559 0.0373976 0.25371 -0.0196531 0.059188
0.00452776 0.0954288 0.00643903 -0.00819299 0.00220116 0.0236614
0.00812658 0.0916129 0.0104331 -0.0107511 0.00453391 0.0256712
0.00799073 0.0875019 0.0106419 -0.00892526 0.00556046 0.0259971
0.00248576 0.00680997 0.00369483 -0.00436234 -0.00133787 0.0168731
0.00939285 0.00779908 0.010855 -0.00417569 -0.005146 0.0199865
0.0127691 0.00791016 0.0146046 -0.00284081 -0.00706661 0.0231621
0.09319 0.00248576 0.0485446 8.17257e-006 -0.000646622 0.0297576
0.0921342 0.00947103 0.0486447 0.000313446 -0.00181874 0.0336668
0.0919971 0.0128103 0.0487208 0.000600113 -0.00221749 0.0371719
0.0974869 0.0931274 0.0476353 -2.12348e-005 0.00274535 0.0299522
0.0921574 0.0916891 0.0475397 -0.000164655 0.00324141 0.0327965
0.0475857 0.0732394 0.0433707 0.0384661 0.0235565 0.208784
0.049221 0.0773171 0.0430135 0.0233071 0.0219044 0.172996
0.0446354 0.0768512 0.0414143 0.0310323 0.0240349 0.164525
0.0528389 0.0630842 0.0473507 0.0667825 0.0181462 0.423485
0.03236 0.0570232 0.0429709 0.207808 0.017474 0.195795
0.0337758 0.052999 0.0448125 0.217862 0.0116106 0.236506
0.0199051 0.0669914 0.026374 0.150221 0.0225991 0.0491696
0.0181402 0.0705413 0.0229009 0.105084 0.0205441 0.0435368
0.0350137 0.0054052 0.0329276 0.00123632 -0.0114367 0.0549877
0.037724 0.0290111 0.0422785 0.0994839 -0.0250521 0.160615
0.0331357 0.027319 0.0387729 0.103899 -0.0264466 0.110447
0.0365427 0.0251721 0.0402699 0.0775672 -0.0264376 0.129343
0.094571 0.0350387 0.0492807 0.00285503 -0.00072755 0.0648635
0.0730084 0.0334489 0.0493804 0.016455 -0.00525709 0.195029
0.0719118 0.0280882 0.0488995 0.0128584 -0.00749578 0.160353
0.0309712 0.0933957 0.0305483 -0.00593074 0.00869704 0.0562248
0.040481 0.0743248 0.0401848 0.0470795 0.0261605 0.163708
0.0401042 0.0785011 0.0388912 0.0283935 0.0244078 0.133875
0.0365749 0.0758863 0.037587 0.0438588 0.0262216 0.130895
0.0505943 0.0410199 0.0487784 0.0875222 -0.0076933 0.59406
0.0473337 0.0428691 0.0485648 0.108194 -0.00583126 0.651488
0.0466624 0.0388952 0.0479206 0.101736 -0.0121356 0.459004
0.0425701 0.0313564 0.0452029 0.0904943 -0.021453 0.242611
0.0540798 0.0433677 0.0493138 0.0764561 -0.00363598 0.682714
0.0704923 0.0387382 0.0496985 0.0237713 -0.00350819 0.267863
0.0726831 0.0423085 0.0497886 0.0215734 -0.00152307 0.250695
0.0685109 0.0432751 0.0498754 0.0295458 -0.00156667 0.328404
0.0749158 0.0751536 0.0478791 0.0065573 0.0101355 0.115134
0.0766004 0.0791797 0.0475675 0.00344254 0.00907239 0.0875425
0.0792255 0.023207 0.0488012 0.00535718 -0.00550388 0.0925653
0.0739277 0.0231693 0.0485599 0.00766275 -0.00746145 0.116685
0.0232831 0.0208785 0.0272127 0.0651092 -0.0219258 0.0451848
0.0232461 0.0262317 0.0290473 0.120457 -0.0235678 0.0459893
0.0732961 0.0935284 0.0461563 -0.001211 0.00476348 0.0572023
0.0701325 0.0789949 0.0471286 0.00552176 0.0115969 0.116416
0.072882 0.0823495 0.0470155 0.00246551 0.00968164 0.0884244
0.0454167 0.051481 0.0482152 0.123285 0.00828816 1
0.0272739 0.0639245 0.036251 0.169065 0.0251824 0.109178
0.0279453 0.0684014 0.0341788 0.113446 0.0270753 0.102593
0.0568282 0.0914548 0.0429896 -0.0018723 0.0099424 0.0843486
0.0537718 0.0869804 0.0427478 0.00263146 0.0150258 0.108073
0.0570337 0.0543361 0.0491967 0.0681799 0.00901803 0.650823
0.0599685 0.0564134 0.0491892 0.0553066 0.0101642 0.524266
0.0533151 0.0769998 0.0443718 0.0197663 0.0201997 0.182117
0.0546851 0.0727393 0.045644 0.0293756 0.0201139 0.233355
0.0567362 0.0761918 0.0454976 0.0179014 0.0185369 0.188117
0.0677844 0.0354647 0.0494471 0.0257428 -0.00612688 0.275097
0.0506472 0.0188527 0.0441887 0.0208171 -0.0192026 0.138082
0.0547529 0.0191589 0.0454176 0.0166155 -0.0168887 0.142286
0.054189 0.022393 0.0459838 0.024826 -0.0178235 0.174467
0.0672226 0.0730983 0.0476331 0.0136317 0.0134583 0.178567
0.0717488 0.0712367 0.0481866 0.0118185 0.0112769 0.161439
0.0705902 0.0756979 0.0475609 0.00811845 0.0117982 0.13465
0.0807451 0.0506203 0.0494983 0.0123204 0.00256755 0.153022
0.0806892 0.0547335 0.0493512 0.0117642 0.00436712 0.14731
0.0774151 0.0541096 0.0494951 0.0151794 0.00438452 0.185215
0.0346058 0.0312163 0.041584 0.130732 -0.0245935 0.141006
0.019121 0.04883 0.0342076 0.442728 0.00197739 0.0280106
0.0190793 0.0452665 0.0336783 0.440114 -0.00539254 0.0251097
0.0224118 0.0457865 0.0371573 0.386291 -0.0043038 0.0388401
0.0119758 0.0478132 0.0263921 0.585103 0.00052805 0.0159924
0.0169436 0.058629 0.0278884 0.318766 0.0170553 0.0311163
0.0207953 0.0574203 0.03296 0.313977 0.0174451 0.0441402
0.0880069 0.0526805 0.0492373 0.00750019 0.00307344 0.0975955
0.0849227 0.0493053 0.0493996 0.00920789 0.0021081 0.117818
0.0820098 0.0459547 0.0495379 0.0112836 0.000925148 0.14192
0.085882 0.04571 0.0494323 0.00852393 0.00102164 0.111218
0.0526361 0.0122109 0.0434975 0.00613901 -0.0144277 0.096636
0.0426513 0.012308 0.0394049 0.0121064 -0.0188071 0.0871541
0.0458402 0.0162986 0.0419024 0.019637 -0.0203623 0.113095
0.0239969 0.0784139 0.0267861 0.0399677 0.0214616 0.0608272
0.0129064 0.0755199 0.0157654 0.0433035 0.0133539 0.0321258
0.0104503 0.0789826 0.0130554 0.0173025 0.00965919 0.0288988
0.0100962 0.0758776 0.0127658 0.0318501 0.0104432 0.028358
0.0883637 0.0243979 0.0490202 0.00298247 -0.00309576 0.0634801
0.0848379 0.0213234 0.0488602 0.00295861 -0.00391956 0.0656204
0.089822 0.0205547 0.0489102 0.00184732 -0.00289084 0.0519944
0.096572 0.0309044 0.0492113 0.00153761 -0.000909849 0.0567037
0.0975642 0.0272045 0.0491574 0.00100583 -0.00098885 0.0527123
0.032482 0.0769549 0.0345367 0.0436648 0.0255906 0.103294
0.0290592 0.0970975 0.0296148 -0.00528683 0.00370655 0.0512877
0.0263283 0.0951514 0.0277263 -0.00710219 0.00522277 0.0480779
0.0308573 0.0175772 0.0329849 0.0394046 -0.0234268 0.0678815
0.024174 0.0132227 0.0265346 0.0210472 -0.0179861 0.0437768
0.0211525 0.0104597 0.0231917 0.00922871 -0.0136716 0.0356628
0.0250852 0.0106338 0.0268634 0.011784 -0.0161742 0.0437518
0.0436211 0.0811597 0.0400106 0.0176353 0.0222567 0.131898
0.0402359 0.0621477 0.0440577 0.122853 0.0227501 0.292439
0.036167 0.05949 0.0435992 0.161819 0.0206826 0.256971
0.00824524 0.0399433 0.0171557 0.47436 -0.00938335 0.0144213
0.00297967 0.0282515 0.003961 0.0614839 -0.00476596 0.0154859
0.00280448 0.0314417 0.00442549 0.0995766 -0.00519638 0.0150814
0.0600703 0.00764565 0.045425 7.67268e-005 -0.00727952 0.0755524
0.0717248 0.00305437 0.0471689 -0.000595021 -0.00207573 0.0548491
0.0684054 0.00285474 0.0467323 -0.000592698 -0.00228466 0.0594019
0.0969496 0.071612 0.0483651 0.00297595 0.00547853 0.0517683
0.097048 0.0682234 0.0485017 0.00353833 0.00536689 0.0558619
0.072933 0.0868115 0.0466125 0.000211184 0.00811925 0.0717511
0.0697073 0.0947218 0.0456473 -0.00137668 0.00459293 0.0619259
0.0710253 0.0902705 0.0461116 -0.000862602 0.00694355 0.0667303
0.069714 0.0242598 0.0483744 0.0109006 -0.00922298 0.142514
0.0667467 0.0477937 0.0499455 0.0354195 0.00075634 0.38998
0.0707615 0.0467484 0.0498861 0.0259307 8.48818e-005 0.296441
0.0366798 0.0179798 0.0374286 0.0355911 -0.0240424 0.0925453
0.0379622 0.0222597 0.0397772 0.0558133 -0.0257769 0.120526
0.0410624 0.0255133 0.0425566 0.0668203 -0.0249246 0.161972
0.0450044 0.0275333 0.0447851 0.0634025 -0.0227228 0.211639
0.0171459 0.0745432 0.0205298 0.0606398 0.0179386 0.0408268
0.0780998 0.0704656 0.0484228 0.0081795 0.00892423 0.121764
0.056613 0.0799997 0.044804 0.0111021 0.0175854 0.152968
0.0599425 0.0779577 0.04593 0.0121652 0.0164236 0.16471
0.0475421 0.0809262 0.0417145 0.0168362 0.0213224 0.144649
0.0505542 0.0371436 0.0482264 0.0773625 -0.0125961 0.443841
0.0646264 0.0442626 0.0498929 0.0399974 -0.00124535 0.426717
0.0627559 0.0485162 0.049884 0.0476138 0.00173725 0.506972
0.0581145 0.0492777 0.0496126 0.0662432 0.00307391 0.699966
0.0613695 0.0527954 0.0496575 0.0533738 0.00594586 0.552007
0.00758075 0.0691185 0.00967277 0.0773184 0.00916973 0.0235914
0.0102706 0.0656629 0.0138828 0.151027 0.0130496 0.0241521
0.0846688 0.0420358 0.0494743 0.00887096 -0.000178719 0.11682
0.0805646 0.0417365 0.0495782 0.011992 -0.000715234 0.151035
0.0858432 0.033292 0.0493147 0.00641282 -0.00247795 0.0955941
0.0874572 0.0381746 0.0493899 0.00653578 -0.00103096 0.0943949
0.0500043 0.0148613 0.0431353 0.0123674 -0.0176461 0.109967
0.0379556 0.0129843 0.0369937 0.017836 -0.0206086 0.0796115
0.0760702 0.0859031 0.0469949 0.000501941 0.00757939 0.0665343
0.0782872 0.0831278 0.047343 0.00139933 0.00777153 0.0684839
0.0742167 0.067821 0.0486142 0.0124777 0.00985288 0.164291
0.0805651 0.0188687 0.0486157 0.00288802 -0.00497286 0.0701467
0.0712105 0.0218921 0.0482858 0.00809568 -0.00860857 0.121443
0.018892 0.0194584 0.0218763 0.0516724 -0.0179634 0.0324869
0.0244707 0.0305719 0.0322647 0.173404 -0.0238357 0.0502446
0.0218893 0.0292645 0.0286405 0.161662 -0.0228277 0.039346
0.0801537 0.00755803 0.0481982 -0.000103867 -0.00254652 0.0434625
0.0842106 0.0106022 0.0484713 0.000364178 -0.00277926 0.0420452
0.0802239 0.0120723 0.0483262 0.000680742 -0.00383302 0.0512741
0.0877666 0.0779155 0.0480125 0.00228491 0.00644682 0.0566781
0.0842679 0.0793049 0.047847 0.00225831 0.00706966 0.0633154
0.00758684 0.0197148 0.00894294 0.0290534 -0.00794736 0.0182854
0.0105613 0.0157136 0.0121965 0.0161378 -0.0091992 0.0208065
0.0121745 0.0194179 0.014185 0.0395672 -0.0120455 0.0220378
0.0199066 0.0871608 0.0211809 -0.00284707 0.0108469 0.0396063
0.0164497 0.0843406 0.0187812 0.0035209 0.0115004 0.0362749
0.0202823 0.0837036 0.0219135 0.00687276 0.01424 0.0428913
0.0204667 0.0775366 0.0234846 0.0422243 0.0193603 0.0495418
0.0235912 0.0754007 0.0271151 0.0586536 0.0228342 0.0624883
0.0328422 0.0494236 0.0450426 0.232559 0.00620023 0.226315
0.0348325 0.0445372 0.0459528 0.211282 -0.00405695 0.246979
0.0375424 0.0340443 0.0441941 0.134242 -0.0212967 0.20002
0.0349112 0.0389954 0.044662 0.187479 -0.0158211 0.187672
0.0327679 0.0344734 0.0416937 0.168761 -0.022451 0.128731
0.0738472 0.0645044 0.0489159 0.0149601 0.0091152 0.18653
0.0691131 0.0518531 0.0498469 0.0296768 0.00344748 0.333759
0.0282467 0.0334158 0.037713 0.190341 -0.0233737 0.0774925
0.0263232 0.0542829 0.0396004 0.299893 0.01305 0.0859414
0.0303241 0.0535214 0.0429267 0.255003 0.0119493 0.154221
0.0285191 0.0567346 0.0406756 0.250723 0.0168357 0.121897
0.0665598 0.0279433 0.0485653 0.0185481 -0.0101439 0.197904
0.0517474 0.0315315 0.047356 0.0597875 -0.0168448 0.313204
0.047147 0.0303087 0.0461435 0.0682634 -0.020261 0.265329
0.0380789 0.066531 0.0415871 0.104458 0.0263236 0.209119
0.042075 0.0658548 0.0435758 0.0926112 0.0249329 0.262004
0.05232 0.0815364 0.0432113 0.0114888 0.0190147 0.142759
0.0564873 0.0837207 0.0441382 0.00584718 0.0162009 0.126142
0.0401677 0.082307 0.0380681 0.0154408 0.0220327 0.113585
0.0318068 0.061817 0.0406446 0.166574 0.0239204 0.172087
0.0289186 0.0597631 0.0398012 0.208921 0.0214805 0.1336
0.0156376 0.0791968 0.0183391 0.0253864 0.0141565 0.0367674
0.00980679 0.0729009 0.0124542 0.0509042 0.0109095 0.02752
0.00763578 0.0762269 0.00994523 0.0221544 0.00780339 0.0258387
0.0630123 0.0700029 0.0477393 0.0234312 0.0150741 0.245082
0.0633923 0.075251 0.0468611 0.01384 0.0152669 0.178698
0.0541468 0.068755 0.0463978 0.0436426 0.0200601 0.300136
0.0688634 0.0207136 0.0479634 0.00843972 -0.0096387 0.123817
0.0579116 0.021049 0.0464351 0.0177443 -0.0156226 0.159689
0.0617934 0.0221468 0.0472759 0.0168184 -0.0136861 0.16643
0.0814579 0.0655538 0.0487922 0.0084811 0.00717466 0.116932
0.077066 0.0622037 0.0490833 0.0135699 0.00752256 0.17056
0.0769375 0.0661097 0.0487819 0.0115072 0.00864381 0.152239
0.0209121 0.0323445 0.0288997 0.212393 -0.0213765 0.0344599
0.0184448 0.0391806 0.0303943 0.365051 -0.0147812 0.024267
0.0207583 0.0419389 0.0343999 0.382054 -0.0113576 0.0303504
0.0170712 0.0426167 0.0306547 0.445577 -0.00941404 0.0207083
0.0759553 0.0900395 0.0466778 -0.000627417 0.00596717 0.0574321
0.0569658 0.030195 0.0479637 0.0401173 -0.0146572 0.280552
0.0603985 0.0336345 0.0488604 0.0382794 -0.0106658 0.324709
0.0687955 0.0315726 0.0491379 0.0202586 -0.00767862 0.222623
0.0304398 0.0426072 0.0432141 0.261811 -0.00964584 0.119715
0.0280882 0.0280882 0.0349064 0.126245 -0.0257738 0.0727218
0.0315135 0.0309169 0.0393246 0.143525 -0.0253471 0.105995
0.020875 0.0155242 0.0234502 0.0290648 -0.0172176 0.0367209
0.0258604 0.0167379 0.0286743 0.0367176 -0.0213256 0.0507607
0.0277395 0.00901726 0.0282382 0.00878838 -0.0154646 0.0463175
0.0240763 0.00752579 0.0253634 0.00413713 -0.0123638 0.0391188
0.0831267 0.0259035 0.0490342 0.0050642 -0.00415492 0.0857373
0.0923599 0.0237951 0.0490342 0.0019595 -0.00234879 0.0535829
0.084018 0.0535079 0.0493035 0.0095259 0.00361146 0.121294
0.086636 0.0569405 0.0491231 0.00782257 0.00438333 0.101764
0.082388 0.0575113 0.049215 0.0101615 0.00494133 0.129553
0.0536268 0.0160687 0.0444768 0.0119502 -0.0163328 0.118626
0.0566276 0.0135138 0.045037 0.00618969 -0.013061 0.102781
0.05739 0.0174312 0.0456957 0.0117486 -0.0149131 0.128409
0.015954 0.0464795 0.0307232 0.50063 -0.00259561 0.019546
0.0133136 0.0435544 0.0266667 0.520828 -0.00708039 0.0162783
0.0126411 0.0912371 0.0154919 -0.0112534 0.00633982 0.0301005
0.0114937 0.087124 0.0146005 -0.00641279 0.00767079 0.0298122
0.0159045 0.0890962 0.0186027 -0.00792727 0.00810118 0.0342885
0.0154656 0.0165805 0.0177133 0.0286364 -0.0135957 0.0265946
0.0129697 0.0116086 0.0148276 0.00520747 -0.00905074 0.0234243
0.00548729 0.0052812 0.00674118 -0.00564244 -0.00233234 0.0176535
0.0878644 0.0860396 0.0475902 0.000335947 0.00502293 0.0420807
0.0879214 0.0816852 0.0478034 0.00126966 0.00593596 0.0491202
0.0915032 0.0838699 0.0477634 0.000695688 0.00499197 0.0398482
0.0834965 0.0155186 0.0485919 0.00143315 -0.00381489 0.0534662
0.0883652 0.0129663 0.0486559 0.000698478 -0.00265087 0.0409093
0.0946897 0.00545991 0.0485986 0.000103818 -0.00110327 0.0297879
0.0786621 0.0579849 0.049291 0.0130722 0.00571014 0.16291
0.0891582 0.0431079 0.0493719 0.00647447 0.000471618 0.0907019
0.0422201 0.0201434 0.0413022 0.0379807 -0.0237352 0.127485
0.0468122 0.0203629 0.0433044 0.0308635 -0.0218711 0.14403
0.0331346 0.0856705 0.0329429 0.00628394 0.0183111 0.0767945
0.0278223 0.0861687 0.0288514 0.00323182 0.0158522 0.0603448
0.0311342 0.069304 0.0364976 0.0992665 0.0278753 0.127982
0.0334836 0.0723781 0.0367997 0.0712699 0.0275149 0.130621
0.0292504 0.0722656 0.0336864 0.0779041 0.0269554 0.101371
0.0830453 0.0377734 0.049457 0.00918536 -0.00183447 0.122509
0.0782834 0.0453763 0.0496613 0.0147291 0.000340539 0.179975
0.0765951 0.0418026 0.0496882 0.0160961 -0.00107026 0.19482
0.024088 0.0674383 0.0306793 0.136434 0.0252737 0.0714531
0.0225371 0.0636583 0.0311464 0.197957 0.0232808 0.0608295
0.0180631 0.0632966 0.0261919 0.215016 0.0205681 0.0393529
0.0525484 0.0563254 0.0484948 0.082068 0.0125961 0.639186
0.0730242 0.0782751 0.04744 0.00500785 0.0105492 0.107156
0.0350293 0.0900808 0.033628 -0.00184089 0.0140638 0.0704708
0.0359321 0.0809622 0.0358711 0.0221592 0.0230458 0.103539
0.0282553 0.0132502 0.0297598 0.023205 -0.0198903 0.0533775
0.030853 0.0893002 0.0307134 -0.00203113 0.0138238 0.0623174
0.0272468 0.0910734 0.0279857 -0.00569107 0.0101769 0.0519785
0.0507581 0.0606073 0.0475097 0.0794906 0.0172053 0.478044
0.0809572 0.0341358 0.0493852 0.00975165 -0.0032757 0.130145
0.0748077 0.0381877 0.0496342 0.0170587 -0.00285787 0.203956
0.0771672 0.0349688 0.0494596 0.0128881 -0.0037133 0.162107
0.0592264 0.0734991 0.0465095 0.0208956 0.0174695 0.213541
0.0638596 0.0796431 0.0462654 0.00757331 0.0141978 0.13765
0.0605871 0.082831 0.0452884 0.00538775 0.0146166 0.125388
0.04766 0.0341824 0.0472014 0.0810459 -0.0167986 0.346078
0.0456109 0.0467145 0.0484799 0.123973 0.000477768 1
0.043274 0.0427647 0.0479573 0.132508 -0.00673903 0.527054
0.0634843 0.0367773 0.0494212 0.0356813 -0.00691475 0.348354
0.0918554 0.0387644 0.0493326 0.00457627 -0.000367916 0.0758153
0.0234902 0.0889992 0.0247654 -0.00489357 0.010737 0.0461981
0.00665513 0.0796269 0.00885854 0.00675812 0.00616366 0.0252358
0.093467 0.0202459 0.048947 0.00134077 -0.00228971 0.0466536
0.0204992 0.0066184 0.0222588 0.000467445 -0.00965111 0.0330538
0.0886157 0.0689424 0.0485372 0.00472483 0.00625256 0.0733135
0.0850754 0.0681633 0.0485987 0.00591654 0.00681078 0.088635
0.0688002 0.0115952 0.0471615 0.00176127 -0.0072976 0.078188
0.0677676 0.0151787 0.0472692 0.00424931 -0.00913191 0.0957278
0.00919789 0.0317293 0.0130705 0.184623 -0.0122816 0.0168746
0.0734372 0.053447 0.049677 0.0208285 0.00427632 0.245028
0.0697968 0.0572131 0.0495117 0.0256173 0.00738195 0.289171
0.0533813 0.0266593 0.0467225 0.0390908 -0.0181134 0.22894
0.0508037 0.0705712 0.0451538 0.043215 0.0220957 0.262499
0.0516055 0.0666209 0.0463729 0.057153 0.0205555 0.340709
0.0510004 0.0741312 0.0443041 0.0303158 0.0219579 0.211502
0.0835166 0.0838266 0.0475467 0.000902614 0.00635558 0.0541783
0.00891635 0.0120719 0.01028 0.00241021 -0.00645094 0.0194913
0.0879039 0.00894538 0.0485411 0.000200897 -0.00206548 0.0360618
0.0656519 0.0911077 0.0452434 -0.00122003 0.00778914 0.0750336
0.0670903 0.077305 0.0470214 0.00855978 0.013217 0.142226
0.0490312 0.0538342 0.0484025 0.102958 0.0106645 1
0.0533918 0.0517847 0.0491135 0.0849364 0.00705633 1
0.0244418 0.034087 0.0342046 0.224751 -0.0221053 0.0495216
0.0176918 0.035572 0.0267606 0.286996 -0.0181687 0.0243941
0.0658447 0.0232701 0.0479341 0.0136912 -0.0113224 0.157472
0.065026 0.0184545 0.0472151 0.00858014 -0.0112684 0.122715
0.0307053 0.0745855 0.0339521 0.0580892 0.0264328 0.101586
0.0452402 0.0902322 0.0388962 -0.000707901 0.0141794 0.0876343
0.051049 0.0942719 0.0406096 -0.00306731 0.00867713 0.0782918
0.0484394 0.0925213 0.0397933 -0.0024924 0.0110662 0.0819503
0.0443619 0.00867533 0.0393006 0.00389428 -0.0145651 0.0759975
0.00806199 0.0567974 0.0151428 0.421685 0.00925592 0.016668
0.0246695 0.0590821 0.036094 0.25919 0.019676 0.0744334
0.0234411 0.050754 0.037924 0.365319 0.00676318 0.0529131
0.0494481 0.0642445 0.0465376 0.0710147 0.0202411 0.381031
0.0250814 0.071854 0.0297016 0.0871939 0.025128 0.073394
0.0146273 0.0390824 0.025387 0.397483 -0.0133495 0.0181388
0.0493296 0.0886832 0.0407344 0.000956652 0.0149595 0.097754
0.0492896 0.0848109 0.0415266 0.00770643 0.0185075 0.121703
0.080533 0.0802874 0.0476435 0.00225376 0.00778813 0.0706706
0.0233334 0.0847915 0.0246759 0.00501265 0.0149561 0.0493065
0.0448975 0.0557252 0.0474835 0.121101 0.0138884 0.589566
0.0394136 0.045215 0.0473735 0.167472 -0.00233249 0.44109
0.0389069 0.0412233 0.0468335 0.159571 -0.0108802 0.32916
0.0570618 0.0454535 0.0495993 0.0677622 -0.000860839 0.683216
0.0605699 0.0450568 0.0497963 0.0536443 -0.000910851 0.553387
0.0124018 0.0826375 0.0152186 0.00488517 0.00967312 0.0310998
0.0527579 0.0353283 0.0481995 0.0650203 -0.0133962 0.400925
0.0645398 0.0563577 0.0494594 0.0394778 0.00853289 0.409554
0.0785398 0.0153981 0.0483527 0.00191925 -0.0050838 0.0650459
0.0155062 0.0212242 0.0183967 0.06166 -0.0159583 0.0263092
0.0705976 0.0667345 0.0486545 0.0169386 0.0109288 0.204561
0.0676686 0.0692582 0.0482453 0.0182959 0.0127981 0.214705
0.0409023 0.0159153 0.0394883 0.0235861 -0.0221362 0.0990101
0.052229 0.0913311 0.0414209 -0.00184483 0.0114008 0.0865377
0.0648621 0.0515966 0.0498663 0.0412362 0.00381078 0.44475
0.0559208 0.0345444 0.0484825 0.0538563 -0.0124732 0.37566
0.017339 0.0123906 0.0193756 0.0119365 -0.0124704 0.0291025
0.0877661 0.0173129 0.0487744 0.00148615 -0.00317357 0.0494477
0.0866295 0.0281888 0.049142 0.0046022 -0.00318304 0.0791728
0.0857766 0.0249503 0.0490164 0.00387924 -0.00365929 0.073147
0.0620227 0.0409407 0.0496925 0.0446521 -0.00407905 0.446127
0.0648105 0.0326558 0.0490461 0.0271854 -0.00894539 0.268656
0.0460355 0.0866921 0.0397992 0.00434728 0.0177115 0.105118
0.00593161 0.0296955 0.00787126 0.116216 -0.00845908 0.0158241
0.0606027 0.0189632 0.0465244 0.0123686 -0.0139371 0.137848
0.0607909 0.0155784 0.0461258 0.00734872 -0.0124197 0.111917
0.0807167 0.0608397 0.0491184 0.0106985 0.00605358 0.137587
0.0844259 0.0611226 0.0490089 0.00826839 0.00559109 0.109215
0.0216716 0.0700096 0.026933 0.110387 0.023597 0.0567319
0.0211435 0.0732229 0.0251667 0.0762113 0.0220237 0.0536329
0.0112339 0.0410406 0.0221614 0.489568 -0.00999549 0.0151338
0.0220703 0.0373804 0.0334585 0.294641 -0.0179391 0.0372457
0.0266171 0.0240063 0.0320622 0.0913838 -0.0252754 0.0609218
0.0396203 0.00833521 0.0367316 0.00500525 -0.0151049 0.0686499
0.0221996 0.0811534 0.0242991 0.0209679 0.017845 0.0507832
0.019069 0.0811469 0.02138 0.0183 0.0156709 0.042772
0.0205813 0.0604513 0.0309797 0.262498 0.0203926 0.0464696
0.0422353 0.0459071 0.0480346 0.144205 -0.000922057 0.62808
0.0309831 0.00733848 0.0301163 0.00475893 -0.0139331 0.0496883
0.0793411 0.047745 0.0496062 0.013694 0.00125106 0.168428
0.078844 0.0380634 0.0495439 0.0126209 -0.00239306 0.158861
0.0228095 0.0551416 0.0360313 0.330881 0.0143596 0.0529827
0.0661595 0.0397443 0.0497288 0.0328223 -0.00393575 0.347781
0.00803693 0.0837134 0.0107 -0.00203335 0.00636204 0.0264817
0.0919885 0.016265 0.0488116 0.00100182 -0.00245781 0.0421901
0.016412 0.00804282 0.0184829 0.000442074 -0.00896776 0.0277146
0.0389449 0.0376917 0.0459437 0.144097 -0.0166762 0.268699
0.0915962 0.0880431 0.0476191 0.000117774 0.00414166 0.0355245
0.0887521 0.0906922 0.0474532 -0.000208236 0.00378061 0.0366428
0.0856711 0.0934413 0.0472262 -0.000497769 0.00318492 0.0385329
0.0367981 0.0698328 0.039807 0.0852181 0.0274887 0.172451
0.03752 0.0724159 0.0392755 0.0628668 0.0272679 0.158914
0.0458931 0.0836555 0.0404516 0.0103749 0.0201721 0.122598
0.0918879 0.0790242 0.0479966 0.00167976 0.00563928 0.0463035
0.0506798 0.0345464 0.0478045 0.0693972 -0.0150152 0.373838
0.0760499 0.0262684 0.0489081 0.00871262 -0.00635413 0.124298
