VARIABLES= "X", "Y", "P", "U", "V", "C"
0 0 0 0 0 0.0280376
0.005 0 0.00585761 0 0 0.0285392
0.01 0 0.0092803 0 0 0.0304823
0.015 0 0.0167024 0 0 0.0382126
0.02 0 0.0245234 0 0 0.0500832
0.025 0 0.0245234 0 0 0.0500832
0.03 0 0.0290422 0 0 0.0600659
0.035 0 0.0296115 0 0 0.06145
0.04 0 0.0368578 0 0 0.0813939
0.045 0 0.0395218 0 0 0.0880886
0.05 0 0.0400662 0 0 0.089525
0.055 0 0.0473109 0 0 0.101252
0.06 0 0.0485396 0 0 0.0977479
0.065 0 0.0491554 0 0 0.0968129
0.07 0 0.0495363 0 0 0.0928214
0.075 0 0.0508123 0 0 0.0817045
0.08 0 0.0515426 0 0 0.0679371
0.085 0 0.0517186 0 0 0.0639388
0.09 0 0.0517186 0 0 0.0639388
0.095 0 0.0519318 0 0 0.0589586
0.1 0 0.0519408 0.000112257 -0.000363854 0.0588016
0.1 0.005 0.0519658 0.000390984 -0.00120599 0.0590775
0.1 0.01 0.0520527 0.000813269 -0.00191805 0.0610791
0.1 0.015 0.0522826 0.00178775 -0.00263028 0.0713392
0.1 0.02 0.0525664 0.00246193 -0.00224899 0.0842611
0.1 0.025 0.0527638 0 0 0.0914352
0.1 0.03 0.0527638 0 0 0.0914352
0.1 0.035 0.0527716 0 0 0.0943112
0.1 0.04 0.0528306 0.00614362 0.000710703 0.107236
0.1 0.045 0.0527836 0.00740662 0.00160768 0.109506
0.1 0.05 0.0527549 0.00805469 0.00209201 0.110892
0.1 0.055 0.0523025 0.00876144 0.00615425 0.106003
0.1 0.06 0.0521571 0.0082755 0.00694142 0.102094
0.1 0.065 0.0519818 0.007499 0.00758697 0.0974873
0.1 0.07 0.0518929 0.00691526 0.00774456 0.0935329
0.1 0.075 0.0514785 0.00447989 0.0077738 0.0803728
0.1 0.08 0.0511591 0.00239512 0.00678638 0.0688903
0.1 0.085 0.0510442 0.00157973 0.00595376 0.0642139
0.1 0.09 0.0510442 0.00157973 0.00595376 0.0642139
0.1 0.095 0.0508967 0.00050645 0.00335579 0.0598337
0.1 0.1 0.0508918 0 0 0.0597337
0.095 0.1 0.0508455 0 0 0.0603369
0.09 0.1 0.0503421 0 0 0.0688147
0.085 0.1 0.0502207 0 0 0.0711329
0.08 0.1 0.0497536 0 0 0.0791744
0.075 0.1 0.048272 0 0 0.0950698
0.07 0.1 0.0484925 0 0 0.0963225
0.065 0.1 0.0474097 0 0 0.101259
0.06 0.1 0.0446776 0 0 0.10856
0.055 0.1 0.0446776 0 0 0.10856
0.05 0.1 0.0416448 0 0 0.10508
0.045 0.1 0.0382156 0 0 0.0965448
0.04 0.1 0.034966 0 0 0.0869982
0.035 0.1 0.034966 0 0 0.0869982
0.03 0.1 0.0303593 0 0 0.0741141
0.025 0.1 0.0303593 0 0 0.0741141
0.02 0.1 0.0255973 0 0 0.0632054
0.015 0.1 0.0177759 0 0 0.0502861
0.01 0.1 0.0123743 0 0 0.0438333
0.005 0.1 0.00367343 0 0 0.0388631
0 0.1 0 0 0 0.0388631
0 0.095 0 0 0 0.0392733
0 0.09 0 0 0 0.0388502
0 0.085 0 0 0 0.0376293
0 0.08 0 0 0 0.03519
0 0.075 0 0 0 0.03519
0 0.07 0 0 0 0.0319682
0 0.065 0 0 0 0.0245648
0 0.06 0 0 0 0.0245648
0 0.055 0 1 0 0.023001
0 0.05 0 1 0 0.0226228
0 0.045 0 1 0 0.0213225
0 0.04 0 0 0 0.021762
0 0.035 0 0 0 0.0226198
0 0.03 0 0 0 0.0228215
0 0.025 0 0 0 0.0255185
0 0.02 0 0 0 0.0266531
0 0.015 0 0 0 0.0270651
0 0.01 0 0 0 0.0270651
0 0.005 0 0 0 0.0278829
0.00447241 0.0874131 0.00664969 -0.00717507 0.00298052 0.0385413
0.00256 0.00353957 0.00397107 -0.00378368 -0.000885082 0.0280376
0.0974172 0.0964082 0.050878 0.0003554 0.00277778 0.0594557
0.0964604 0.00256 0.0519537 0.000271195 -0.00087901 0.0585794
0.00238194 0.0976072 0.00367343 -0.00434535 0.000925988 0.0388631
0.0127849 0.0043896 0.0143118 -0.00408767 -0.00452988 0.0351123
0.00841917 0.00347932 0.0092803 -0.00508214 -0.00262131 0.0304823
0.095565 0.0127058 0.0521775 0.00143709 -0.00256744 0.0667808
0.0964778 0.00852734 0.0520527 0.000813269 -0.00191805 0.0610791
0.0231513 0.00368712 0.0245234 0.000170315 -0.00651196 0.0500832
0.01796 0.00375851 0.0201445 -0.00209191 -0.00525373 0.0426767
0.015532 0.0251939 0.0190407 0.105372 -0.0166636 0.0333454
0.0191958 0.023523 0.0230368 0.0926027 -0.0192071 0.0409201
0.0187153 0.0281514 0.0240108 0.153296 -0.0198139 0.0374606
0.0964601 0.0230029 0.0525664 0.00246193 -0.00224899 0.0842611
0.0962468 0.0178699 0.0523784 0.00210741 -0.00268756 0.0754948
0.0747361 0.0159631 0.0512069 0.00596964 -0.00793715 0.113901
0.0766718 0.0192818 0.0516226 0.00770296 -0.00773325 0.121431
0.0722885 0.01904 0.0511424 0.0101526 -0.0096143 0.138551
0.0272087 0.00239815 0.0270845 6.31658e-005 -0.00549344 0.0553066
0.0309201 0.00344181 0.0296115 0.00105498 -0.00806286 0.06145
0.0273151 0.00550903 0.0276367 0.00364726 -0.0105064 0.0569829
0.00796538 0.0491288 0.0201417 0.685637 0.00279146 0.0218217
0.0110744 0.0528307 0.0231303 0.533712 0.00774277 0.0237909
0.00670318 0.0530398 0.0156837 0.606177 0.00608623 0.0224663
0.0332769 0.013692 0.0344303 0.0307602 -0.0217229 0.0825668
0.0310268 0.0105883 0.0315025 0.0183661 -0.0182698 0.0698446
0.0346026 0.00967541 0.0345004 0.0140246 -0.0176957 0.0791333
0.00300337 0.0134889 0.004017 0.00143329 -0.00255544 0.0270651
0.00506595 0.0100592 0.00616287 -0.00207296 -0.00307817 0.0281497
0.0756551 0.029422 0.052366 0.0177226 -0.00692475 0.18439
0.0792233 0.027711 0.0523917 0.0134076 -0.00623362 0.155194
0.0780819 0.0315933 0.0526014 0.0172886 -0.0054277 0.181766
0.0943956 0.0272441 0.0526654 0.00358435 -0.00222875 0.0921343
0.0926615 0.0309831 0.0527569 0.00533397 -0.00206787 0.102306
0.0907561 0.0275749 0.0526322 0.00554472 -0.0031071 0.101096
0.0901909 0.0346583 0.0528434 0.00802293 -0.00170371 0.117515
0.0892112 0.0309766 0.0527388 0.00757255 -0.0028338 0.114237
0.0865167 0.00303925 0.0517186 0.000154946 -0.0012631 0.0639388
0.0899305 0.00507751 0.0518652 0.000408856 -0.00163087 0.0620411
0.0962759 0.0391469 0.0528507 0.00549373 0.000271156 0.10627
0.0697948 0.00669028 0.0499025 0.000970021 -0.00502062 0.0954253
0.0750534 0.00540153 0.0507421 0.000239369 -0.00325647 0.0830823
0.0748956 0.01106 0.0509476 0.0028018 -0.00622674 0.0966092
0.0939618 0.0428392 0.0528367 0.00811475 0.00109715 0.114258
0.0973333 0.0427043 0.0528101 0.0068043 0.00115756 0.108217
0.0825327 0.00356626 0.0515426 0.000100332 -0.00160861 0.0679371
0.078548 0.00330516 0.0512217 -5.37905e-005 -0.00183756 0.0736765
0.0620046 0.0055218 0.0484146 0.000742051 -0.00573884 0.101674
0.0652791 0.00446393 0.0491012 0.000381968 -0.00422412 0.0973806
0.0642685 0.00860859 0.0489184 0.00281857 -0.00789702 0.108208
0.0824665 0.030027 0.0526148 0.0124642 -0.004742 0.147784
0.0394108 0.00363431 0.0365031 0.000851763 -0.00852291 0.0805351
0.0058518 0.0251091 0.00697764 0.0608818 -0.00717354 0.0252253
0.0112986 0.0239063 0.0135443 0.0794407 -0.0124166 0.0288757
0.00905501 0.0277984 0.0115935 0.116713 -0.0114067 0.0256628
0.0965421 0.0462939 0.0527549 0.00805469 0.00209201 0.110892
0.0602374 0.0112645 0.0481055 0.00630774 -0.0113078 0.121739
0.0644835 0.0133983 0.0492237 0.00791874 -0.0112839 0.128527
0.0973543 0.0615249 0.0521571 0.0082755 0.00694142 0.102094
0.0966422 0.0578627 0.0523025 0.00876144 0.00615425 0.106003
0.069046 0.0176845 0.0505428 0.0105739 -0.010891 0.141463
0.0712847 0.0150357 0.0506633 0.00680777 -0.00919787 0.1218
0.00345446 0.0175177 0.00435662 0.00904499 -0.00342529 0.0266531
0.00348997 0.0214972 0.00425772 0.0207389 -0.00405651 0.0258528
0.0434206 0.00533535 0.0391629 0.00215511 -0.0108498 0.0893601
0.0428716 0.00242364 0.0383977 -0.000179739 -0.00588061 0.0851225
0.0561464 0.00882334 0.0465331 0.00399685 -0.0108549 0.11284
0.0533474 0.00457687 0.0447594 0.000251582 -0.00736508 0.100505
0.05829 0.00403083 0.0473109 4.4198e-005 -0.00528316 0.101252
0.0825282 0.0696639 0.0518154 0.0113555 0.0102413 0.138512
0.0856326 0.0715069 0.0517313 0.00893939 0.00963592 0.118578
0.0823751 0.0726296 0.0515917 0.00985315 0.0105805 0.130154
0.00582295 0.0379734 0.0117174 0.371568 -0.0083954 0.0217618
0.0051111 0.0342613 0.008188 0.198231 -0.00792928 0.0224999
0.00877978 0.036083 0.0145107 0.311034 -0.0113026 0.0226056
0.0332698 0.022241 0.0370493 0.0730575 -0.0259323 0.100546
0.0299083 0.0244369 0.0349489 0.0963564 -0.0259422 0.082856
0.028224 0.0208593 0.0323841 0.0702526 -0.0242067 0.0724979
0.0887278 0.0610411 0.0523143 0.0111745 0.00732609 0.127075
0.0907154 0.0650917 0.0520923 0.00917335 0.00790052 0.11185
0.086503 0.0649858 0.0521383 0.0112579 0.00852804 0.130882
0.0621152 0.00286001 0.0485396 -0.000119729 -0.00330421 0.0977479
0.0459507 0.00280405 0.0400662 -0.000214222 -0.00637656 0.089525
0.0131027 0.0344262 0.0193115 0.272329 -0.0148995 0.0253195
0.011204 0.0381221 0.0191399 0.388241 -0.012194 0.0226581
0.0167766 0.0318075 0.0227378 0.214673 -0.0182042 0.0308184
0.0133839 0.0288861 0.0173817 0.155794 -0.015504 0.0285617
0.0403732 0.0913366 0.0377308 0.000721941 0.0138271 0.103573
0.044335 0.0939135 0.039331 -0.0014951 0.0104574 0.103595
0.0402342 0.0957126 0.0368871 -0.00259959 0.00777802 0.093898
0.00289272 0.0378727 0.00631319 0.308962 -0.00501714 0.021762
0.00408592 0.0417067 0.0120236 0.633403 -0.00461959 0.0213225
0.0950646 0.0647221 0.0520653 0.00804748 0.0074389 0.101203
0.0921778 0.0616186 0.0522304 0.00940007 0.0071025 0.111625
0.0329965 0.0969405 0.0328245 -0.00368762 0.00467075 0.080939
0.0359633 0.0941456 0.0347519 -0.00304744 0.00921949 0.0886349
0.0369214 0.0973654 0.034966 -0.00287255 0.00495716 0.0869982
0.00250092 0.0569438 0.00552517 0.341595 0.00447022 0.0233344
0.00315217 0.0535864 0.009057 0.643732 0.0039912 0.0226228
0.0049815 0.0560931 0.0102849 0.452418 0.00658394 0.0231208
0.095866 0.0827474 0.0511591 0.00239512 0.00678638 0.0688903
0.0964367 0.0783855 0.0513634 0.00366493 0.00748938 0.0752896
0.0386573 0.0861702 0.0375776 0.0110683 0.0194237 0.1148
0.0429772 0.0846886 0.0403261 0.014558 0.0209954 0.134243
0.0426567 0.0878239 0.0395748 0.00670787 0.0179902 0.11987
0.0932258 0.0697828 0.0518413 0.00703497 0.00811658 0.0963759
0.0946371 0.07473 0.0515751 0.00516373 0.00801246 0.0846382
0.089554 0.0738932 0.0516006 0.00644001 0.00882473 0.0977292
0.0970191 0.0867246 0.0510442 0.00157973 0.00595376 0.0642139
0.095234 0.089893 0.0509341 0.00099604 0.00507054 0.0626462
0.00437094 0.0600395 0.00655708 0.238092 0.00644867 0.0245648
0.00561171 0.0649562 0.00691824 0.119619 0.00726378 0.0283405
0.0942154 0.0862276 0.0510181 0.00162606 0.00617013 0.0661048
0.0479495 0.0964612 0.0406841 -0.00204322 0.00690938 0.103577
0.0435037 0.0972175 0.0382156 -0.00226037 0.00584467 0.0965448
0.0851127 0.0753505 0.0514328 0.00713296 0.00985539 0.109422
0.0802988 0.0760908 0.0512024 0.00843175 0.011136 0.126201
0.0195127 0.0915991 0.0219549 -0.00806699 0.00627949 0.0563638
0.0231912 0.0930701 0.0256809 -0.00722404 0.00606802 0.0639379
0.0206569 0.0943152 0.0236911 -0.00894163 0.00423977 0.0594183
0.0903486 0.0954747 0.0506133 0.000109915 0.00314636 0.0646663
0.0946053 0.0944584 0.0508305 0.000379566 0.00342659 0.0607408
0.0865886 0.0969786 0.0503421 -0.000142879 0.00244957 0.0688147
0.0810725 0.0919109 0.0501289 0.000234638 0.00576249 0.0791565
0.0825644 0.0962798 0.0500706 -0.000264147 0.00314125 0.0739994
0.0774802 0.0955982 0.0494783 -0.000438988 0.00416095 0.0836689
0.084643 0.0888865 0.0505414 0.00104607 0.0065678 0.0767964
0.0801208 0.0872204 0.0503253 0.00177555 0.00820945 0.0893208
0.0652115 0.0966771 0.0474097 -0.000975725 0.00445295 0.101259
0.0610973 0.0943457 0.0463866 -0.00104391 0.00761959 0.108994
0.0587776 0.0870231 0.0465333 0.00504853 0.0151467 0.137657
0.0633486 0.086782 0.0478225 0.00433947 0.0137126 0.132814
0.0611855 0.0901683 0.0468288 0.00105811 0.0115991 0.120144
0.0566477 0.0961313 0.0446776 -0.00163973 0.0063583 0.10856
0.0525385 0.0968422 0.0429234 -0.00188631 0.00600884 0.107082
0.0539556 0.094075 0.0437057 -0.00138645 0.00935075 0.111851
0.0148211 0.054799 0.0274747 0.431664 0.0117085 0.0288174
0.0151628 0.0507962 0.0297953 0.494524 0.00554134 0.0274509
0.0189725 0.0537974 0.0326593 0.395543 0.0112868 0.0381109
0.0178948 0.0958187 0.0212485 -0.0091574 0.00313929 0.0551189
0.0222317 0.0965142 0.0255973 -0.00718502 0.0029547 0.0632054
0.00887085 0.0610978 0.0133696 0.253208 0.0113602 0.0273831
0.012211 0.0577716 0.0214724 0.374023 0.0130836 0.0275789
0.0135558 0.0622684 0.0202356 0.242626 0.0160007 0.0335536
0.0140748 0.0715785 0.0175716 0.0858325 0.0151658 0.0429148
0.0112023 0.0692102 0.0143863 0.10188 0.0127672 0.0366726
0.0149757 0.0671527 0.0199622 0.149386 0.0172963 0.0412481
0.0123896 0.0954372 0.0147863 -0.0102373 0.0032429 0.0461255
0.0155444 0.0927335 0.0186496 -0.0104075 0.00521778 0.0506447
0.00250756 0.072792 0.00349781 0.015817 0.00278796 0.0331015
0.00344776 0.0691236 0.0043394 0.0415354 0.00412259 0.0308721
0.00575746 0.0728544 0.00735639 0.0328346 0.00589988 0.0343476
0.0406101 0.0698863 0.0426033 0.0879475 0.0272368 0.210933
0.0464119 0.0681578 0.0458774 0.0800003 0.0250592 0.287555
0.0438925 0.0724901 0.0433978 0.0631232 0.0266149 0.211938
0.0035661 0.0769646 0.00515446 0.00951986 0.00353948 0.03519
0.00376064 0.0821437 0.00553342 -0.000789893 0.0031434 0.0368182
0.0276826 0.0765759 0.0311877 0.0590384 0.0240807 0.0913078
0.0305137 0.081341 0.0325141 0.0291814 0.021674 0.0958677
0.0260492 0.081328 0.028338 0.0278945 0.0194355 0.0773537
0.003392 0.0919198 0.00545129 -0.00816813 0.00203127 0.0388502
0.0918006 0.0568457 0.0524433 0.0103521 0.00589251 0.119215
0.0958924 0.0534194 0.0525113 0.00904548 0.00464751 0.110425
0.00872347 0.0442712 0.0211752 0.633994 -0.00442567 0.0214329
0.00424434 0.0467115 0.014246 0.823561 -0.000314488 0.0214517
0.0518158 0.00852089 0.0443743 0.00453128 -0.0125439 0.10881
0.0479065 0.0114209 0.0431606 0.0117101 -0.0170123 0.115223
0.0482109 0.00597719 0.0420457 0.00230077 -0.0106882 0.0981414
0.0851203 0.00655249 0.0517164 0.000519175 -0.0022883 0.0671791
0.00794468 0.0965439 0.00983393 -0.00870475 0.00234515 0.0414191
0.0730592 0.0967472 0.0487539 -0.000643881 0.00382568 0.0912951
0.0920135 0.0513372 0.0526656 0.0104325 0.00392621 0.121994
0.0886505 0.0481464 0.0528228 0.0123872 0.00276478 0.139021
0.0926058 0.0470178 0.052776 0.00970862 0.00243429 0.120093
0.00649642 0.0148678 0.00739187 0.00777927 -0.00510601 0.0280827
0.0487955 0.0271687 0.0473403 0.0672404 -0.0219947 0.242066
0.0455767 0.0238366 0.0452333 0.059104 -0.0241238 0.187341
0.0499163 0.0231429 0.0467221 0.0465692 -0.0221046 0.199038
0.0478669 0.0582075 0.0489251 0.120209 0.0169829 0.54109
0.0457658 0.0626467 0.0472215 0.111126 0.0219493 0.382098
0.0438758 0.0593052 0.0474484 0.1383 0.0191767 0.428325
0.0954175 0.0496677 0.0526627 0.00893847 0.00329944 0.112686
0.0745785 0.0458069 0.0530344 0.0301841 0.000256254 0.278824
0.0766159 0.0494223 0.0529899 0.026453 0.00256028 0.25063
0.072937 0.0494529 0.0530021 0.0341023 0.0023134 0.309554
0.0044491 0.0504713 0.0136179 0.775757 0.00293969 0.0219559
0.030565 0.0466251 0.0439456 0.283623 -7.87969e-005 0.139455
0.0282123 0.0502294 0.0420528 0.309207 0.00680263 0.107094
0.0268113 0.0463475 0.0409861 0.3339 -0.0020717 0.0762474
0.0545495 0.0387553 0.0509499 0.0863867 -0.00950926 0.515807
0.0591059 0.0378218 0.0516614 0.0668014 -0.00845756 0.457384
0.0579841 0.0419195 0.0518178 0.079177 -0.00412497 0.584043
0.0405952 0.0493968 0.0482308 0.183144 0.00580011 0.557389
0.0362689 0.0507684 0.0465532 0.218954 0.00839192 0.302603
0.0367905 0.0478682 0.0470466 0.216498 0.00348216 0.323085
0.0579471 0.0690948 0.0493802 0.0471245 0.0202221 0.314587
0.0559838 0.0649124 0.0496467 0.0669906 0.0194864 0.39623
0.0608385 0.0655295 0.0506745 0.0502639 0.0173558 0.362044
0.0538312 0.0474222 0.0512248 0.10521 0.00178084 1
0.0495925 0.0494008 0.0504005 0.127001 0.00503304 1
0.0502734 0.045168 0.0506292 0.119886 -0.00168799 1
0.0439054 0.0356447 0.0479058 0.123904 -0.0176726 0.326695
0.0422348 0.0386512 0.0480001 0.146103 -0.0145886 0.351065
0.0409462 0.035439 0.0468595 0.138609 -0.0189364 0.273003
0.0418897 0.0536847 0.0482844 0.166126 0.0122205 0.55421
0.0406619 0.0575687 0.0468557 0.165395 0.0171632 0.394841
0.0373826 0.0543515 0.0462889 0.20233 0.0132627 0.32338
0.0668673 0.0605436 0.0519873 0.0420553 0.0126565 0.351506
0.0660001 0.0651889 0.0514386 0.0378723 0.0150286 0.314628
0.0629875 0.061354 0.051428 0.0508721 0.0147183 0.390721
0.0683364 0.0859871 0.0489473 0.00397367 0.0122993 0.124477
0.0647644 0.0833113 0.0485855 0.00790597 0.0151356 0.148001
0.0677501 0.081277 0.0493974 0.00918885 0.0147641 0.151455
0.0352674 0.0639527 0.0415576 0.149294 0.0256235 0.193756
0.0342977 0.0679529 0.039603 0.118338 0.0275929 0.163897
0.0311916 0.0658612 0.0384992 0.142562 0.0268886 0.145188
0.0562415 0.0595303 0.0505277 0.0808436 0.0157148 0.518409
0.0606579 0.0590472 0.0513201 0.0636421 0.0141552 0.466598
0.0593616 0.062024 0.0508625 0.0617483 0.0163706 0.428197
0.061729 0.0293209 0.0508819 0.0398248 -0.0138513 0.276077
0.058452 0.0254011 0.0496902 0.0374593 -0.0169366 0.236615
0.0629231 0.025743 0.0505443 0.0305776 -0.0144944 0.229712
0.0946079 0.0605148 0.0522367 0.00886356 0.00674239 0.106703
0.070713 0.0621099 0.0521477 0.0310079 0.0117422 0.280603
0.0743412 0.0584498 0.0525675 0.0275779 0.00886503 0.259152
0.0739919 0.0618169 0.0523084 0.0259238 0.0105609 0.246976
0.02966 0.037994 0.0409657 0.245914 -0.0179967 0.0929859
0.025472 0.0414024 0.0386254 0.322203 -0.0126297 0.0579902
0.0259782 0.0368559 0.0372259 0.263906 -0.0192488 0.0607241
0.00452776 0.0954288 0.00649514 -0.00795045 0.0020563 0.0395583
0.00812658 0.0916129 0.010517 -0.0100296 0.00419738 0.0413231
0.00799073 0.0875019 0.010699 -0.00786981 0.00511932 0.04087
0.00248576 0.00680997 0.00368185 -0.00405167 -0.00125156 0.0277215
0.00939285 0.00779908 0.0108487 -0.00311033 -0.00488834 0.0312818
0.0127691 0.00791016 0.0146302 -0.00136787 -0.00675081 0.0348746
0.09319 0.00248576 0.0519048 0.000216704 -0.000887571 0.0594245
0.0921342 0.00947103 0.0520316 0.00106258 -0.0024673 0.0644422
0.0919971 0.0128103 0.0521275 0.00163474 -0.00299738 0.0689114
0.0974869 0.0931274 0.0509167 0.00066798 0.0039739 0.0602379
0.0921574 0.0916891 0.0507971 0.000594467 0.00461905 0.0637559
0.0475857 0.0732394 0.0448912 0.0505839 0.0252158 0.228024
0.049221 0.0773171 0.0446927 0.0329671 0.02378 0.197586
0.0446354 0.0768512 0.0427584 0.0413018 0.0254222 0.183883
0.0528389 0.0630842 0.0491275 0.0850907 0.019783 0.438821
0.03236 0.0570232 0.0432382 0.224152 0.0173917 0.188719
0.0337758 0.052999 0.0451261 0.235875 0.0116052 0.225822
0.0199051 0.0669914 0.0262671 0.156429 0.0218174 0.0556368
0.0181402 0.0705413 0.0228253 0.110224 0.0197033 0.0517951
0.0350137 0.0054052 0.0336925 0.00340996 -0.0117584 0.0734146
0.037724 0.0290111 0.0429623 0.114197 -0.0253127 0.162814
0.0331357 0.027319 0.0391691 0.116043 -0.0263597 0.113971
0.0365427 0.0251721 0.0409387 0.0900263 -0.0267012 0.135379
0.094571 0.0350387 0.0528455 0.00513176 -0.000854414 0.104208
0.0730084 0.0334489 0.0525561 0.0258939 -0.00612 0.239628
0.0719118 0.0280882 0.0519989 0.0208225 -0.00888434 0.202099
0.0309712 0.0933957 0.0313151 -0.00413424 0.00867518 0.0787556
0.040481 0.0743248 0.0412128 0.0585105 0.0270463 0.177004
0.0401042 0.0785011 0.0399604 0.0374395 0.0253171 0.151504
0.0365749 0.0758863 0.038391 0.0537872 0.0266989 0.143721
0.0505943 0.0410199 0.0504517 0.109533 -0.00793719 0.599031
0.0473337 0.0428691 0.0499518 0.131067 -0.00591332 0.647526
0.0466624 0.0388952 0.0492651 0.123308 -0.0125252 0.456489
0.0425701 0.0313564 0.0462865 0.107758 -0.022066 0.245189
0.0540798 0.0433677 0.0512569 0.0981773 -0.00360616 0.69596
0.0704923 0.0387382 0.052784 0.0359571 -0.00384244 0.313893
0.0726831 0.0423085 0.0529753 0.0330801 -0.0014718 0.298692
0.0685109 0.0432751 0.052872 0.0435498 -0.0014626 0.374276
0.0749158 0.0751536 0.0509821 0.0119219 0.0130275 0.156102
0.0766004 0.0791797 0.0506812 0.00725194 0.0118119 0.126275
0.0792255 0.023207 0.0520874 0.00974721 -0.00684947 0.131612
0.0739277 0.0231693 0.051685 0.0133578 -0.00902717 0.1563
0.0232831 0.0208785 0.0272691 0.071104 -0.0213873 0.0540028
0.0232461 0.0262317 0.0289961 0.127514 -0.0229541 0.052371
0.0732961 0.0935284 0.0490579 -0.000375801 0.00611475 0.092415
0.0701325 0.0789949 0.0500426 0.0105974 0.0144505 0.155943
0.072882 0.0823495 0.049999 0.00596204 0.0123106 0.126521
0.0454167 0.051481 0.0494548 0.145967 0.00885104 1
0.0272739 0.0639245 0.0363583 0.180396 0.0247701 0.110355
0.0279453 0.0684014 0.0343849 0.123677 0.0266528 0.106901
0.0568282 0.0914548 0.0451799 0.000240371 0.0114399 0.118575
0.0537718 0.0869804 0.044768 0.00698524 0.0169053 0.140459
0.0570337 0.0543361 0.0512875 0.0885235 0.0101991 0.671394
0.0599685 0.0564134 0.051504 0.073839 0.0116499 0.553289
0.0533151 0.0769998 0.0463362 0.0291869 0.0224466 0.210919
0.0546851 0.0727393 0.0476805 0.0411741 0.0224052 0.261184
0.0567362 0.0761918 0.0477141 0.0271619 0.0210552 0.220526
0.0677844 0.0354647 0.0523895 0.0384157 -0.00688701 0.317936
0.0506472 0.0188527 0.0459908 0.0296012 -0.0206909 0.162558
0.0547529 0.0191589 0.0475196 0.0249427 -0.0185682 0.170937
0.054189 0.022393 0.0480487 0.0353404 -0.019475 0.201211
0.0672226 0.0730983 0.0504566 0.0219063 0.016351 0.219213
0.0717488 0.0712367 0.0512184 0.019432 0.0141598 0.204203
0.0705902 0.0756979 0.0505193 0.0142737 0.0147288 0.175452
0.0807451 0.0506203 0.0528978 0.0201783 0.00370531 0.200861
0.0806892 0.0547335 0.0527313 0.0193897 0.00604063 0.194657
0.0774151 0.0541096 0.0528129 0.0242819 0.00594442 0.233844
0.0346058 0.0312163 0.042008 0.145332 -0.0245543 0.140386
0.019121 0.04883 0.033867 0.448583 0.0018709 0.0329325
0.0190793 0.0452665 0.0333322 0.445737 -0.00533512 0.0303028
0.0224118 0.0457865 0.0368358 0.394244 -0.00428141 0.0420973
0.0119758 0.0478132 0.0260887 0.587469 0.00050013 0.022805
0.0169436 0.058629 0.0276169 0.323733 0.0165668 0.0368945
0.0207953 0.0574203 0.0327152 0.321094 0.0169626 0.0481299
0.0880069 0.0526805 0.0527078 0.012999 0.00448853 0.141912
0.0849227 0.0493053 0.0528621 0.0155596 0.0031529 0.16376
0.0820098 0.0459547 0.0529722 0.0186214 0.00157072 0.189123
0.085882 0.04571 0.0529188 0.0144715 0.00169624 0.156549
0.0526361 0.0122109 0.0454401 0.0109155 -0.015764 0.124969
0.0426513 0.012308 0.0406566 0.0176324 -0.0197179 0.108156
0.0458402 0.0162986 0.0433721 0.0272868 -0.0215456 0.134591
0.0239969 0.0784139 0.0269936 0.0457068 0.0207892 0.0724564
0.0129064 0.0755199 0.0157182 0.0463892 0.0125575 0.0430686
0.0104503 0.0789826 0.0130424 0.0195372 0.00896921 0.0412223
0.0100962 0.0758776 0.0127134 0.0342592 0.00973777 0.0396435
0.0883637 0.0243979 0.0524738 0.00567673 -0.00402548 0.100585
0.0848379 0.0213234 0.0522476 0.00580311 -0.00504818 0.102284
0.089822 0.0205547 0.0523531 0.00381576 -0.00382312 0.0870563
0.096572 0.0309044 0.0527716 0.00285594 -0.00117732 0.0943112
0.0975642 0.0272045 0.0527053 0.00196053 -0.00131684 0.0893849
0.032482 0.0769549 0.0351072 0.0522323 0.025617 0.115353
0.0290592 0.0970975 0.0303593 -0.00453504 0.00362697 0.0741141
0.0263283 0.0951514 0.0283498 -0.00597415 0.00502948 0.0695435
0.0308573 0.0175772 0.033414 0.046407 -0.0233902 0.0793243
0.024174 0.0132227 0.0267519 0.0254247 -0.0176735 0.0558296
0.0211525 0.0104597 0.0233546 0.0123156 -0.0133401 0.0481282
0.0250852 0.0106338 0.0271531 0.015499 -0.0159827 0.0569769
0.0436211 0.0811597 0.0413403 0.025538 0.0235487 0.154235
0.0402359 0.0621477 0.044869 0.140709 0.0232994 0.289625
0.036167 0.05949 0.0441216 0.17945 0.0208678 0.250144
0.00824524 0.0399433 0.0169365 0.475763 -0.00924668 0.0215968
0.00297967 0.0282515 0.0038735 0.0622938 -0.0046105 0.0235922
0.00280448 0.0314417 0.00433061 0.100353 -0.00506003 0.0228215
0.0600703 0.00764565 0.0478768 0.00222375 -0.00825695 0.108232
0.0717248 0.00305437 0.0500931 -0.000121499 -0.00251284 0.0880532
0.0684054 0.00285474 0.0495363 -4.30456e-005 -0.00271087 0.0928214
0.0969496 0.071612 0.0517397 0.00600304 0.00788068 0.0882763
0.097048 0.0682234 0.0518929 0.00691526 0.00774456 0.0935329
0.072933 0.0868115 0.049563 0.00245098 0.0103566 0.108417
0.0697073 0.0947218 0.0484291 -0.000595379 0.00576455 0.0975412
0.0710253 0.0902705 0.0489731 0.000692731 0.0087656 0.102811
0.069714 0.0242598 0.0513461 0.0180587 -0.0109025 0.181898
0.0667467 0.0477937 0.0528276 0.0509642 0.00128435 0.434317
0.0707615 0.0467484 0.0529901 0.0388867 0.000498601 0.34438
0.0366798 0.0179798 0.0382121 0.0438126 -0.0244778 0.106073
0.0379622 0.0222597 0.040582 0.0667799 -0.0262318 0.130467
0.0410624 0.0255133 0.0435443 0.0802816 -0.0255781 0.170193
0.0450044 0.0275333 0.0460871 0.0785479 -0.0236776 0.22145
0.0171459 0.0745432 0.0205102 0.0649809 0.01708 0.0509813
0.0780998 0.0704656 0.0516406 0.014202 0.0117182 0.164507
0.056613 0.0799997 0.0470213 0.018399 0.0200532 0.186292
0.0599425 0.0779577 0.0483634 0.019879 0.0191119 0.200516
0.0475421 0.0809262 0.0432955 0.0249298 0.0230049 0.169685
0.0505542 0.0371436 0.0499386 0.0977753 -0.0132157 0.452158
0.0646264 0.0442626 0.0526454 0.0565985 -0.00103669 0.467583
0.0627559 0.0485162 0.0524822 0.0656927 0.00236638 0.544064
0.0581145 0.0492777 0.0518086 0.0868816 0.00374539 0.722032
0.0613695 0.0527954 0.0521015 0.0721371 0.00704542 0.584578
0.00758075 0.0691185 0.00954969 0.0792491 0.0086428 0.0329731
0.0102706 0.0656629 0.0137017 0.153551 0.0124915 0.0323525
0.0846688 0.0420358 0.0529547 0.0149548 8.68983e-005 0.162107
0.0805646 0.0417365 0.0529911 0.0196283 -0.000573138 0.198073
0.0858432 0.033292 0.0527905 0.0110999 -0.00304289 0.137548
0.0874572 0.0381746 0.0529042 0.0112767 -0.00111405 0.137299
0.0500043 0.0148613 0.0449021 0.0188659 -0.0190361 0.135683
0.0379556 0.0129843 0.037917 0.0237624 -0.021187 0.0969552
0.0760702 0.0859031 0.0500449 0.00270951 0.0098674 0.102851
0.0782872 0.0831278 0.0504633 0.00402243 0.0102396 0.105182
0.0742167 0.067821 0.0517521 0.0203953 0.0126067 0.208839
0.0805651 0.0188687 0.051906 0.0059048 -0.00629291 0.106639
0.0712105 0.0218921 0.0513031 0.0140494 -0.0102923 0.160347
0.018892 0.0194584 0.0218397 0.0560416 -0.0173466 0.041907
0.0244707 0.0305719 0.032162 0.181676 -0.0232564 0.0546496
0.0218893 0.0292645 0.028497 0.168383 -0.022196 0.0450882
0.0801537 0.00755803 0.0514272 0.000724547 -0.00326098 0.0755945
0.0842106 0.0106022 0.0517855 0.0014751 -0.00363656 0.0742195
0.0802239 0.0120723 0.0515749 0.00227044 -0.0048891 0.0847709
0.0877666 0.0779155 0.051311 0.0050357 0.00895799 0.0927466
0.0842679 0.0793049 0.0510932 0.00512171 0.00962211 0.0999553
0.00758684 0.0197148 0.00883905 0.0308052 -0.00755488 0.0277313
0.0105613 0.0157136 0.0121269 0.0182128 -0.00874316 0.03101
0.0121745 0.0194179 0.0140802 0.0422669 -0.0115026 0.0315162
0.0199066 0.0871608 0.0214344 -0.000462898 0.0102361 0.0559457
0.0164497 0.0843406 0.0189246 0.00608903 0.0107919 0.0509867
0.0202823 0.0837036 0.0221227 0.0100894 0.0135443 0.0577813
0.0204667 0.0775366 0.0235833 0.0471032 0.0185555 0.0608376
0.0235912 0.0754007 0.0272589 0.0649851 0.0221195 0.0723825
0.0328422 0.0494236 0.045294 0.250328 0.00616274 0.215697
0.0348325 0.0445372 0.0462811 0.230136 -0.00406984 0.234873
0.0375424 0.0340443 0.0447999 0.151402 -0.0214423 0.196054
0.0349112 0.0389954 0.0449762 0.204863 -0.0157808 0.179705
0.0327679 0.0344734 0.0419247 0.183362 -0.0222563 0.12619
0.0738472 0.0645044 0.052068 0.0238939 0.0116679 0.232497
0.0691131 0.0518531 0.0528554 0.0436397 0.00449392 0.380584
0.0282467 0.0334158 0.0377023 0.201637 -0.0229467 0.078589
0.0263232 0.0542829 0.0394744 0.31129 0.0127325 0.0849943
0.0303241 0.0535214 0.0430149 0.270201 0.0117791 0.147864
0.0285191 0.0567346 0.0407022 0.264046 0.0165402 0.118699
0.0665598 0.0279433 0.0514029 0.02855 -0.0116842 0.236959
0.0517474 0.0315315 0.0491595 0.0771302 -0.0179123 0.328102
0.047147 0.0303087 0.0476002 0.085229 -0.0212333 0.274549
0.0380789 0.066531 0.0423044 0.119735 0.0267364 0.210666
0.042075 0.0658548 0.0445618 0.10914 0.0257519 0.265081
0.05232 0.0815364 0.045124 0.0186546 0.0211032 0.17254
0.0564873 0.0837207 0.0463396 0.0114304 0.0185059 0.159873
0.0401677 0.082307 0.0391925 0.0225315 0.0229501 0.134547
0.0318068 0.061817 0.0409597 0.181408 0.0238244 0.169019
0.0289186 0.0597631 0.039921 0.222348 0.0211894 0.131093
0.0156376 0.0791968 0.0183796 0.0286935 0.0133454 0.0491247
0.00980679 0.0729009 0.0123675 0.0533734 0.0102271 0.0378978
0.00763578 0.0762269 0.00989449 0.0239829 0.00722235 0.0373667
0.0630123 0.0700029 0.05035 0.034676 0.0177384 0.282952
0.0633923 0.075251 0.0494766 0.0221543 0.0180873 0.216747
0.0541468 0.068755 0.048343 0.0582707 0.0221296 0.323549
0.0688634 0.0207136 0.050869 0.0145486 -0.0113858 0.161677
0.0579116 0.021049 0.0487281 0.0267747 -0.0173898 0.190589
0.0617934 0.0221468 0.0497917 0.0258215 -0.0154815 0.200291
0.0814579 0.0655538 0.0521139 0.0145866 0.00969696 0.160794
0.077066 0.0622037 0.0523299 0.021954 0.00986301 0.217152
0.0769375 0.0661097 0.0520016 0.019021 0.0112784 0.197313
0.0209121 0.0323445 0.0286855 0.218806 -0.020809 0.0398155
0.0184448 0.0391806 0.0300733 0.370301 -0.0144862 0.0297915
0.0207583 0.0419389 0.0340703 0.38873 -0.0111572 0.0348076
0.0170712 0.0426167 0.0303173 0.450067 -0.00926369 0.0266137
0.0759553 0.0900395 0.0496884 0.000719179 0.00777474 0.092655
0.0569658 0.030195 0.0501954 0.0549914 -0.0160133 0.306758
0.0603985 0.0336345 0.0513481 0.0536428 -0.0117383 0.356837
0.0687955 0.0315726 0.0521167 0.0310636 -0.0088386 0.264819
0.0304398 0.0426072 0.043182 0.27641 -0.00957241 0.114668
0.0280882 0.0280882 0.0350111 0.136105 -0.0253402 0.0769681
0.0315135 0.0309169 0.0395469 0.156331 -0.0250861 0.106646
0.020875 0.0155242 0.0235273 0.0332506 -0.0167319 0.0475551
0.0258604 0.0167379 0.0288969 0.0424072 -0.0210014 0.0616738
0.0277395 0.00901726 0.028615 0.0122348 -0.0153982 0.0604909
0.0240763 0.00752579 0.0256414 0.00677191 -0.0122013 0.0528846
0.0831267 0.0259035 0.0524262 0.00913789 -0.00524659 0.125181
0.0923599 0.0237951 0.0525229 0.0038685 -0.0031135 0.0895277
0.084018 0.0535079 0.0527356 0.0160842 0.00514054 0.167356
0.086636 0.0569405 0.0525578 0.0135349 0.00623017 0.146071
0.082388 0.0575113 0.0526065 0.0170442 0.00684503 0.175731
0.0536268 0.0160687 0.0464874 0.0186741 -0.0178775 0.14688
0.0566276 0.0135138 0.0472687 0.0111787 -0.014543 0.133816
0.05739 0.0174312 0.0479486 0.0187668 -0.0165994 0.159366
0.015954 0.0464795 0.030383 0.504617 -0.00258944 0.0256737
0.0133136 0.0435544 0.0263554 0.523632 -0.00698274 0.0229542
0.0126411 0.0912371 0.0156636 -0.0101543 0.00589035 0.0465625
0.0114937 0.087124 0.01471 -0.0048591 0.00710811 0.0450258
0.0159045 0.0890962 0.0188204 -0.00625719 0.0075415 0.0508484
0.0154656 0.0165805 0.017671 0.0317791 -0.013041 0.036795
0.0129697 0.0116086 0.01482 0.0072175 -0.00863638 0.0345723
0.00548729 0.0052812 0.00673014 -0.0051613 -0.00220269 0.0287712
0.0878644 0.0860396 0.0508368 0.00177737 0.00699864 0.0750561
0.0879214 0.0816852 0.0510768 0.00338136 0.00825356 0.0836015
0.0915032 0.0838699 0.0510499 0.0022836 0.0070642 0.072543
0.0834965 0.0155186 0.0519191 0.00340327 -0.00492974 0.0877226
0.0883652 0.0129663 0.0520327 0.00193149 -0.00352732 0.0732101
0.0946897 0.00545991 0.0519772 0.000504058 -0.00151464 0.0595477
0.0786621 0.0579849 0.0526154 0.0212724 0.00768262 0.210386
0.0891582 0.0431079 0.0528939 0.011233 0.000929667 0.134029
0.0422201 0.0201434 0.0424536 0.0480879 -0.0246117 0.142614
0.0468122 0.0203629 0.0448086 0.0410599 -0.0231193 0.163364
0.0331346 0.0856705 0.0337006 0.0110462 0.0184691 0.0964894
0.0278223 0.0861687 0.0293745 0.00706365 0.015584 0.0784381
0.0311342 0.069304 0.0368812 0.110857 0.027719 0.132146
0.0334836 0.0723781 0.0373582 0.0822761 0.0275952 0.138234
0.0292504 0.0722656 0.0340207 0.0874197 0.0266421 0.108646
0.0830453 0.0377734 0.0529066 0.0154068 -0.00209597 0.167271
0.0782834 0.0453763 0.0530243 0.0236237 0.000818663 0.22849
0.0765951 0.0418026 0.0530077 0.0255361 -0.000970053 0.243006
0.024088 0.0674383 0.0306918 0.144653 0.0245949 0.0766611
0.0225371 0.0636583 0.031034 0.205846 0.0226182 0.065032
0.0180631 0.0632966 0.0259928 0.220525 0.0198864 0.0454229
0.0525484 0.0563254 0.0502613 0.102928 0.0138045 0.650151
0.0730242 0.0782751 0.0504606 0.00973747 0.013404 0.146911
0.0350293 0.0900808 0.034552 0.00136119 0.0143646 0.0935028
0.0359321 0.0809622 0.0367107 0.0294623 0.0234882 0.120863
0.0282553 0.0132502 0.0301154 0.0283011 -0.019764 0.0660633
0.030853 0.0893002 0.0314095 0.00114042 0.0137865 0.0830108
0.0272468 0.0910734 0.0285648 -0.00344547 0.00993414 0.0722344
0.0507581 0.0606073 0.0491486 0.0990786 0.0185964 0.488176
0.0809572 0.0341358 0.0527765 0.0162721 -0.00392981 0.174367
0.0748077 0.0381877 0.0528936 0.0268378 -0.00318704 0.251024
0.0771672 0.0349688 0.0527769 0.0208995 -0.00436483 0.207609
0.0592264 0.0734991 0.0488833 0.031142 0.0200957 0.247788
0.0638596 0.0796431 0.0488939 0.0136723 0.0169523 0.175473
0.0605871 0.082831 0.0477438 0.0107343 0.0171498 0.16155
0.04766 0.0341824 0.048683 0.100295 -0.0175468 0.351413
0.0456109 0.0467145 0.0497201 0.147139 0.000685797 1
0.043274 0.0427647 0.0490087 0.155001 -0.0068247 0.516117
0.0634843 0.0367773 0.0521199 0.0509604 -0.00758709 0.38628
0.0918554 0.0387644 0.0528832 0.00808409 -0.00027913 0.117064
0.0234902 0.0889992 0.025175 -0.0024889 0.0102916 0.0643986
0.00665513 0.0796269 0.00883558 0.00819556 0.0056593 0.0377531
0.093467 0.0202459 0.0524185 0.00284899 -0.00307441 0.0810991
0.0204992 0.0066184 0.0224443 0.00250313 -0.00941391 0.0462624
0.0886157 0.0689424 0.0519058 0.00883702 0.00877679 0.113049
0.0850754 0.0681633 0.0519457 0.0107176 0.00939399 0.130014
0.0688002 0.0115952 0.0500049 0.00461934 -0.00864693 0.113033
0.0677676 0.0151787 0.0500768 0.00847904 -0.010745 0.131406
0.00919789 0.0317293 0.0128732 0.18675 -0.0119447 0.0243412
0.0734372 0.053447 0.0528805 0.0320575 0.00565736 0.294036
0.0697968 0.0572131 0.0525405 0.0382295 0.0092313 0.335734
0.0533813 0.0266593 0.0486945 0.0527743 -0.0195721 0.251296
0.0508037 0.0705712 0.0468842 0.0570498 0.0240006 0.282942
0.0516055 0.0666209 0.0481136 0.0735981 0.0223268 0.357856
0.0510004 0.0741312 0.0460819 0.0417571 0.0239773 0.235627
0.0835166 0.0838266 0.0507528 0.00295211 0.00863202 0.0891622
0.00891635 0.0120719 0.0102375 0.00386668 -0.00610278 0.0301878
0.0879039 0.00894538 0.051889 0.000988084 -0.00275709 0.0671699
0.0656519 0.0911077 0.0478986 0.000495167 0.00950009 0.111197
0.0670903 0.077305 0.0498169 0.0149698 0.0160998 0.181733
0.0490312 0.0538342 0.0498939 0.125076 0.0115151 1
0.0533918 0.0517847 0.0509353 0.106874 0.00789577 1
0.0244418 0.034087 0.0340343 0.233505 -0.0215933 0.0528022
0.0176918 0.035572 0.0264762 0.291855 -0.01774 0.0303304
0.0658447 0.0232701 0.0507004 0.0218379 -0.0130965 0.194668
0.065026 0.0184545 0.0499028 0.0146999 -0.0130269 0.158294
0.0307053 0.0745855 0.0343997 0.0671142 0.0262639 0.111248
0.0452402 0.0902322 0.0403905 0.00261328 0.0152684 0.116038
0.051049 0.0942719 0.0424374 -0.00150655 0.00965928 0.110191
0.0484394 0.0925213 0.0414696 -0.000236122 0.0121348 0.112465
0.0443619 0.00867533 0.0406643 0.00742666 -0.0154361 0.0994414
0.00806199 0.0567974 0.0149339 0.423026 0.00907468 0.0239967
0.0246695 0.0590821 0.035975 0.268997 0.0191984 0.0758449
0.0234411 0.050754 0.03766 0.374273 0.00653942 0.0548681
0.0494481 0.0642445 0.0481229 0.0889665 0.0217577 0.392568
0.0250814 0.071854 0.0298328 0.0949027 0.0244837 0.0809835
0.0146273 0.0390824 0.0250838 0.400883 -0.0130993 0.0246489
0.0493296 0.0886832 0.0424582 0.00481704 0.0164107 0.12783
0.0492896 0.0848109 0.0432353 0.0137011 0.0202198 0.150143
0.080533 0.0802874 0.0508246 0.00526749 0.0103801 0.107927
0.0233334 0.0847915 0.0249942 0.00848949 0.014388 0.0653011
0.0448975 0.0557252 0.0486714 0.142676 0.014642 0.58489
0.0394136 0.045215 0.0481021 0.189081 -0.00230394 0.426489
0.0389069 0.0412233 0.0475102 0.180234 -0.0109761 0.316708
0.0570618 0.0454535 0.0517499 0.088772 -0.000572157 0.703953
0.0605699 0.0450568 0.052243 0.0727869 -0.00062974 0.585231
0.0124018 0.0826375 0.0152776 0.00707951 0.0089732 0.0449124
0.0527579 0.0353283 0.0500965 0.084166 -0.0142211 0.415486
0.0645398 0.0563577 0.0521468 0.0554059 0.0101797 0.449242
0.0785398 0.0153981 0.0515732 0.00444913 -0.00638488 0.100395
0.0155062 0.0212242 0.0182896 0.0653456 -0.0153361 0.0352645
0.0705976 0.0667345 0.0516747 0.0264855 0.0136221 0.248786
0.0676686 0.0692582 0.051114 0.0281903 0.0155768 0.256646
0.0409023 0.0159153 0.0405977 0.0311154 -0.0229574 0.116725
0.052229 0.0913311 0.0433299 0.000619506 0.0127531 0.118769
0.0648621 0.0515966 0.0526042 0.0579783 0.00478202 0.485967
0.0559208 0.0345444 0.0506095 0.071683 -0.0134092 0.397409
0.017339 0.0123906 0.0194171 0.0147811 -0.0120085 0.0405137
0.0877661 0.0173129 0.0521737 0.00331501 -0.00418268 0.0835809
0.0866295 0.0281888 0.052597 0.00827767 -0.0040486 0.11858
0.0857766 0.0249503 0.0524396 0.00720502 -0.00469119 0.11132
0.0620227 0.0409407 0.0522811 0.0621064 -0.00424642 0.481876
0.0648105 0.0326558 0.0518239 0.0400315 -0.0100825 0.307631
0.0460355 0.0866921 0.041311 0.00937578 0.0190589 0.132419
0.00593161 0.0296955 0.00772767 0.117621 -0.00820307 0.023672
0.0606027 0.0189632 0.0489507 0.0197782 -0.01571 0.170742
0.0607909 0.0155784 0.0485682 0.0128968 -0.014055 0.144969
0.0807167 0.0608397 0.0524664 0.0178412 0.00821845 0.183679
0.0844259 0.0611226 0.0524012 0.0142326 0.00776758 0.153544
0.0216716 0.0700096 0.0269199 0.116985 0.022803 0.0639897
0.0211435 0.0732229 0.0252016 0.0820675 0.0212072 0.0626434
0.0112339 0.0410406 0.0218898 0.491665 -0.00984628 0.0220904
0.0220703 0.0373804 0.0331876 0.302103 -0.0175425 0.0412383
0.0266171 0.0240063 0.0321837 0.0995422 -0.024807 0.0677777
0.0396203 0.00833521 0.0377878 0.00849722 -0.0157261 0.089166
0.0221996 0.0811534 0.0245118 0.0253166 0.0171442 0.0643369
0.019069 0.0811469 0.0215163 0.0219626 0.0148928 0.0561562
0.0205813 0.0604513 0.0307704 0.269419 0.0198007 0.0509256
0.0422353 0.0459071 0.0490254 0.166955 -0.000829444 0.615975
0.0309831 0.00733848 0.0306386 0.00766303 -0.0140441 0.0654984
0.0793411 0.047745 0.0529892 0.0221585 0.00199046 0.216842
0.078844 0.0380634 0.0529108 0.0205221 -0.00271828 0.205236
0.0228095 0.0551416 0.0357976 0.339351 0.0139675 0.0555267
0.0661595 0.0397443 0.0525905 0.0476211 -0.00420844 0.390273
0.00803693 0.0837134 0.0107269 -0.000650496 0.0058466 0.0403574
0.0919885 0.016265 0.0522409 0.00234608 -0.00330263 0.0752269
0.016412 0.00804282 0.0185657 0.00237482 -0.00863816 0.0399408
0.0389449 0.0376917 0.0466383 0.163539 -0.0168401 0.259993
0.0915962 0.0880431 0.0508859 0.00122534 0.00587714 0.0671543
0.0887521 0.0906922 0.0506847 0.000677009 0.00530152 0.0684571
0.0856711 0.0934413 0.0504067 0.00012639 0.00440052 0.0707394
0.0367981 0.0698328 0.0405057 0.0986053 0.0278367 0.177517
0.03752 0.0724159 0.0400868 0.0748985 0.0277845 0.168149
0.0458931 0.0836555 0.0419489 0.0169832 0.0216506 0.148314
0.0918879 0.0790242 0.0513156 0.00393183 0.00798485 0.0806599
0.0506798 0.0345464 0.0495612 0.0884708 -0.0158656 0.385143
0.0760499 0.0262684 0.0521309 0.014865 -0.0077252 0.165639
