VARIABLES= "X", "Y", "P", "U", "V", "C"
0 0 0 0 0 2.9794e-010
0.005 0 0.00216639 0 0 5.8035e-010
0.01 0 0.0032966 0 0 1.63079e-009
0.015 0 0.00546427 0 0 3.12214e-008
0.02 0 0.00731345 0 0 1.85663e-007
0.025 0 0.00731345 0 0 1.85663e-007
0.03 0 0.00805164 0 0 3.86055e-007
0.035 0 0.00814074 0 0 4.42203e-007
0.04 0 0.00889221 0 0 7.64211e-007
0.045 0 0.00907834 0 0 5.92477e-007
0.05 0 0.00911526 0 0 6.31355e-007
0.055 0 0.00939152 0 0 1.09849e-006
0.06 0 0.00937911 0 0 4.14474e-007
0.065 0 0.00938731 0 0 5.22254e-007
0.07 0 0.00938132 0 0 2.06061e-007
0.075 0 0.00939807 0 0 1.36845e-007
0.08 0 0.00936535 0 0 8.47296e-009
0.085 0 0.00935232 0 0 2.18061e-009
0.09 0 0.00935232 0 0 2.18061e-009
0.095 0 0.00932079 0 0 2.43244e-010
0.1 0 0.00931879 1.21678e-005 -7.60457e-006 2.16472e-010
0.1 0.005 0.00931968 4.00245e-005 -2.82662e-005 3.51024e-010
0.1 0.01 0.00933277 5.17745e-005 -5.57614e-005 1.28745e-009
0.1 0.015 0.00939018 5.55045e-005 -7.9171e-005 2.21734e-008
0.1 0.02 0.00944558 4.72028e-005 -6.87831e-005 1.07873e-007
0.1 0.025 0.00947728 0 0 1.0478e-007
0.1 0.03 0.00947728 0 0 1.0478e-007
0.1 0.035 0.0094856 0 0 3.23396e-007
0.1 0.04 0.00953825 7.65831e-005 -5.5607e-005 6.54849e-007
0.1 0.045 0.00954983 8.41739e-005 -5.67431e-005 6.38893e-007
0.1 0.05 0.0095564 8.98606e-005 -5.65638e-005 7.68191e-007
0.1 0.055 0.00956736 8.86724e-005 -3.40212e-005 5.57792e-007
0.1 0.06 0.00956249 8.57602e-005 -2.81591e-005 4.07892e-007
0.1 0.065 0.00956057 9.03783e-005 -2.04544e-005 4.68877e-007
0.1 0.07 0.00955483 8.27618e-005 -1.71028e-005 1.91054e-007
0.1 0.075 0.00953444 8.5893e-005 2.1891e-006 1.21736e-007
0.1 0.08 0.00950684 7.47771e-005 7.45547e-006 1.68572e-008
0.1 0.085 0.00949318 6.40236e-005 4.66366e-006 3.27972e-009
0.1 0.09 0.00949318 6.40236e-005 4.66366e-006 3.27972e-009
0.1 0.095 0.00948087 4.15841e-005 -2.21986e-006 3.79262e-010
0.1 0.1 0.00948061 0 0 3.43992e-010
0.095 0.1 0.00948252 0 0 6.38421e-010
0.09 0.1 0.00950162 0 0 5.66036e-009
0.085 0.1 0.00950634 0 0 1.19965e-008
0.08 0.1 0.00952056 0 0 6.03096e-008
0.075 0.1 0.00952608 0 0 1.74595e-007
0.07 0.1 0.00953932 0 0 5.51453e-007
0.065 0.1 0.00951594 0 0 5.42595e-007
0.06 0.1 0.00942115 0 0 1.58197e-006
0.055 0.1 0.00942115 0 0 1.58197e-006
0.05 0.1 0.00922078 0 0 1.62096e-006
0.045 0.1 0.00892026 0 0 8.17717e-007
0.04 0.1 0.00856521 0 0 3.47772e-007
0.035 0.1 0.00856521 0 0 3.47772e-007
0.03 0.1 0.0079088 0 0 1.6008e-007
0.025 0.1 0.0079088 0 0 1.6008e-007
0.02 0.1 0.00702558 0 0 7.7979e-008
0.015 0.1 0.0052244 0 0 2.65675e-008
0.01 0.1 0.00378883 0 0 8.94882e-009
0.005 0.1 0.00116413 0 0 5.73347e-010
0 0.1 0 0 0 5.73347e-010
0 0.095 0 0 0 1.55648e-009
0 0.09 0 0 0 4.46602e-009
0 0.085 0 0 0 6.47847e-008
0 0.08 0 0 0 3.33024e-007
0 0.075 0 0 0 3.33024e-007
0 0.07 0 0 0 1.09978e-006
0 0.065 0 0 0 5.81784e-006
0 0.06 0 0 0 5.81784e-006
0 0.055 0 1 0 3.05744e-006
0 0.05 0 1 0 2.91438e-006
0 0.045 0 1 0 2.81379e-006
0 0.04 0 0 0 1.28768e-006
0 0.035 0 0 0 2.03057e-006
0 0.03 0 0 0 8.87407e-007
0 0.025 0 0 0 3.33109e-007
0 0.02 0 0 0 2.15271e-008
0 0.015 0 0 0 4.68389e-009
0 0.01 0 0 0 4.68389e-009
0 0.005 0 0 0 4.49991e-010
0.00447241 0.0874131 0.00240552 -0.00265842 0.000690721 2.53088e-008
0.00256 0.00353957 0.00146555 -0.00138107 -0.00017133 2.9794e-010
0.0974172 0.0964082 0.00947987 3.61855e-005 -2.99313e-006 2.4601e-010
0.0964604 0.00256 0.00931596 2.93954e-005 -1.83713e-005 1.78566e-010
0.00238194 0.0976072 0.00116413 -0.00102537 0.00020091 5.73347e-010
0.0127849 0.0043896 0.00485003 -0.00212773 -0.000735593 1.32752e-008
0.00841917 0.00347932 0.0032966 -0.00196712 -0.000500297 1.63079e-009
0.095565 0.0127058 0.00936854 5.93115e-005 -7.71617e-005 8.43293e-009
0.0964778 0.00852734 0.00933277 5.17745e-005 -5.57614e-005 1.28745e-009
0.0231513 0.00368712 0.00731345 -0.000973211 -0.000561536 1.85663e-007
0.01796 0.00375851 0.00634873 -0.00149928 -0.00060729 5.70622e-008
0.015532 0.0251939 0.00984197 0.00363247 -0.00554798 1.65587e-005
0.0191958 0.023523 0.00999898 0.00098063 -0.0045619 3.6879e-005
0.0187153 0.0281514 0.011943 0.0070014 -0.00605991 0.000118639
0.0964601 0.0230029 0.00944558 4.72028e-005 -6.87831e-005 1.07873e-007
0.0962468 0.0178699 0.0094099 5.2034e-005 -8.10026e-005 3.46993e-008
0.0747361 0.0159631 0.00950907 0.000225021 -0.000139931 1.33709e-005
0.0766718 0.0192818 0.0095317 0.000226062 -0.000141537 2.76955e-005
0.0722885 0.01904 0.00957658 0.000268146 -0.000166846 8.26182e-005
0.0272087 0.00239815 0.00774529 -0.000547144 -0.000395244 1.93003e-007
0.0309201 0.00344181 0.00814074 -0.000495589 -0.000514212 4.42203e-007
0.0273151 0.00550903 0.00792677 -0.000799684 -0.000797991 7.62179e-007
0.00796538 0.0491288 0.0233074 0.464216 0.00298866 2.80067e-005
0.0110744 0.0528307 0.0228429 0.241494 0.00656146 0.00016466
0.00670318 0.0530398 0.0186497 0.439357 0.00653629 1.46663e-005
0.0332769 0.013692 0.00932886 -0.000100193 -0.00138978 6.31415e-005
0.0310268 0.0105883 0.00877538 -0.000500154 -0.00129412 1.3641e-005
0.0346026 0.00967541 0.00897664 -0.000258215 -0.000998076 1.18841e-005
0.00300337 0.0134889 0.0018793 -0.0023132 -0.000844534 4.68389e-009
0.00506595 0.0100592 0.00251227 -0.00265115 -0.000805827 3.1885e-009
0.0756551 0.029422 0.00968387 0.00030103 -0.000166915 0.000729958
0.0792233 0.027711 0.00961528 0.000252461 -0.000145626 0.000209454
0.0780819 0.0315933 0.00967634 0.000289783 -0.000149258 0.000627622
0.0943956 0.0272441 0.00947161 7.06289e-005 -7.14854e-005 5.427e-007
0.0926615 0.0309831 0.00950339 0.000101537 -7.84634e-005 2.21011e-006
0.0907561 0.0275749 0.00949124 0.000117332 -9.10385e-005 3.32025e-006
0.0901909 0.0346583 0.00954655 0.000140299 -8.31535e-005 9.83669e-006
0.0892112 0.0309766 0.00952914 0.000146531 -9.41262e-005 1.03433e-005
0.0865167 0.00303925 0.00935232 5.42019e-005 -2.61651e-005 2.18061e-009
0.0899305 0.00507751 0.00934473 6.21212e-005 -3.71679e-005 1.97301e-009
0.0962759 0.0391469 0.00953288 7.4315e-005 -5.43255e-005 7.88746e-007
0.0697948 0.00669028 0.00941959 0.000142371 -0.00011381 8.98946e-007
0.0750534 0.00540153 0.00940113 0.000110315 -7.00535e-005 1.55958e-007
0.0748956 0.01106 0.00945474 0.000184376 -0.000118894 2.65376e-006
0.0939618 0.0428392 0.00955829 0.000106163 -6.14325e-005 2.41669e-006
0.0973333 0.0427043 0.00954372 7.88888e-005 -5.69099e-005 5.18725e-007
0.0825327 0.00356626 0.00936535 6.86687e-005 -3.48243e-005 8.47296e-009
0.078548 0.00330516 0.00938026 7.63383e-005 -3.97195e-005 2.54696e-008
0.0620046 0.0055218 0.00940933 0.000157076 -0.000143482 1.29847e-006
0.0652791 0.00446393 0.00938816 0.000120452 -0.000106883 5.67232e-007
0.0642685 0.00860859 0.00945736 0.000202415 -0.000176409 5.42691e-006
0.0824665 0.030027 0.00959994 0.000228825 -0.00012696 0.000140057
0.0394108 0.00363431 0.00886689 -0.000154137 -0.000346879 8.22256e-007
0.0058518 0.0251091 0.00513069 0.00731246 -0.00399452 5.58815e-007
0.0112986 0.0239063 0.00784744 0.00346797 -0.00502779 2.96836e-006
0.00905501 0.0277984 0.00844203 0.0172238 -0.00631508 3.64822e-006
0.0965421 0.0462939 0.0095564 8.98606e-005 -5.65638e-005 7.68191e-007
0.0602374 0.0112645 0.00951687 0.0002634 -0.0002351 2.38021e-005
0.0644835 0.0133983 0.00954834 0.000274318 -0.000213146 4.18532e-005
0.0973543 0.0615249 0.00956249 8.57602e-005 -2.81591e-005 4.07892e-007
0.0966422 0.0578627 0.00956736 8.86724e-005 -3.40212e-005 5.57792e-007
0.069046 0.0176845 0.00958742 0.00028547 -0.000185818 9.15624e-005
0.0712847 0.0150357 0.00952878 0.000246871 -0.000160488 2.43769e-005
0.00345446 0.0175177 0.00236283 -0.00218844 -0.00136367 2.15271e-008
0.00348997 0.0214972 0.00279493 -0.000740199 -0.00198763 7.57347e-008
0.0434206 0.00533535 0.00910119 -4.34797e-005 -0.00037827 1.94199e-006
0.0428716 0.00242364 0.00900211 -8.29924e-005 -0.000202397 5.12195e-007
0.0561464 0.00882334 0.00945937 0.000223571 -0.000245478 1.0875e-005
0.0533474 0.00457687 0.00934149 0.000108211 -0.000180733 1.72494e-006
0.05829 0.00403083 0.00939152 0.000126172 -0.000127257 1.09849e-006
0.0825282 0.0696639 0.00967182 0.000259572 2.15862e-005 6.8074e-005
0.0856326 0.0715069 0.00962464 0.00020636 1.30105e-005 1.58954e-005
0.0823751 0.0726296 0.00965858 0.000247415 3.38113e-005 4.28773e-005
0.00582295 0.0379734 0.0131511 0.233429 -0.00861622 4.16067e-006
0.0051111 0.0342613 0.00851055 0.0945985 -0.00696177 2.7103e-006
0.00877978 0.036083 0.0140641 0.133099 -0.00968691 1.14571e-005
0.0332698 0.022241 0.0104323 0.000697401 -0.0019957 0.00100816
0.0299083 0.0244369 0.0109277 0.00102726 -0.00273417 0.000862474
0.028224 0.0208593 0.0101431 0.000332914 -0.00256108 0.000251212
0.0887278 0.0610411 0.00962133 0.000179605 -2.47325e-005 1.95053e-005
0.0907154 0.0650917 0.00959425 0.000146284 -1.88417e-005 5.32014e-006
0.086503 0.0649858 0.0096392 0.000210226 -1.06049e-005 3.34167e-005
0.0621152 0.00286001 0.00937911 9.76701e-005 -8.44409e-005 4.14474e-007
0.0459507 0.00280405 0.00911526 -2.76243e-005 -0.00019438 6.31355e-007
0.0131027 0.0344262 0.0148218 0.0614923 -0.00910297 5.98128e-005
0.011204 0.0381221 0.0176845 0.148473 -0.0099844 3.97726e-005
0.0167766 0.0318075 0.0137214 0.0211134 -0.00765784 0.000129727
0.0133839 0.0288861 0.0110979 0.0173264 -0.00714313 2.29287e-005
0.0403732 0.0913366 0.00903608 -0.000275441 0.000605209 1.09678e-005
0.044335 0.0939135 0.00908604 -0.000178487 0.000395313 4.19915e-006
0.0402342 0.0957126 0.00881071 -0.000272399 0.000339929 1.1694e-006
0.00289272 0.0378727 0.00788112 0.23866 -0.00542675 1.28768e-006
0.00408592 0.0417067 0.0149018 0.528156 -0.00539338 2.81379e-006
0.0950646 0.0647221 0.00956596 9.75347e-005 -2.36035e-005 7.29914e-007
0.0921778 0.0616186 0.0095854 0.000127935 -2.6813e-005 3.34923e-006
0.0329965 0.0969405 0.00828309 -0.000457209 0.000239706 2.64264e-007
0.0359633 0.0941456 0.00860354 -0.000467235 0.000467836 1.45061e-006
0.0369214 0.0973654 0.00856521 -0.000304013 0.000235102 3.47772e-007
0.00250092 0.0569438 0.00739976 0.27877 0.00472807 3.18354e-006
0.00315217 0.0535864 0.0115736 0.570016 0.00454169 2.91438e-006
0.0049815 0.0560931 0.0128081 0.33984 0.00694621 5.85292e-006
0.095866 0.0827474 0.00950684 7.47771e-005 7.45547e-006 1.68572e-008
0.0964367 0.0783855 0.00952309 7.83324e-005 5.248e-006 3.92545e-008
0.0386573 0.0861702 0.00930829 -0.000216922 0.000944857 7.8637e-005
0.0429772 0.0846886 0.00958212 1.28423e-005 0.00085441 0.000190516
0.0426567 0.0878239 0.00935028 -0.000111115 0.000728798 5.36214e-005
0.0932258 0.0697828 0.00956604 0.000109607 -1.11897e-005 8.91276e-007
0.0946371 0.07473 0.00954395 9.22371e-005 -3.77617e-007 1.90946e-007
0.089554 0.0738932 0.00957699 0.000145136 7.02447e-006 2.35025e-006
0.0970191 0.0867246 0.00949318 6.40236e-005 4.66366e-006 3.27972e-009
0.095234 0.089893 0.0094887 6.40955e-005 1.87086e-006 2.8049e-009
0.00437094 0.0600395 0.00830685 0.14764 0.00621799 5.81784e-006
0.00561171 0.0649562 0.00697469 0.034969 0.00579198 7.25569e-006
0.0942154 0.0862276 0.0094985 7.67413e-005 6.84171e-006 1.07734e-008
0.0479495 0.0964612 0.00915146 -0.000117462 0.000224477 1.71794e-006
0.0435037 0.0972175 0.00892026 -0.000171943 0.000230086 8.17717e-007
0.0851127 0.0753505 0.00960953 0.000196243 2.85845e-005 9.83985e-006
0.0802988 0.0760908 0.00965713 0.000247169 6.15851e-005 4.73652e-005
0.0195127 0.0915991 0.0064697 -0.00183866 0.00076075 2.87661e-007
0.0231912 0.0930701 0.00716944 -0.0013979 0.000539771 3.67517e-007
0.0206569 0.0943152 0.00669435 -0.00156237 0.000410902 1.04348e-007
0.0903486 0.0954747 0.00949351 6.08969e-005 -2.6713e-006 3.51935e-009
0.0946053 0.0944584 0.00948374 5.10494e-005 -2.83938e-006 8.18297e-010
0.0865886 0.0969786 0.00950162 5.56332e-005 -2.41295e-006 5.66036e-009
0.0810725 0.0919109 0.00952938 0.000121683 1.84782e-005 1.62975e-007
0.0825644 0.0962798 0.00951219 7.25033e-005 2.33504e-006 1.98313e-008
0.0774802 0.0955982 0.00952784 9.13031e-005 1.4591e-005 9.54648e-008
0.084643 0.0888865 0.00952784 0.000127119 1.88612e-005 2.15849e-007
0.0801208 0.0872204 0.00956086 0.000164799 4.23765e-005 1.45653e-006
0.0652115 0.0966771 0.00951594 5.79877e-005 5.3629e-005 5.42595e-007
0.0610973 0.0943457 0.00950708 7.14032e-005 0.000127632 2.29261e-006
0.0587776 0.0870231 0.00965417 0.000205823 0.000308585 6.83891e-005
0.0633486 0.086782 0.00965981 0.000226024 0.00022338 5.0825e-005
0.0611855 0.0901683 0.00957728 0.000144846 0.000206425 1.28248e-005
0.0566477 0.0961313 0.00942115 1.88708e-006 0.000131143 1.58197e-006
0.0525385 0.0968422 0.00931305 -5.50243e-005 0.000153921 1.49188e-006
0.0539556 0.094075 0.00939292 -1.0559e-005 0.000232386 4.2065e-006
0.0148211 0.054799 0.0214055 0.100064 0.00695724 0.000721004
0.0151628 0.0507962 0.0232393 0.119357 0.00340314 0.00098998
0.0189725 0.0537974 0.0201175 0.0453624 0.00462337 0.00318634
0.0178948 0.0958187 0.00609173 -0.00159823 0.000358795 4.04766e-008
0.0222317 0.0965142 0.00702558 -0.00114664 0.000214731 7.7979e-008
0.00887085 0.0610978 0.0129416 0.0928514 0.00879926 4.19656e-005
0.012211 0.0577716 0.0187792 0.117193 0.00909837 0.000215987
0.0135558 0.0622684 0.0148104 0.0420904 0.008705 0.000236763
0.0140748 0.0715785 0.00915668 0.00145252 0.00519804 5.81727e-005
0.0112023 0.0692102 0.00905531 0.00691911 0.0060809 3.23547e-005
0.0149757 0.0671527 0.0117147 0.0105267 0.00686305 0.000199257
0.0123896 0.0954372 0.00447773 -0.00202936 0.000534079 1.45932e-008
0.0155444 0.0927335 0.00562257 -0.00215248 0.000767162 7.83596e-008
0.00250756 0.072792 0.00232309 -0.00110342 0.00163235 5.43289e-007
0.00344776 0.0691236 0.00360919 0.00475697 0.00300475 1.63805e-006
0.00575746 0.0728544 0.00450383 -0.00107599 0.00300533 1.6789e-006
0.0406101 0.0698863 0.0111275 0.000989337 0.00150484 0.0180526
0.0464119 0.0681578 0.0109736 0.00100195 0.000985232 0.0405926
0.0438925 0.0724901 0.0106593 0.000731994 0.0011979 0.0102283
0.0035661 0.0769646 0.00271921 -0.00257384 0.00149202 3.33024e-007
0.00376064 0.0821437 0.00238016 -0.00282717 0.000981199 9.98929e-008
0.0276826 0.0765759 0.00999026 -0.000195926 0.00257201 0.000583746
0.0305137 0.081341 0.00931754 -0.000473036 0.00177632 0.000180251
0.0260492 0.081328 0.0088288 -0.000984343 0.00217675 8.69978e-005
0.003392 0.0919198 0.001823 -0.00209659 0.000409941 4.46602e-009
0.0918006 0.0568457 0.00959606 0.000135668 -3.59568e-005 6.77042e-006
0.0958924 0.0534194 0.00957061 9.43523e-005 -4.40867e-005 9.07387e-007
0.00872347 0.0442712 0.0234188 0.385107 -0.00456651 3.37891e-005
0.00424434 0.0467115 0.0180485 0.717558 -0.000344471 3.80437e-006
0.0518158 0.00852089 0.0094138 0.000192798 -0.000315164 9.63228e-006
0.0479065 0.0114209 0.00949202 0.000251594 -0.000483045 4.09693e-005
0.0482109 0.00597719 0.00927352 7.81911e-005 -0.000302497 3.48467e-006
0.0851203 0.00655249 0.00936653 8.62391e-005 -5.12711e-005 1.34558e-008
0.00794468 0.0965439 0.00306327 -0.00181437 0.000447686 3.004e-009
0.0730592 0.0967472 0.00953017 7.67031e-005 2.29309e-005 1.47124e-007
0.0920135 0.0513372 0.00959215 0.000133172 -4.98406e-005 6.06978e-006
0.0886505 0.0481464 0.00962016 0.000180719 -5.77198e-005 3.30825e-005
0.0926058 0.0470178 0.00957941 0.000124729 -5.74317e-005 4.83008e-006
0.00649642 0.0148678 0.00342797 -0.00295766 -0.00160421 2.48414e-008
0.0487955 0.0271687 0.0103866 0.00103394 -0.000636063 0.0141271
0.0455767 0.0238366 0.0103147 0.000916358 -0.000827211 0.00453801
0.0499163 0.0231429 0.0101035 0.000751269 -0.000573207 0.00364088
0.0478669 0.0582075 0.0115739 0.00152298 0.00043032 0.324708
0.0457658 0.0626467 0.0114951 0.00140672 0.000819859 0.137793
0.0438758 0.0593052 0.0119652 0.00179922 0.0007108 0.232533
0.0954175 0.0496677 0.00956802 9.84008e-005 -5.2214e-005 1.14698e-006
0.0745785 0.0458069 0.00988369 0.000480464 -0.000122682 0.0075593
0.0766159 0.0494223 0.00983977 0.000440905 -8.75338e-005 0.00391048
0.072937 0.0494529 0.00996822 0.000553627 -0.000113022 0.0135795
0.0044491 0.0504713 0.0171051 0.669054 0.00352994 4.15793e-006
0.030565 0.0466251 0.0153112 0.0064793 -0.000204962 0.072886
0.0282123 0.0502294 0.0162699 0.00907951 0.000933665 0.0460011
0.0268113 0.0463475 0.0170246 0.0114721 -0.000541324 0.0259482
0.0545495 0.0387553 0.0105844 0.00103742 -0.000687402 0.202569
0.0591059 0.0378218 0.0103429 0.000739008 -0.000512187 0.112222
0.0579841 0.0419195 0.0105983 0.000939036 -0.000518228 0.257052
0.0405952 0.0493968 0.012694 0.00266902 -5.09526e-005 0.501864
0.0362689 0.0507684 0.0135608 0.00350461 0.000266929 0.217508
0.0367905 0.0478682 0.0134401 0.0034609 -0.000121593 0.245239
0.0579471 0.0690948 0.0103812 0.000732202 0.000462413 0.0255448
0.0559838 0.0649124 0.0106877 0.000940149 0.000454574 0.079386
0.0608385 0.0655295 0.010391 0.000790297 0.000303323 0.0439635
0.0538312 0.0474222 0.0111056 0.00127662 -0.000391927 1
0.0495925 0.0494008 0.011531 0.00156838 -0.000225483 1
0.0502734 0.045168 0.0113265 0.00150491 -0.000528813 1
0.0439054 0.0356447 0.0113789 0.00188173 -0.000982434 0.100459
0.0422348 0.0386512 0.0118335 0.00219442 -0.000979492 0.160093
0.0409462 0.035439 0.0117302 0.00215708 -0.00116329 0.0779072
0.0418897 0.0536847 0.0124045 0.00229086 0.000268202 0.463735
0.0406619 0.0575687 0.0124978 0.00227177 0.000736687 0.250374
0.0373826 0.0543515 0.0132674 0.00309811 0.000679042 0.221183
0.0668673 0.0605436 0.0102046 0.000707219 0.000109174 0.0313071
0.0660001 0.0651889 0.0101658 0.000661059 0.0001845 0.0197335
0.0629875 0.061354 0.0103672 0.00080798 0.000197079 0.0589814
0.0683364 0.0859871 0.00964977 0.000235616 0.000152458 3.39623e-005
0.0647644 0.0833113 0.00972995 0.000292276 0.000233075 0.000146443
0.0677501 0.081277 0.00974375 0.00031481 0.000198779 0.000203106
0.0352674 0.0639527 0.0124028 0.00196547 0.00204036 0.0400272
0.0342977 0.0679529 0.0117512 0.00129849 0.00220732 0.0148945
0.0311916 0.0658612 0.0123041 0.00184204 0.00264855 0.0166225
0.0562415 0.0595303 0.0108642 0.00107253 0.000269778 0.203323
0.0606579 0.0590472 0.0105638 0.000931287 0.000202422 0.126506
0.0593616 0.062024 0.0105606 0.000919256 0.000279306 0.0923025
0.061729 0.0293209 0.00996685 0.000477443 -0.000295237 0.011223
0.058452 0.0254011 0.00993814 0.000520499 -0.000300193 0.00532407
0.0629231 0.025743 0.00985749 0.000426858 -0.000254951 0.00341239
0.0946079 0.0605148 0.00957102 0.000101705 -2.9842e-005 1.12545e-006
0.070713 0.0621099 0.0100121 0.000573022 7.03215e-005 0.00967827
0.0743412 0.0584498 0.00991887 0.000509911 1.38676e-006 0.00524769
0.0739919 0.0618169 0.00990988 0.00049488 3.39117e-005 0.00371452
0.02966 0.037994 0.0145565 0.0055532 -0.00269957 0.0172043
0.025472 0.0414024 0.016873 0.0125474 -0.00288314 0.010136
0.0259782 0.0368559 0.0152865 0.0080549 -0.00390947 0.00551013
0.00452776 0.0954288 0.00207728 -0.00182815 0.00041758 2.23969e-009
0.00812658 0.0916129 0.00347277 -0.0026498 0.000823453 2.7329e-008
0.00799073 0.0875019 0.0037716 -0.00309773 0.00107747 6.80197e-008
0.00248576 0.00680997 0.00140998 -0.00176101 -0.000296078 6.08541e-010
0.00939285 0.00779908 0.00400097 -0.00276711 -0.00100528 9.01296e-009
0.0127691 0.00791016 0.00516319 -0.00268724 -0.00118405 2.86704e-008
0.09319 0.00248576 0.00932673 3.51688e-005 -1.72248e-005 3.22709e-010
0.0921342 0.00947103 0.00935606 7.39885e-005 -6.6191e-005 7.79602e-009
0.0919971 0.0128103 0.00937775 8.05201e-005 -8.15748e-005 2.403e-008
0.0974869 0.0931274 0.00948193 4.73573e-005 -1.39294e-006 5.21759e-010
0.0921574 0.0916891 0.00949177 7.44265e-005 7.30607e-007 4.96244e-009
0.0475857 0.0732394 0.010446 0.000647471 0.0009132 0.0102177
0.049221 0.0773171 0.0101253 0.000450302 0.000756525 0.00316677
0.0446354 0.0768512 0.0102331 0.000448581 0.00102201 0.00305825
0.0528389 0.0630842 0.0109898 0.0010944 0.000512204 0.136376
0.03236 0.0570232 0.0140117 0.00412358 0.00169616 0.0816459
0.0337758 0.052999 0.0140883 0.00418686 0.000794925 0.134353
0.0199051 0.0669914 0.0125469 0.00516407 0.00580655 0.000930495
0.0181402 0.0705413 0.0107611 0.00212894 0.00528788 0.000264333
0.0350137 0.0054052 0.0086602 -0.000334518 -0.000612148 1.67345e-006
0.037724 0.0290111 0.0113823 0.00168792 -0.00166437 0.0120995
0.0331357 0.027319 0.0114491 0.00157561 -0.00233396 0.00435933
0.0365427 0.0251721 0.0108945 0.00117978 -0.00175022 0.00368501
0.094571 0.0350387 0.00951896 8.5127e-005 -6.35247e-005 1.40174e-006
0.0730084 0.0334489 0.00980889 0.000383954 -0.000191734 0.00419651
0.0719118 0.0280882 0.00973254 0.000333905 -0.00019874 0.00155085
0.0309712 0.0933957 0.00815857 -0.000795894 0.000542918 1.23483e-006
0.040481 0.0743248 0.0105263 0.000551167 0.00139887 0.00473589
0.0401042 0.0785011 0.0100525 0.000230592 0.00123817 0.00121251
0.0365749 0.0758863 0.0103254 0.000322801 0.00164001 0.00200026
0.0505943 0.0410199 0.0110564 0.0014248 -0.000727512 0.362155
0.0473337 0.0428691 0.0115059 0.0017435 -0.000663112 0.494636
0.0466624 0.0388952 0.0113203 0.00175368 -0.000832676 0.22808
0.0425701 0.0313564 0.0111423 0.00165188 -0.00107851 0.0369807
0.0540798 0.0433677 0.0109137 0.00119238 -0.000585652 0.456507
0.0704923 0.0387382 0.00996669 0.000505871 -0.000206451 0.016059
0.0726831 0.0423085 0.00992808 0.000503466 -0.000155748 0.0115721
0.0685109 0.0432751 0.0100952 0.00061982 -0.000212873 0.0379275
0.0749158 0.0751536 0.00974233 0.000323719 0.000112237 0.000266101
0.0766004 0.0791797 0.00966305 0.0002578 9.2967e-005 5.089e-005
0.0792255 0.023207 0.00955869 0.000224854 -0.000140027 6.49602e-005
0.0739277 0.0231693 0.0096216 0.000277455 -0.000169897 0.000222633
0.0232831 0.0208785 0.0097745 -7.03907e-005 -0.00327647 7.92662e-005
0.0232461 0.0262317 0.0115148 0.00226639 -0.0044452 0.000307065
0.0732961 0.0935284 0.00954438 0.000123052 4.24872e-005 4.5335e-007
0.0701325 0.0789949 0.0097542 0.000332913 0.000172503 0.000255097
0.072882 0.0823495 0.00966553 0.00026041 0.000120902 5.08825e-005
0.0454167 0.051481 0.0119324 0.00186551 -1.3706e-005 1
0.0272739 0.0639245 0.0133233 0.00360842 0.00360243 0.0135697
0.0279453 0.0684014 0.0118286 0.00145465 0.0032562 0.00563576
0.0568282 0.0914548 0.00950596 7.78588e-005 0.000251086 1.15364e-005
0.0537718 0.0869804 0.00963639 0.000168752 0.000432246 0.000123565
0.0570337 0.0543361 0.0109237 0.00112329 1.58443e-005 0.40094
0.0599685 0.0564134 0.0106994 0.00100858 9.42436e-005 0.222142
0.0533151 0.0769998 0.0100923 0.000465411 0.000608311 0.00339039
0.0546851 0.0727393 0.0103035 0.000626851 0.000604021 0.0117753
0.0567362 0.0761918 0.0100711 0.00048827 0.00049406 0.00344581
0.0677844 0.0354647 0.00998988 0.000485828 -0.000267352 0.0185362
0.0506472 0.0188527 0.00984971 0.00053289 -0.000518499 0.000751097
0.0547529 0.0191589 0.00978874 0.00046564 -0.000383477 0.000676901
0.054189 0.022393 0.00993104 0.000574296 -0.000398442 0.00244264
0.0672226 0.0730983 0.00994281 0.000473257 0.000230109 0.00296353
0.0717488 0.0712367 0.00986907 0.000432835 0.000140433 0.00175511
0.0705902 0.0756979 0.0098065 0.000376982 0.000170822 0.000638118
0.0807451 0.0506203 0.00974564 0.000337921 -6.225e-005 0.000856768
0.0806892 0.0547335 0.00974537 0.000346267 -4.02196e-005 0.000669276
0.0774151 0.0541096 0.00983227 0.00043582 -4.50275e-005 0.00245691
0.0346058 0.0312163 0.0120723 0.00225783 -0.00210952 0.0136183
0.019121 0.04883 0.0214854 0.05644 0.000778115 0.00277262
0.0190793 0.0452665 0.0211878 0.0554379 -0.00238445 0.00190319
0.0224118 0.0457865 0.0192977 0.026912 -0.00142092 0.00631559
0.0119758 0.0478132 0.0250548 0.246618 0.000462977 0.000206094
0.0169436 0.058629 0.0180296 0.042928 0.00749532 0.00123032
0.0207953 0.0574203 0.0177374 0.0229356 0.00557906 0.00420777
0.0880069 0.0526805 0.00963542 0.000193234 -4.77484e-005 4.05672e-005
0.0849227 0.0493053 0.00967003 0.000243557 -5.82478e-005 0.000161252
0.0820098 0.0459547 0.00971017 0.000297462 -7.4199e-005 0.000559814
0.085882 0.04571 0.00964861 0.000223554 -6.62795e-005 0.000107722
0.0526361 0.0122109 0.00955126 0.000305976 -0.000377976 5.14194e-005
0.0426513 0.012308 0.00948489 0.000209917 -0.000722116 5.71045e-005
0.0458402 0.0162986 0.00976355 0.000441024 -0.000684421 0.000314885
0.0239969 0.0784139 0.00920177 -0.000920691 0.0028126 0.000151734
0.0129064 0.0755199 0.00738087 -0.00179579 0.00378499 1.38178e-005
0.0104503 0.0789826 0.00569254 -0.00298015 0.00257691 2.5347e-006
0.0100962 0.0758776 0.00620872 -0.00252389 0.00332639 4.48147e-006
0.0883637 0.0243979 0.0094832 0.000135801 -0.000101816 4.46847e-006
0.0848379 0.0213234 0.00948393 0.00015986 -0.000110707 6.42834e-006
0.089822 0.0205547 0.00944412 0.000107718 -9.42055e-005 8.32145e-007
0.096572 0.0309044 0.0094856 5.13608e-005 -5.13521e-005 3.23396e-007
0.0975642 0.0272045 0.00946752 3.35587e-005 -4.57246e-005 1.15571e-007
0.032482 0.0769549 0.0101092 8.03697e-005 0.00196891 0.000877328
0.0290592 0.0970975 0.0079088 -0.000620274 0.000188531 1.6008e-007
0.0263283 0.0951514 0.00760788 -0.000957675 0.000336752 2.74074e-007
0.0308573 0.0175772 0.00960752 -1.10459e-006 -0.00181575 0.000125858
0.024174 0.0132227 0.00841923 -0.00104408 -0.00186863 8.9167e-006
0.0211525 0.0104597 0.00751724 -0.00158398 -0.00154892 1.5499e-006
0.0250852 0.0106338 0.00818046 -0.00103338 -0.0014747 4.52712e-006
0.0436211 0.0811597 0.00986976 0.000182804 0.000951932 0.000738409
0.0402359 0.0621477 0.0121231 0.00181797 0.0012828 0.101649
0.036167 0.05949 0.0129443 0.00258872 0.00146758 0.107539
0.00824524 0.0399433 0.0182922 0.271304 -0.00934276 1.29562e-005
0.00297967 0.0282515 0.00372073 0.0171783 -0.00340897 4.65661e-007
0.00280448 0.0314417 0.00460367 0.0428212 -0.00423404 8.87407e-007
0.0600703 0.00764565 0.00944362 0.000201341 -0.000189914 4.29125e-006
0.0717248 0.00305437 0.009392 7.73039e-005 -5.75612e-005 1.21153e-007
0.0684054 0.00285474 0.00938132 7.87823e-005 -6.58523e-005 2.06061e-007
0.0969496 0.071612 0.00954732 8.15193e-005 -9.55797e-006 1.21427e-007
0.097048 0.0682234 0.00955483 8.27618e-005 -1.71028e-005 1.91054e-007
0.072933 0.0868115 0.00960717 0.00020735 9.39344e-005 8.20902e-006
0.0697073 0.0947218 0.00954153 0.000103696 5.34348e-005 6.49469e-007
0.0710253 0.0902705 0.00957712 0.000167347 8.4265e-005 3.15664e-006
0.069714 0.0242598 0.00969376 0.000325341 -0.000199428 0.00064636
0.0667467 0.0477937 0.0102321 0.000736257 -0.00020224 0.0742327
0.0707615 0.0467484 0.0100331 0.000595395 -0.000156462 0.0245008
0.0366798 0.0179798 0.00985419 0.000340149 -0.00133603 0.000334193
0.0379622 0.0222597 0.0104088 0.000791746 -0.00148369 0.00179465
0.0410624 0.0255133 0.0107025 0.00116511 -0.00124098 0.00632992
0.0450044 0.0275333 0.010619 0.00121158 -0.000865615 0.0136077
0.0171459 0.0745432 0.00893615 -0.000807857 0.00412502 7.08189e-005
0.0780998 0.0704656 0.00974564 0.000329741 5.99979e-005 0.000343014
0.056613 0.0799997 0.00991347 0.000376626 0.000451909 0.00105793
0.0599425 0.0779577 0.00994569 0.000425823 0.000377664 0.00163606
0.0475421 0.0809262 0.00993242 0.00029868 0.000774775 0.00115007
0.0505542 0.0371436 0.0107125 0.00134598 -0.000788218 0.165534
0.0646264 0.0442626 0.0102988 0.000754647 -0.00028524 0.103257
0.0627559 0.0485162 0.0104719 0.000888594 -0.000243704 0.183837
0.0581145 0.0492777 0.0108246 0.00108831 -0.000266684 0.467993
0.0613695 0.0527954 0.0106227 0.000984693 -0.000104889 0.245091
0.00758075 0.0691185 0.00688629 0.00812104 0.00515702 8.244e-006
0.0102706 0.0656629 0.0105438 0.0261394 0.00754347 4.23557e-005
0.0846688 0.0420358 0.00965247 0.000237407 -7.89032e-005 0.00017078
0.0805646 0.0417365 0.00972003 0.000315294 -9.45348e-005 0.00084391
0.0858432 0.033292 0.00958454 0.000198262 -0.000102114 6.4983e-005
0.0874572 0.0381746 0.00959584 0.000185389 -8.31336e-005 4.39036e-005
0.0500043 0.0148613 0.00966598 0.000391311 -0.000491962 0.000152249
0.0379556 0.0129843 0.00944399 0.000108639 -0.00100742 6.06505e-005
0.0760702 0.0859031 0.00959632 0.000200574 7.26245e-005 5.80795e-006
0.0782872 0.0831278 0.00960538 0.000207603 6.85288e-005 9.32499e-006
0.0742167 0.067821 0.0098549 0.000432424 8.27587e-005 0.00152677
0.0805651 0.0188687 0.00949391 0.000189095 -0.000122254 7.97681e-006
0.0712105 0.0218921 0.00963453 0.000297368 -0.000182807 0.000235729
0.018892 0.0194584 0.00868691 -0.000930425 -0.00348665 9.76581e-006
0.0244707 0.0305719 0.0131344 0.00473467 -0.00474449 0.00106477
0.0218893 0.0292645 0.0126943 0.00526305 -0.00546432 0.000355213
0.0801537 0.00755803 0.00939355 0.000117153 -6.94141e-005 1.06001e-007
0.0842106 0.0106022 0.00939529 0.000120327 -8.05938e-005 1.09425e-007
0.0802239 0.0120723 0.00942775 0.00015567 -9.97344e-005 6.26897e-007
0.0877666 0.0779155 0.00956926 0.000152614 2.16372e-005 1.74992e-006
0.0842679 0.0793049 0.00958976 0.000182997 4.03125e-005 5.49058e-006
0.00758684 0.0197148 0.00482859 -0.0015555 -0.00291093 2.08232e-007
0.0105613 0.0157136 0.00532531 -0.00285333 -0.00238916 1.71254e-007
0.0121745 0.0194179 0.00672926 -0.00157382 -0.00351705 9.21624e-007
0.0199066 0.0871608 0.0067541 -0.00195009 0.0014414 2.01357e-006
0.0164497 0.0843406 0.00651938 -0.00226684 0.0018802 2.93981e-006
0.0202823 0.0837036 0.007311 -0.00188061 0.00205319 7.64531e-006
0.0204667 0.0775366 0.00879939 -0.0012587 0.00320015 8.38032e-005
0.0235912 0.0754007 0.0098037 -0.000490971 0.00326079 0.000316602
0.0328422 0.0494236 0.0143943 0.00479838 0.000325611 0.137882
0.0348325 0.0445372 0.0137819 0.00403072 -0.000607367 0.146814
0.0375424 0.0340443 0.0121029 0.00239918 -0.00157266 0.0398992
0.0349112 0.0389954 0.0132771 0.00355374 -0.00154647 0.0643789
0.0327679 0.0344734 0.0129464 0.0031665 -0.00237647 0.0180649
0.0738472 0.0645044 0.00989378 0.000476444 5.77515e-005 0.00270309
0.0691131 0.0518531 0.0101455 0.000686909 -0.000103426 0.0417731
0.0282467 0.0334158 0.0135728 0.00428731 -0.00352502 0.00547692
0.0263232 0.0542829 0.0166907 0.0114809 0.00252469 0.0252349
0.0303241 0.0535214 0.0151485 0.00624376 0.00137515 0.0693003
0.0285191 0.0567346 0.01525 0.00684337 0.00253873 0.0380682
0.0665598 0.0279433 0.00983841 0.000391795 -0.000244182 0.00409237
0.0517474 0.0315315 0.0103 0.00107933 -0.000561648 0.0487158
0.047147 0.0303087 0.0106422 0.00129548 -0.000729149 0.0310983
0.0380789 0.066531 0.0117691 0.00142331 0.0017447 0.0308163
0.042075 0.0658548 0.0115294 0.00134058 0.00129524 0.0494022
0.05232 0.0815364 0.00987623 0.000319935 0.000567771 0.000795104
0.0564873 0.0837207 0.00977529 0.00028363 0.000414509 0.000274866
0.0401677 0.082307 0.00969427 1.46365e-005 0.00107392 0.000327609
0.0318068 0.061817 0.0131528 0.00288227 0.00236421 0.041306
0.0289186 0.0597631 0.0142455 0.00483038 0.00290275 0.0322307
0.0156376 0.0791968 0.00727623 -0.00218793 0.00289868 1.30902e-005
0.00980679 0.0729009 0.00681501 -0.000509569 0.0041789 9.19757e-006
0.00763578 0.0762269 0.00498739 -0.00279641 0.00271879 1.7191e-006
0.0630123 0.0700029 0.0101553 0.000614025 0.00030194 0.0134549
0.0633923 0.075251 0.00997205 0.000467251 0.000313977 0.0026869
0.0541468 0.068755 0.0105777 0.000815542 0.000618436 0.0367951
0.0688634 0.0207136 0.0096443 0.000312005 -0.000194885 0.000267455
0.0579116 0.021049 0.00981124 0.000450457 -0.000317113 0.00129834
0.0617934 0.0221468 0.00979729 0.000414955 -0.000265034 0.00166046
0.0814579 0.0655538 0.00971303 0.000300782 8.32779e-006 0.000231438
0.077066 0.0622037 0.00983501 0.000428328 1.55203e-005 0.00184983
0.0769375 0.0661097 0.00981031 0.00039848 4.41599e-005 0.000988102
0.0209121 0.0323445 0.0141935 0.0110024 -0.00617041 0.000563825
0.0184448 0.0391806 0.0188892 0.0438903 -0.006448 0.000860458
0.0207583 0.0419389 0.0192677 0.0339885 -0.00409704 0.00249951
0.0170712 0.0426167 0.0213988 0.0776181 -0.00497089 0.000757919
0.0759553 0.0900395 0.00956103 0.000159198 5.07474e-005 1.29219e-006
0.0569658 0.030195 0.0100947 0.000664438 -0.00036418 0.0247969
0.0603985 0.0336345 0.0101317 0.000578318 -0.000398045 0.0402191
0.0687955 0.0315726 0.00988016 0.000409817 -0.000245544 0.00679024
0.0304398 0.0426072 0.0151732 0.00629531 -0.00143998 0.0447336
0.0280882 0.0280882 0.011917 0.00210173 -0.00337214 0.00178259
0.0315135 0.0309169 0.0123857 0.00249995 -0.00271211 0.00709923
0.020875 0.0155242 0.00820495 -0.00135265 -0.00242269 6.6986e-006
0.0258604 0.0167379 0.00913249 -0.000551879 -0.00221235 3.54283e-005
0.0277395 0.00901726 0.00828577 -0.000809969 -0.00123058 4.36629e-006
0.0240763 0.00752579 0.00770795 -0.0011783 -0.00111785 1.19388e-006
0.0831267 0.0259035 0.00954353 0.00019767 -0.000124475 3.83481e-005
0.0923599 0.0237951 0.00945695 8.87139e-005 -8.59257e-005 7.44639e-007
0.084018 0.0535079 0.00968726 0.000265525 -4.51768e-005 0.000192355
0.086636 0.0569405 0.00965246 0.000217214 -3.54576e-005 6.5059e-005
0.082388 0.0575113 0.00971058 0.000303502 -3.23289e-005 0.000328062
0.0536268 0.0160687 0.00968986 0.000405063 -0.000403012 0.000225623
0.0566276 0.0135138 0.00958583 0.000322813 -0.000305119 7.68345e-005
0.05739 0.0174312 0.00970185 0.000393107 -0.000324547 0.000346339
0.015954 0.0464795 0.0232923 0.111527 -0.00149382 0.00075877
0.0133136 0.0435544 0.0232946 0.175286 -0.00525505 0.000206263
0.0126411 0.0912371 0.00494872 -0.00252147 0.00101751 8.54625e-008
0.0114937 0.087124 0.00502803 -0.00277867 0.0013501 3.00227e-007
0.0159045 0.0890962 0.00593623 -0.0022195 0.00116171 3.74775e-007
0.0154656 0.0165805 0.0071368 -0.00204177 -0.00283106 1.51195e-006
0.0129697 0.0116086 0.00557991 -0.00277826 -0.00170756 1.18437e-007
0.00548729 0.0052812 0.00249053 -0.00217504 -0.000464922 7.10965e-010
0.0878644 0.0860396 0.00952426 0.000119516 1.72965e-005 1.73798e-007
0.0879214 0.0816852 0.00954731 0.000136763 2.33587e-005 6.7212e-007
0.0915032 0.0838699 0.00951734 0.000100594 1.29284e-005 8.56947e-008
0.0834965 0.0155186 0.00944028 0.000149288 -0.000102978 1.19469e-006
0.0883652 0.0129663 0.00939373 0.000104744 -8.4733e-005 9.54227e-008
0.0946897 0.00545991 0.00932319 5.00578e-005 -3.76064e-005 5.13816e-010
0.0786621 0.0579849 0.00979157 0.000398409 -2.20251e-005 0.00129098
0.0891582 0.0431079 0.00960018 0.00016814 -6.76835e-005 2.73656e-005
0.0422201 0.0201434 0.0101014 0.000654474 -0.00101329 0.00122645
0.0468122 0.0203629 0.0100217 0.000663258 -0.000718302 0.00131226
0.0331346 0.0856705 0.00895612 -0.000563221 0.00120759 4.38869e-005
0.0278223 0.0861687 0.00833048 -0.00105411 0.00136823 1.69547e-005
0.0311342 0.069304 0.0115555 0.00107207 0.00259837 0.00727577
0.0334836 0.0723781 0.0109048 0.000626686 0.00215851 0.00448416
0.0292504 0.0722656 0.010901 0.000532416 0.00271188 0.00251394
0.0830453 0.0377734 0.00965409 0.000254465 -9.96319e-005 0.000263719
0.0782834 0.0453763 0.00977975 0.000380258 -9.30569e-005 0.00211712
0.0765951 0.0418026 0.00980778 0.000406049 -0.000117667 0.00332499
0.024088 0.0674383 0.0123429 0.002694 0.00451477 0.00267379
0.0225371 0.0636583 0.0141828 0.00736684 0.00545497 0.00358994
0.0180631 0.0632966 0.0146365 0.0161466 0.00708673 0.0010091
0.0525484 0.0563254 0.0112151 0.00127974 0.000193251 0.418304
0.0730242 0.0782751 0.00972329 0.000311356 0.000134773 0.000162687
0.0350293 0.0900808 0.00876399 -0.000544936 0.000800808 9.54877e-006
0.0359321 0.0809622 0.00968112 -8.37755e-005 0.0013949 0.00037063
0.0282553 0.0132502 0.00887192 -0.000569358 -0.00166574 2.51929e-005
0.030853 0.0893002 0.00839957 -0.000865571 0.000968797 7.5187e-006
0.0272468 0.0910734 0.00783342 -0.00113314 0.000795288 2.03238e-006
0.0507581 0.0606073 0.0112152 0.00124597 0.000472362 0.21003
0.0809572 0.0341358 0.00966251 0.000273062 -0.000125023 0.000425445
0.0748077 0.0381877 0.00982726 0.000415039 -0.000153522 0.00445197
0.0771672 0.0349688 0.00973383 0.00033629 -0.000149328 0.00143134
0.0592264 0.0734991 0.0101309 0.000553287 0.000431164 0.0066709
0.0638596 0.0796431 0.00983211 0.000365965 0.000280195 0.000608581
0.0605871 0.082831 0.0097815 0.000311335 0.000318493 0.000306007
0.04766 0.0341824 0.0108215 0.00150053 -0.000793545 0.0886258
0.0456109 0.0467145 0.011869 0.00192806 -0.000387781 1
0.043274 0.0427647 0.012001 0.00219502 -0.000686565 0.385247
0.0634843 0.0367773 0.0101542 0.000585546 -0.000366862 0.050442
0.0918554 0.0387644 0.00955599 0.000124592 -7.0168e-005 6.09393e-006
0.0234902 0.0889992 0.00733799 -0.00155479 0.00108484 2.29997e-006
0.00665513 0.0796269 0.00399001 -0.00335473 0.00183707 4.48076e-007
0.093467 0.0202459 0.00942924 7.21496e-005 -8.49833e-005 1.68857e-007
0.0204992 0.0066184 0.0070288 -0.00157958 -0.00101592 2.8614e-007
0.0886157 0.0689424 0.00960556 0.000171927 -4.25419e-006 8.35344e-006
0.0850754 0.0681633 0.00964514 0.000225317 3.972e-006 3.32056e-005
0.0688002 0.0115952 0.00949537 0.000226276 -0.000166685 1.1009e-005
0.0677676 0.0151787 0.00955804 0.000272487 -0.00018926 4.68395e-005
0.00919789 0.0317293 0.0106426 0.0487424 -0.00796483 9.06737e-006
0.0734372 0.053447 0.00996503 0.000553277 -5.78604e-005 0.0104697
0.0697968 0.0572131 0.0101041 0.000653515 1.17081e-005 0.0235769
0.0533813 0.0266593 0.0101354 0.000770798 -0.000418935 0.01107
0.0508037 0.0705712 0.0105693 0.000757797 0.000765288 0.0240942
0.0516055 0.0666209 0.0108298 0.000955473 0.000673123 0.066963
0.0510004 0.0741312 0.0103061 0.000580669 0.000745 0.00833653
0.0835166 0.0838266 0.00956255 0.000162709 3.79484e-005 1.87613e-006
0.00891635 0.0120719 0.00418662 -0.00314585 -0.00151871 2.62946e-008
0.0879039 0.00894538 0.00936926 9.27356e-005 -6.57202e-005 1.77545e-008
0.0656519 0.0911077 0.00957525 0.000149739 0.000128904 6.52534e-006
0.0670903 0.077305 0.00983997 0.00039074 0.000230483 0.000815127
0.0490312 0.0538342 0.0115798 0.00155396 0.000100662 1
0.0533918 0.0517847 0.0112084 0.00130328 -9.83294e-005 1
0.0244418 0.034087 0.0145792 0.007642 -0.00480695 0.00221382
0.0176918 0.035572 0.0163982 0.03275 -0.00773556 0.000387033
0.0658447 0.0232701 0.00974653 0.00036815 -0.000225103 0.00116249
0.065026 0.0184545 0.00964897 0.000329015 -0.000223566 0.000286643
0.0307053 0.0745855 0.0104255 0.000245666 0.00232476 0.0013376
0.0452402 0.0902322 0.00929857 -9.53578e-005 0.000559217 2.58592e-005
0.051049 0.0942719 0.0093141 -5.81495e-005 0.000275499 4.41074e-006
0.0484394 0.0925213 0.00929051 -7.47836e-005 0.000391157 1.05982e-005
0.0443619 0.00867533 0.00929607 9.16809e-005 -0.000515885 1.05173e-005
0.00806199 0.0567974 0.0165094 0.240998 0.00848535 3.25605e-005
0.0246695 0.0590821 0.0158447 0.0103112 0.00427592 0.011892
0.0234411 0.050754 0.0187782 0.0233454 0.00176145 0.0122221
0.0494481 0.0642445 0.0110858 0.00112787 0.000676054 0.108388
0.0250814 0.071854 0.0108764 0.000573633 0.00358583 0.00118052
0.0146273 0.0390824 0.0195748 0.0942258 -0.00825927 0.000213188
0.0493296 0.0886832 0.00948056 3.39491e-005 0.000516862 6.31744e-005
0.0492896 0.0848109 0.00970738 0.000172515 0.000632545 0.000342903
0.080533 0.0802874 0.00961222 0.000210022 6.16421e-005 1.19103e-005
0.0233334 0.0847915 0.00773611 -0.0015708 0.00177145 1.13566e-005
0.0448975 0.0557252 0.0119636 0.0018556 0.000335798 0.444216
0.0394136 0.045215 0.0127606 0.00286434 -0.000509181 0.343338
0.0389069 0.0412233 0.0125757 0.00280827 -0.000946696 0.181416
0.0570618 0.0454535 0.0108012 0.00108474 -0.000453592 0.437827
0.0605699 0.0450568 0.0105492 0.000916994 -0.000372232 0.242685
0.0124018 0.0826375 0.00575108 -0.00281871 0.00195936 1.32974e-006
0.0527579 0.0353283 0.0103105 0.00109184 -0.000688476 0.108402
0.0645398 0.0563577 0.0103901 0.000843256 3.81274e-005 0.0986315
0.0785398 0.0153981 0.00947385 0.00019036 -0.000121041 4.33084e-006
0.0155062 0.0212242 0.00840008 -0.000305308 -0.00420963 5.83149e-006
0.0705976 0.0667345 0.009967 0.000525438 0.000120492 0.00517967
0.0676686 0.0692582 0.0100238 0.000551326 0.000197532 0.00714031
0.0409023 0.0159153 0.00973379 0.000354887 -0.000944456 0.000204478
0.052229 0.0913311 0.00942829 1.71916e-005 0.000350397 1.71765e-005
0.0648621 0.0515966 0.0103755 0.000845249 -0.000145023 0.11975
0.0559208 0.0345444 0.0102371 0.000833244 -0.000549552 0.0787825
0.017339 0.0123906 0.00690544 -0.00215759 -0.00191827 6.43816e-007
0.0877661 0.0173129 0.00943053 0.000120549 -9.58557e-005 5.58906e-007
0.0866295 0.0281888 0.00953142 0.000170939 -0.000109374 2.2227e-005
0.0857766 0.0249503 0.00950895 0.000168303 -0.000113735 1.22151e-005
0.0620227 0.0409407 0.0103467 0.000748935 -0.000400047 0.123455
0.0648105 0.0326558 0.00999261 0.00046906 -0.000300929 0.0171218
0.0460355 0.0866921 0.00952116 2.00416e-005 0.000687044 0.000124648
0.00593161 0.0296955 0.00689658 0.0327205 -0.00582586 1.52096e-006
0.0606027 0.0189632 0.00971878 0.000385149 -0.000283955 0.000531087
0.0607909 0.0155784 0.00962048 0.000330295 -0.000266849 0.000142396
0.0807167 0.0608397 0.00974116 0.000339318 -1.61579e-005 0.000511414
0.0844259 0.0611226 0.00967788 0.000256584 -2.14066e-005 0.000124988
0.0216716 0.0700096 0.0113468 0.00170359 0.00474738 0.000747235
0.0211435 0.0732229 0.0101089 -1.19461e-005 0.00407289 0.00030112
0.0112339 0.0410406 0.021111 0.209392 -0.00857138 6.05452e-005
0.0220703 0.0373804 0.0166416 0.017471 -0.00525777 0.00223416
0.0266171 0.0240063 0.0109131 0.000973206 -0.00326898 0.00039374
0.0396203 0.00833521 0.00912856 -5.50366e-005 -0.000656456 8.84388e-006
0.0221996 0.0811534 0.00822925 -0.00149766 0.00247238 3.85234e-005
0.019069 0.0811469 0.00763264 -0.00188592 0.00254382 1.63699e-005
0.0205813 0.0604513 0.0162048 0.0165252 0.00624369 0.00294747
0.0422353 0.0459071 0.0122672 0.0023615 -0.000420475 0.554443
0.0309831 0.00733848 0.00842511 -0.000597749 -0.000945307 2.85236e-006
0.0793411 0.047745 0.00976446 0.000361463 -8.03395e-005 0.00138897
0.078844 0.0380634 0.00973044 0.000332067 -0.000122434 0.00120227
0.0228095 0.0551416 0.0179893 0.0199533 0.00398517 0.00876435
0.0661595 0.0397443 0.0101383 0.000611456 -0.000290847 0.0486415
0.00803693 0.0837134 0.0041364 -0.00320683 0.00144113 2.69954e-007
0.0919885 0.016265 0.00940428 8.35398e-005 -8.74314e-005 1.03792e-007
0.016412 0.00804282 0.00623939 -0.00219742 -0.00123405 1.41236e-007
0.0389449 0.0376917 0.0122598 0.00258499 -0.00123263 0.0966624
0.0915962 0.0880431 0.00950151 8.89017e-005 7.27075e-006 2.24998e-008
0.0887521 0.0906922 0.00950475 9.59352e-005 5.95031e-006 2.75417e-008
0.0856711 0.0934413 0.00950852 9.17614e-005 4.32086e-006 2.53457e-008
0.0367981 0.0698328 0.0113305 0.00102787 0.00191818 0.0127946
0.03752 0.0724159 0.0108286 0.000691026 0.00175017 0.00620633
0.0458931 0.0836555 0.00971947 0.000132012 0.000783713 0.000369637
0.0918879 0.0790242 0.00953822 0.000108253 1.08546e-005 2.72193e-007
0.0506798 0.0345464 0.0104141 0.00125315 -0.000700328 0.0931024
0.0760499 0.0262684 0.00964156 0.000276683 -0.000163945 0.000312601
