VARIABLES= "X", "Y", "P", "U", "V", "C"
0 0 0 0 0 2.33908e-006
0.005 0 0.00355976 0 0 3.09229e-006
0.01 0 0.00546229 0 0 5.16571e-006
0.015 0 0.00920729 0 0 2.63842e-005
0.02 0 0.0125806 0 0 7.9026e-005
0.025 0 0.0125806 0 0 7.9026e-005
0.03 0 0.0140706 0 0 0.00012977
0.035 0 0.0142522 0 0 0.00014089
0.04 0 0.0160218 0 0 0.000216624
0.045 0 0.0165488 0 0 0.000203059
0.05 0 0.0166548 0 0 0.000208799
0.055 0 0.0177945 0 0 0.000247582
0.06 0 0.0179237 0 0 0.00015326
0.065 0 0.018 0 0 0.000159862
0.07 0 0.0180328 0 0 0.000103294
0.075 0 0.0181763 0 0 6.50655e-005
0.08 0 0.0182241 0 0 1.35327e-005
0.085 0 0.0182321 0 0 6.52346e-006
0.09 0 0.0182321 0 0 6.52346e-006
0.095 0 0.0182304 0 0 1.91095e-006
0.1 0 0.0182298 1.4578e-005 -2.43358e-005 1.80681e-006
0.1 0.005 0.0182333 4.82688e-005 -8.25984e-005 2.12852e-006
0.1 0.01 0.0182531 7.53151e-005 -0.000140677 4.09183e-006
0.1 0.015 0.0183229 0.000105486 -0.000197088 2.09786e-005
0.1 0.02 0.0183951 0.000111545 -0.000173452 5.66702e-005
0.1 0.025 0.0184358 0 0 6.84161e-005
0.1 0.03 0.0184358 0 0 6.84161e-005
0.1 0.035 0.0184441 0 0 0.000109661
0.1 0.04 0.0184855 0.000215125 -8.14095e-005 0.000183698
0.1 0.045 0.0184863 0.00024848 -6.47767e-005 0.000188646
0.1 0.05 0.0184863 0.000267981 -5.43633e-005 0.000205763
0.1 0.055 0.0184073 0.00030095 7.02387e-005 0.000168547
0.1 0.06 0.0183738 0.000290497 9.65779e-005 0.000140571
0.1 0.065 0.0183359 0.000280446 0.00012804 0.00013344
0.1 0.07 0.0183134 0.000260235 0.000138683 9.06408e-005
0.1 0.075 0.0182132 0.000219694 0.000178506 5.5695e-005
0.1 0.08 0.0181291 0.000155668 0.000158361 1.73429e-005
0.1 0.085 0.0180959 0.000117789 0.00013065 7.19527e-006
0.1 0.09 0.0180959 0.000117789 0.00013065 7.19527e-006
0.1 0.095 0.0180565 4.83336e-005 6.54757e-005 2.15785e-006
0.1 0.1 0.0180553 0 0 2.06248e-006
0.095 0.1 0.0180498 0 0 2.61034e-006
0.09 0.1 0.0179963 0 0 1.04355e-005
0.085 0.1 0.0179851 0 0 1.51663e-005
0.08 0.1 0.0179398 0 0 3.82383e-005
0.075 0.1 0.0177632 0 0 9.27663e-005
0.07 0.1 0.0178053 0 0 0.000143767
0.065 0.1 0.0176528 0 0 0.000166795
0.06 0.1 0.0172429 0 0 0.000311424
0.055 0.1 0.0172429 0 0 0.000311424
0.05 0.1 0.0166734 0 0 0.000313521
0.045 0.1 0.0159281 0 0 0.000223234
0.04 0.1 0.0151254 0 0 0.000146448
0.035 0.1 0.0151254 0 0 0.000146448
0.03 0.1 0.0137777 0 0 8.74946e-005
0.025 0.1 0.0137777 0 0 8.74946e-005
0.02 0.1 0.0121029 0 0 5.1704e-005
0.015 0.1 0.0088756 0 0 2.39328e-005
0.01 0.1 0.00639145 0 0 1.15748e-005
0.005 0.1 0.00196026 0 0 2.99897e-006
0 0.1 0 0 0 2.99897e-006
0 0.095 0 0 0 4.43234e-006
0 0.09 0 0 0 8.13379e-006
0 0.085 0 0 0 3.69636e-005
0 0.08 0 0 0 9.9356e-005
0 0.075 0 0 0 9.9356e-005
0 0.07 0 0 0 0.000175338
0 0.065 0 0 0 0.00033809
0 0.06 0 0 0 0.00033809
0 0.055 0 1 0 0.000224782
0 0.05 0 1 0 0.000205778
0 0.045 0 1 0 0.000173812
0 0.04 0 0 0 0.000151131
0 0.035 0 0 0 0.000198678
0 0.03 0 0 0 0.000143212
0 0.025 0 0 0 8.09033e-005
0 0.02 0 0 0 2.05651e-005
0 0.015 0 0 0 9.81143e-006
0 0.01 0 0 0 9.81143e-006
0 0.005 0 0 0 2.77121e-006
0.00447241 0.0874131 0.00389903 -0.00602678 0.00177671 2.16863e-005
0.00256 0.00353957 0.00241335 -0.00290813 -0.00047166 2.33908e-006
0.0974172 0.0964082 0.0180519 3.675e-005 5.24342e-005 1.79755e-006
0.0964604 0.00256 0.0182291 3.5218e-005 -5.8791e-005 1.65936e-006
0.00238194 0.0976072 0.00196026 -0.00225584 0.000466482 2.99897e-006
0.0127849 0.0043896 0.0081094 -0.00525775 -0.00197386 1.67305e-005
0.00841917 0.00347932 0.00546229 -0.0045485 -0.00128876 5.16571e-006
0.095565 0.0127058 0.0182948 0.000100221 -0.000190944 1.21004e-005
0.0964778 0.00852734 0.0182531 7.53151e-005 -0.000140677 4.09183e-006
0.0231513 0.00368712 0.0125806 -0.00304803 -0.00178758 7.9026e-005
0.01796 0.00375851 0.0107882 -0.00411986 -0.00180474 4.02847e-005
0.015532 0.0251939 0.0144923 0.0238511 -0.011872 0.000946457
0.0191958 0.023523 0.0156211 0.0123942 -0.0110218 0.0015675
0.0187153 0.0281514 0.0178923 0.0369058 -0.0133705 0.00295015
0.0964601 0.0230029 0.0183951 0.000111545 -0.000173452 5.66702e-005
0.0962468 0.0178699 0.0183485 0.000110286 -0.000202688 2.90721e-005
0.0747361 0.0159631 0.018337 0.00027493 -0.00049445 0.000934818
0.0766718 0.0192818 0.0184027 0.00034714 -0.000489581 0.00137391
0.0722885 0.01904 0.0184116 0.000397079 -0.000620741 0.00268059
0.0272087 0.00239815 0.0134461 -0.00187545 -0.00128796 9.15376e-005
0.0309201 0.00344181 0.0142522 -0.00193939 -0.00169467 0.00014089
0.0273151 0.00550903 0.0137536 -0.00294637 -0.00255675 0.000170198
0.00796538 0.0491288 0.0230486 0.609491 0.0029469 0.000514395
0.0110744 0.0528307 0.0251223 0.408228 0.00812768 0.00194383
0.00670318 0.0530398 0.0182184 0.548641 0.0067744 0.000387599
0.0332769 0.013692 0.0164143 -0.00132069 -0.00464037 0.0022571
0.0310268 0.0105883 0.0153345 -0.00243591 -0.00418996 0.000903764
0.0346026 0.00967541 0.0159121 -0.00185746 -0.00336727 0.000885204
0.00300337 0.0134889 0.00287077 -0.00370579 -0.00187077 9.81143e-006
0.00506595 0.0100592 0.00400612 -0.00527796 -0.00193789 7.37421e-006
0.0756551 0.029422 0.0186377 0.000672379 -0.00053189 0.00919425
0.0792233 0.027711 0.0185609 0.000541409 -0.00045635 0.00439036
0.0780819 0.0315933 0.0186434 0.000670457 -0.000448296 0.0084353
0.0943956 0.0272441 0.0184262 0.000160558 -0.000179595 0.000132921
0.0926615 0.0309831 0.0184616 0.000231881 -0.000189465 0.000303886
0.0907561 0.0275749 0.0184442 0.000253602 -0.000241569 0.000368389
0.0901909 0.0346583 0.0185074 0.000332908 -0.000196328 0.000744134
0.0892112 0.0309766 0.0184877 0.000329559 -0.00024426 0.000750496
0.0865167 0.00303925 0.0182321 3.79655e-005 -7.7237e-005 6.52346e-006
0.0899305 0.00507751 0.0182419 5.94366e-005 -0.00010682 5.30549e-006
0.0962759 0.0391469 0.0184847 0.000200143 -8.82506e-005 0.00019448
0.0697948 0.00669028 0.0181054 1.08947e-005 -0.000328979 0.000193526
0.0750534 0.00540153 0.0181717 1.97083e-005 -0.000200973 7.16743e-005
0.0748956 0.01106 0.0182487 0.000147207 -0.000386817 0.00034237
0.0939618 0.0428392 0.0185023 0.000291386 -8.84552e-005 0.000351753
0.0973333 0.0427043 0.0184863 0.000230356 -7.44548e-005 0.000172737
0.0825327 0.00356626 0.0182241 3.50548e-005 -9.66e-005 1.35327e-005
0.078548 0.00330516 0.0182028 1.72752e-005 -0.000108984 2.65567e-005
0.0620046 0.0055218 0.0179404 -0.000112782 -0.00041276 0.000263453
0.0652791 0.00446393 0.0179953 -5.56078e-005 -0.000288916 0.000167909
0.0642685 0.00860859 0.0180472 -4.91927e-006 -0.000556789 0.000549933
0.0824665 0.030027 0.018558 0.000513146 -0.000372408 0.00341627
0.0394108 0.00363431 0.0159508 -0.00106464 -0.00125517 0.000222478
0.0058518 0.0251091 0.00656086 0.024294 -0.00676203 0.000116109
0.0112986 0.0239063 0.0110524 0.0210046 -0.00994003 0.000323387
0.00905501 0.0277984 0.0108359 0.0513567 -0.0106628 0.000329795
0.0965421 0.0462939 0.0184863 0.000267981 -5.43633e-005 0.000205763
0.0602374 0.0112645 0.0180358 2.28132e-005 -0.000855702 0.00134288
0.0644835 0.0133983 0.0181896 0.000181985 -0.000793764 0.00183826
0.0973543 0.0615249 0.0183738 0.000290497 9.65779e-005 0.000140571
0.0966422 0.0578627 0.0184073 0.00030095 7.02387e-005 0.000168547
0.069046 0.0176845 0.0183689 0.000369733 -0.000718486 0.00293778
0.0712847 0.0150357 0.0183073 0.000266779 -0.000587704 0.0013392
0.00345446 0.0175177 0.00342079 -0.00168176 -0.00277749 2.05651e-005
0.00348997 0.0214972 0.00376674 0.00367695 -0.00365439 4.07583e-005
0.0434206 0.00533535 0.0165432 -0.000953025 -0.00141678 0.000343431
0.0428716 0.00242364 0.0163298 -0.00070849 -0.000770229 0.000191207
0.0561464 0.00882334 0.0177935 -0.000222437 -0.000912962 0.00085879
0.0533474 0.00457687 0.0174488 -0.000431627 -0.000676363 0.000317973
0.05829 0.00403083 0.0177945 -0.000228801 -0.000404632 0.000247582
0.0825282 0.0696639 0.0184127 0.000553302 0.000297443 0.00229314
0.0856326 0.0715069 0.0183496 0.000442889 0.000260251 0.00099026
0.0823751 0.0726296 0.0183624 0.000502523 0.000332261 0.00175205
0.00582295 0.0379734 0.0132898 0.314597 -0.00962229 0.000251106
0.0051111 0.0342613 0.00911004 0.147902 -0.00873262 0.000231658
0.00877978 0.036083 0.0155422 0.22661 -0.0123547 0.000491126
0.0332698 0.022241 0.0182591 0.00195384 -0.00638067 0.0113082
0.0299083 0.0244369 0.0187114 0.00489923 -0.00822904 0.0105106
0.028224 0.0208593 0.0173215 0.00209071 -0.00765045 0.00491821
0.0887278 0.0610411 0.0184507 0.000463255 0.000117755 0.00110805
0.0907154 0.0650917 0.0183849 0.000381054 0.000142401 0.000514219
0.086503 0.0649858 0.0184345 0.000502077 0.000180338 0.00150497
0.0621152 0.00286001 0.0179237 -0.000105836 -0.000229526 0.00015326
0.0459507 0.00280405 0.0166548 -0.000625083 -0.000759068 0.000208799
0.0131027 0.0344262 0.0185936 0.149668 -0.0143939 0.00149327
0.011204 0.0381221 0.0200975 0.274495 -0.0131793 0.000972662
0.0167766 0.0318075 0.019194 0.0787443 -0.0148048 0.00282584
0.0133839 0.0288861 0.0150769 0.0598471 -0.0131898 0.0010017
0.0403732 0.0913366 0.0160373 -0.00168614 0.00198098 0.000859134
0.044335 0.0939135 0.016263 -0.00117197 0.00131636 0.00049686
0.0402342 0.0957126 0.0156478 -0.00130686 0.0011051 0.00025584
0.00289272 0.0378727 0.00750915 0.280566 -0.00577492 0.000151131
0.00408592 0.0417067 0.01395 0.596911 -0.00544189 0.000173812
0.0950646 0.0647221 0.0183571 0.000299435 0.00011804 0.000173652
0.0921778 0.0616186 0.0184051 0.000361878 0.000104657 0.000404744
0.0329965 0.0969405 0.0145302 -0.00169767 0.00079925 0.000120557
0.0359633 0.0941456 0.0151545 -0.00203898 0.00149984 0.000280518
0.0369214 0.0973654 0.0151254 -0.0012254 0.000763302 0.000146448
0.00250092 0.0569438 0.00687995 0.31863 0.00499781 0.000241536
0.00315217 0.0535864 0.0107449 0.619527 0.00446945 0.000205778
0.0049815 0.0560931 0.0122976 0.411919 0.00737741 0.000287781
0.095866 0.0827474 0.0181291 0.000155668 0.000158361 1.73429e-005
0.0964367 0.0783855 0.0181808 0.000195816 0.000175379 3.15131e-005
0.0386573 0.0861702 0.0164001 -0.00174469 0.00308755 0.00272252
0.0429772 0.0846886 0.0170492 -0.00102126 0.00284744 0.00466669
0.0426567 0.0878239 0.0166517 -0.00133355 0.00241833 0.00222222
0.0932258 0.0697828 0.0183116 0.000294828 0.000161697 0.000180115
0.0946371 0.07473 0.0182403 0.00023973 0.000181129 7.5986e-005
0.089554 0.0738932 0.0182777 0.000321364 0.000221214 0.000308947
0.0970191 0.0867246 0.0180959 0.000117789 0.00013065 7.19527e-006
0.095234 0.089893 0.0180725 8.89552e-005 0.000111213 5.7552e-006
0.00437094 0.0600395 0.00813017 0.199524 0.00732743 0.00033809
0.00561171 0.0649562 0.00771927 0.0723398 0.00829566 0.000453393
0.0942154 0.0862276 0.0180974 0.000126531 0.000144608 1.25733e-005
0.0479495 0.0964612 0.016485 -0.000782232 0.000776588 0.000317787
0.0435037 0.0972175 0.0159281 -0.000865009 0.000759862 0.000223234
0.0851127 0.0753505 0.0182844 0.000386195 0.000298799 0.000716117
0.0802988 0.0760908 0.0183017 0.000455654 0.000404644 0.00172007
0.0195127 0.0915991 0.0109673 -0.00577785 0.00227563 8.76228e-005
0.0231912 0.0930701 0.0123003 -0.00459302 0.00172499 0.000107652
0.0206569 0.0943152 0.0114585 -0.00479886 0.00134533 5.54186e-005
0.0903486 0.0954747 0.0180263 3.68428e-005 7.7982e-005 6.8423e-006
0.0946053 0.0944584 0.0180488 4.7022e-005 7.08455e-005 2.98291e-006
0.0865886 0.0969786 0.0179963 1.7114e-005 7.00329e-005 1.04355e-005
0.0810725 0.0919109 0.017999 6.77003e-005 0.000205746 6.00625e-005
0.0825644 0.0962798 0.0179712 1.42414e-005 0.000104486 2.10159e-005
0.0774802 0.0955982 0.0179125 -1.44582e-006 0.000170684 5.31958e-005
0.084643 0.0888865 0.0180556 0.000122804 0.000209247 6.64373e-005
0.0801208 0.0872204 0.0180641 0.000164022 0.000307583 0.000215118
0.0652115 0.0966771 0.0176528 -0.000142941 0.00026293 0.000166795
0.0610973 0.0943457 0.0175307 -0.000282611 0.000532366 0.000355892
0.0587776 0.0870231 0.017744 -0.000121846 0.00117294 0.00250451
0.0633486 0.086782 0.0178874 3.27811e-005 0.000908524 0.00202276
0.0611855 0.0901683 0.0176702 -0.000205279 0.00082352 0.000945482
0.0566477 0.0961313 0.0172429 -0.000429682 0.00051719 0.000311424
0.0525385 0.0968422 0.0169241 -0.000565621 0.00056878 0.000307843
0.0539556 0.094075 0.017109 -0.000624787 0.000854906 0.000507044
0.0148211 0.054799 0.0268712 0.249103 0.0109605 0.00629432
0.0151628 0.0507962 0.0291325 0.292454 0.00501818 0.00727629
0.0189725 0.0537974 0.0281756 0.162929 0.00884668 0.0175551
0.0178948 0.0958187 0.0103988 -0.00461469 0.00112852 3.29579e-005
0.0222317 0.0965142 0.0121029 -0.00349643 0.000796316 5.1704e-005
0.00887085 0.0610978 0.014518 0.171267 0.01223 0.00110977
0.012211 0.0577716 0.0221626 0.2422 0.0132185 0.00289533
0.0135558 0.0622684 0.0190085 0.118172 0.0148521 0.00360839
0.0140748 0.0715785 0.0132465 0.0168339 0.0112606 0.00178656
0.0112023 0.0692102 0.0122131 0.0326098 0.0114604 0.00123606
0.0149757 0.0671527 0.016349 0.0467856 0.0138088 0.00358622
0.0123896 0.0954372 0.00756428 -0.00540789 0.00144722 1.61632e-005
0.0155444 0.0927335 0.00949108 -0.00629802 0.00215796 4.15344e-005
0.00250756 0.072792 0.00304583 0.00244437 0.00291711 0.000130146
0.00344776 0.0691236 0.00432083 0.0171144 0.00472588 0.000219051
0.00575746 0.0728544 0.00608997 0.00574078 0.00567227 0.000227336
0.0406101 0.0698863 0.0194927 0.00269433 0.00497 0.0651428
0.0464119 0.0681578 0.019578 0.00242203 0.00342833 0.107376
0.0438925 0.0724901 0.0188802 0.00139516 0.00401522 0.0468379
0.0035661 0.0769646 0.00388672 -0.00208653 0.00310042 9.9356e-005
0.00376064 0.0821437 0.00365708 -0.00507413 0.00229577 5.05506e-005
0.0276826 0.0765759 0.0166624 0.000259815 0.00773209 0.00787729
0.0305137 0.081341 0.0159076 -0.00220104 0.00547796 0.00409669
0.0260492 0.081328 0.0147821 -0.0030902 0.00634146 0.00254018
0.003392 0.0919198 0.00302676 -0.00492838 0.00108881 8.13379e-006
0.0918006 0.0568457 0.0184555 0.00038805 6.08966e-005 0.000595735
0.0958924 0.0534194 0.0184509 0.000305183 2.28121e-005 0.000215623
0.00872347 0.0442712 0.0237643 0.541818 -0.00528588 0.000625137
0.00424434 0.0467115 0.0165914 0.791021 -0.000486127 0.000178107
0.0518158 0.00852089 0.0175041 -0.000430337 -0.00122577 0.000830825
0.0479065 0.0114209 0.0174895 -0.000386566 -0.00188561 0.001873
0.0482109 0.00597719 0.0170727 -0.000648638 -0.00117844 0.000460284
0.0851203 0.00655249 0.0182439 7.09277e-005 -0.000144232 1.56405e-005
0.00794468 0.0965439 0.00515619 -0.0045342 0.00113748 6.74211e-006
0.0730592 0.0967472 0.0178258 -3.92559e-005 0.000182024 7.81826e-005
0.0920135 0.0513372 0.0184957 0.000378709 -6.66524e-006 0.000594348
0.0886505 0.0481464 0.0185497 0.000477756 -5.32307e-005 0.00157409
0.0926058 0.0470178 0.0185072 0.000348208 -5.34062e-005 0.000516151
0.00649642 0.0148678 0.00523243 -0.00419657 -0.0035824 2.2509e-005
0.0487955 0.0271687 0.0192462 0.00210228 -0.00269702 0.0582191
0.0455767 0.0238366 0.0189027 0.00160971 -0.00323145 0.0296212
0.0499163 0.0231429 0.0187402 0.00123224 -0.00244367 0.0260312
0.0478669 0.0582075 0.0208066 0.00453961 0.00189093 0.421243
0.0457658 0.0626467 0.0204977 0.00411235 0.00303753 0.233258
0.0438758 0.0593052 0.0212473 0.00593718 0.00280847 0.331596
0.0954175 0.0496677 0.018478 0.000300133 -1.97155e-005 0.000247374
0.0745785 0.0458069 0.0188908 0.00117139 -0.000254921 0.0380322
0.0766159 0.0494223 0.0188142 0.00106778 -0.000114635 0.0255199
0.072937 0.0494529 0.0189701 0.00133279 -0.000163448 0.0540912
0.0044491 0.0504713 0.0159097 0.742718 0.0032814 0.000198889
0.030565 0.0466251 0.0259276 0.0351266 -0.000505941 0.145066
0.0282123 0.0502294 0.0267824 0.0507919 0.00268549 0.106527
0.0268113 0.0463475 0.0276865 0.0640924 -0.001441 0.0718513
0.0545495 0.0387553 0.0198515 0.0028097 -0.00163586 0.307615
0.0591059 0.0378218 0.0195049 0.00209418 -0.00127237 0.207088
0.0579841 0.0419195 0.0198219 0.00258112 -0.0010715 0.359661
0.0405952 0.0493968 0.0225424 0.0100316 0.00039618 0.569345
0.0362689 0.0507684 0.0236521 0.0154764 0.00137929 0.313187
0.0367905 0.0478682 0.0235727 0.0146627 8.83533e-005 0.339447
0.0579471 0.0690948 0.0190499 0.0015155 0.00167933 0.0815587
0.0559838 0.0649124 0.0195264 0.00220187 0.00171863 0.165333
0.0608385 0.0655295 0.0192017 0.00176246 0.00120711 0.112203
0.0538312 0.0474222 0.020445 0.00359845 -0.000587943 1
0.0495925 0.0494008 0.0209844 0.00472201 -0.000104036 1
0.0502734 0.045168 0.0207661 0.00430154 -0.00102574 1
0.0439054 0.0356447 0.0207423 0.00498935 -0.00320551 0.195442
0.0422348 0.0386512 0.0213884 0.00640515 -0.00305721 0.262156
0.0409462 0.035439 0.0211517 0.00623612 -0.00385337 0.165117
0.0418897 0.0536847 0.0220514 0.00814843 0.00151126 0.539565
0.0406619 0.0575687 0.0220109 0.0085455 0.00290431 0.344373
0.0373826 0.0543515 0.0231358 0.0134542 0.00262308 0.314374
0.0668673 0.0605436 0.0190942 0.00161083 0.000597358 0.0895408
0.0660001 0.0651889 0.0189722 0.00145128 0.000821561 0.0671098
0.0629875 0.061354 0.0192556 0.00185604 0.00087259 0.131875
0.0683364 0.0859871 0.0180007 0.000158971 0.000686891 0.00149398
0.0647644 0.0833113 0.018066 0.000250277 0.000954441 0.0037359
0.0677501 0.081277 0.0181778 0.000383407 0.000845779 0.0043221
0.0352674 0.0639527 0.0212584 0.00896639 0.00656477 0.102596
0.0342977 0.0679529 0.0200976 0.00555379 0.00703048 0.0575444
0.0311916 0.0658612 0.0207544 0.00967105 0.00815375 0.059633
0.0562415 0.0595303 0.0198922 0.00273896 0.00121363 0.303779
0.0606579 0.0590472 0.0195331 0.00224359 0.000903981 0.216954
0.0593616 0.062024 0.0194696 0.00215716 0.00115396 0.17958
0.061729 0.0293209 0.018922 0.00119124 -0.00120706 0.0491236
0.058452 0.0254011 0.0187867 0.00108194 -0.00143649 0.031966
0.0629231 0.025743 0.0187332 0.000916714 -0.00112747 0.0249013
0.0946079 0.0605148 0.018396 0.000319233 8.94554e-005 0.000226213
0.070713 0.0621099 0.0188641 0.00127408 0.000466667 0.0428117
0.0743412 0.0584498 0.018812 0.00116158 0.000236265 0.0301165
0.0739919 0.0618169 0.0187623 0.00110604 0.000349194 0.0252309
0.02966 0.037994 0.0245532 0.0306964 -0.00777936 0.0600731
0.025472 0.0414024 0.0270381 0.0685451 -0.00744144 0.0402754
0.0259782 0.0368559 0.0248199 0.0465127 -0.0103185 0.0299118
0.00452776 0.0954288 0.00348242 -0.00434428 0.00103898 5.42844e-006
0.00812658 0.0916129 0.00575531 -0.00672672 0.00214365 2.00298e-005
0.00799073 0.0875019 0.00613861 -0.00754703 0.00281199 3.6999e-005
0.00248576 0.00680997 0.0022991 -0.00365858 -0.000747214 3.22181e-006
0.00939285 0.00779908 0.0065513 -0.00631267 -0.002549 1.2702e-005
0.0127691 0.00791016 0.0085403 -0.00656177 -0.00313247 2.61755e-005
0.09319 0.00248576 0.018232 3.52456e-005 -5.78249e-005 2.22005e-006
0.0921342 0.00947103 0.0182695 9.69141e-005 -0.000172984 1.06574e-005
0.0919971 0.0128103 0.0182976 0.000120751 -0.000211822 2.12758e-005
0.0974869 0.0931274 0.0180615 6.07209e-005 7.94221e-005 2.54314e-006
0.0921574 0.0916891 0.0180535 7.40708e-005 0.000108933 7.64983e-006
0.0475857 0.0732394 0.018712 0.0010634 0.00313989 0.0458929
0.049221 0.0773171 0.0182321 0.000416796 0.00265136 0.0229308
0.0446354 0.0768512 0.0182044 0.000365903 0.00347429 0.022937
0.0528389 0.0630842 0.0199281 0.00279398 0.00197497 0.236095
0.03236 0.0570232 0.0238073 0.0213948 0.00525422 0.16099
0.0337758 0.052999 0.0242208 0.0205865 0.00284037 0.225474
0.0199051 0.0669914 0.0189003 0.0323079 0.0136466 0.00950675
0.0181402 0.0705413 0.0161736 0.0191232 0.0124451 0.00452825
0.0350137 0.0054052 0.0153835 -0.00176558 -0.00209124 0.000292787
0.037724 0.0290111 0.0202505 0.00504244 -0.00555781 0.0516212
0.0331357 0.027319 0.019944 0.00603909 -0.0073133 0.0273975
0.0365427 0.0251721 0.0193302 0.00310486 -0.00578071 0.0260931
0.094571 0.0350387 0.0184774 0.000207362 -0.000130584 0.000245368
0.0730084 0.0334489 0.018798 0.000931539 -0.000573098 0.0257531
0.0719118 0.0280882 0.0186711 0.000737676 -0.000674353 0.014174
0.0309712 0.0933957 0.0142093 -0.00305447 0.00173621 0.000235789
0.040481 0.0743248 0.0184811 0.000835835 0.00461444 0.0296413
0.0401042 0.0785011 0.0176797 -0.000351912 0.00410641 0.0134725
0.0365749 0.0758863 0.0179169 0.000173483 0.00533158 0.0176243
0.0505943 0.0410199 0.0204399 0.00383245 -0.00170577 0.460319
0.0473337 0.0428691 0.0210154 0.00495383 -0.0015839 0.576242
0.0466624 0.0388952 0.0207557 0.00468362 -0.00237163 0.333472
0.0425701 0.0313564 0.0202464 0.00424747 -0.00384054 0.102246
0.0540798 0.0433677 0.0202347 0.00329072 -0.00117488 0.543083
0.0704923 0.0387382 0.0189987 0.00127714 -0.000542667 0.0599917
0.0726831 0.0423085 0.0189501 0.00123895 -0.000372895 0.0491794
0.0685109 0.0432751 0.019154 0.00155916 -0.000472214 0.101839
0.0749158 0.0751536 0.0183708 0.00058892 0.000569125 0.00482362
0.0766004 0.0791797 0.0182365 0.000407898 0.000497725 0.00179869
0.0792255 0.023207 0.0184739 0.000421711 -0.000457872 0.00214723
0.0739277 0.0231693 0.018513 0.000513202 -0.000605431 0.00467905
0.0232831 0.0208785 0.0161221 0.00356385 -0.00895291 0.00241992
0.0232461 0.0262317 0.0185415 0.0165734 -0.011457 0.00552168
0.0732961 0.0935284 0.0178798 -9.3118e-006 0.000287647 0.00012671
0.0701325 0.0789949 0.0182687 0.000492439 0.000762297 0.00489784
0.072882 0.0823495 0.0181508 0.000325206 0.00059201 0.00180887
0.0454167 0.051481 0.0214784 0.00601062 0.000597756 1
0.0272739 0.0639245 0.0218032 0.02178 0.0100453 0.0500601
0.0279453 0.0684014 0.0195478 0.0093577 0.00957545 0.0294309
0.0568282 0.0914548 0.0174064 -0.000436182 0.000947453 0.000869913
0.0537718 0.0869804 0.0175443 -0.000329795 0.00156027 0.00338414
0.0570337 0.0543361 0.0200903 0.00300279 0.000492648 0.489605
0.0599685 0.0564134 0.0197666 0.00255063 0.00064272 0.320374
0.0533151 0.0769998 0.0183395 0.000543078 0.00215732 0.0240956
0.0546851 0.0727393 0.0187713 0.00110753 0.00211848 0.0507462
0.0567362 0.0761918 0.0184435 0.000688215 0.00177925 0.0247695
0.0677844 0.0354647 0.0190209 0.00127476 -0.000764454 0.0657103
0.0506472 0.0188527 0.0182889 0.000548073 -0.00214206 0.0102996
0.0547529 0.0191589 0.0183547 0.000538061 -0.0016601 0.00985562
0.054189 0.022393 0.018616 0.000926089 -0.00180861 0.0204726
0.0672226 0.0730983 0.0185589 0.000880488 0.000944417 0.0205892
0.0717488 0.0712367 0.0185571 0.000860417 0.000668767 0.0148142
0.0705902 0.0756979 0.018392 0.000649189 0.000755619 0.00820964
0.0807451 0.0506203 0.018687 0.000831592 -3.8931e-005 0.0104622
0.0806892 0.0547335 0.0186513 0.000826588 6.51433e-005 0.00916315
0.0774151 0.0541096 0.0187579 0.00102441 6.08092e-005 0.0195266
0.0346058 0.0312163 0.0211642 0.00857803 -0.00671564 0.0551711
0.019121 0.04883 0.0298629 0.196874 0.00121948 0.0155913
0.0190793 0.0452665 0.0294443 0.196234 -0.00481379 0.0124135
0.0224118 0.0457865 0.0291129 0.123773 -0.00331263 0.0279432
0.0119758 0.0478132 0.0279365 0.440424 0.000226674 0.00221875
0.0169436 0.058629 0.0244803 0.140914 0.0138727 0.00993133
0.0207953 0.0574203 0.0260188 0.102333 0.0119488 0.0226085
0.0880069 0.0526805 0.0185394 0.000510113 6.76709e-006 0.00178916
0.0849227 0.0493053 0.0186037 0.000624039 -4.83412e-005 0.00396223
0.0820098 0.0459547 0.0186711 0.000749025 -0.000123462 0.00812284
0.085882 0.04571 0.018597 0.000574055 -0.000100146 0.00316631
0.0526361 0.0122109 0.0178049 -0.000130619 -0.00149917 0.0021836
0.0426513 0.012308 0.0172322 -0.000613122 -0.00267611 0.00225943
0.0458402 0.0162986 0.0179019 0.00011654 -0.00263628 0.00606673
0.0239969 0.0784139 0.0150943 -0.00141255 0.00800001 0.00352441
0.0129064 0.0755199 0.0110121 0.00283063 0.00869822 0.000799308
0.0104503 0.0789826 0.0086721 -0.00354789 0.00609302 0.000291215
0.0100962 0.0758776 0.00912422 0.00073272 0.00736773 0.000419215
0.0883637 0.0243979 0.018426 0.000272618 -0.000287778 0.000433008
0.0848379 0.0213234 0.0184083 0.000289291 -0.000336142 0.000539869
0.089822 0.0205547 0.0183782 0.000201119 -0.000264966 0.000159959
0.096572 0.0309044 0.0184441 0.000121447 -0.000114673 0.000109661
0.0975642 0.0272045 0.018424 8.32881e-005 -0.000109691 6.66955e-005
0.032482 0.0769549 0.0172738 -0.000279976 0.00624339 0.0107214
0.0290592 0.0970975 0.0137777 -0.00214061 0.000694253 8.74946e-005
0.0263283 0.0951514 0.013168 -0.00327225 0.00115282 9.91492e-005
0.0308573 0.0175772 0.0167082 -0.000522368 -0.00585784 0.00338337
0.024174 0.0132227 0.0143151 -0.00315101 -0.00558192 0.000699399
0.0211525 0.0104597 0.0127032 -0.00461231 -0.00454182 0.000244577
0.0250852 0.0106338 0.014046 -0.0036163 -0.00452017 0.000467026
0.0436211 0.0811597 0.0175523 -0.000499297 0.00320262 0.0100926
0.0402359 0.0621477 0.0212077 0.00671004 0.0044842 0.186869
0.036167 0.05949 0.0223634 0.0116457 0.00495277 0.192458
0.00824524 0.0399433 0.0188644 0.394251 -0.0106303 0.000419345
0.00297967 0.0282515 0.0042272 0.0361947 -0.00488163 0.000106525
0.00280448 0.0314417 0.00493519 0.0705076 -0.00553341 0.000143212
0.0600703 0.00764565 0.0179196 -0.000129556 -0.000621787 0.000512458
0.0717248 0.00305437 0.0180976 -2.52726e-005 -0.000159576 7.56874e-005
0.0684054 0.00285474 0.0180328 -3.99514e-005 -0.000177196 0.000103294
0.0969496 0.071612 0.018276 0.000242657 0.000158936 6.92225e-005
0.097048 0.0682234 0.0183134 0.000260235 0.000138683 9.06408e-005
0.072933 0.0868115 0.018021 0.000157164 0.000496383 0.000649092
0.0697073 0.0947218 0.0178004 -6.1323e-005 0.000300399 0.000159666
0.0710253 0.0902705 0.0179097 3.51136e-005 0.000445575 0.000373294
0.069714 0.0242598 0.0185738 0.000624951 -0.000758527 0.00904677
0.0667467 0.0477937 0.0193079 0.0018338 -0.000345572 0.155497
0.0707615 0.0467484 0.0190666 0.00145772 -0.000304193 0.0774857
0.0366798 0.0179798 0.0175437 -6.07051e-005 -0.00460851 0.00610314
0.0379622 0.0222597 0.0185845 0.00147093 -0.00502674 0.0167644
0.0410624 0.0255133 0.0193066 0.00255674 -0.00441844 0.0355048
0.0450044 0.0275333 0.019453 0.00256694 -0.00339386 0.0572721
0.0171459 0.0745432 0.0136972 0.00525941 0.0101234 0.00210049
0.0780998 0.0704656 0.0184668 0.000679851 0.000421184 0.00566576
0.056613 0.0799997 0.0181534 0.000332184 0.00166561 0.0122984
0.0599425 0.0779577 0.0183344 0.000573076 0.00141443 0.0156583
0.0475421 0.0809262 0.0178258 -9.07927e-005 0.0026899 0.0126704
0.0505542 0.0371436 0.0200246 0.00338539 -0.00213972 0.269874
0.0646264 0.0442626 0.0194092 0.00194943 -0.000572279 0.193255
0.0627559 0.0485162 0.0196046 0.00227491 -0.000356369 0.283356
0.0581145 0.0492777 0.0200509 0.00293781 -0.000302067 0.547514
0.0613695 0.0527954 0.0197432 0.00250486 8.9446e-005 0.343962
0.00758075 0.0691185 0.00875338 0.0304644 0.00881796 0.000534436
0.0102706 0.0656629 0.0131456 0.0732714 0.0124828 0.00133257
0.0846688 0.0420358 0.0186151 0.00059722 -0.000165956 0.00405362
0.0805646 0.0417365 0.0186982 0.000781154 -0.000221743 0.0103317
0.0858432 0.033292 0.018548 0.000461061 -0.000277146 0.00218203
0.0874572 0.0381746 0.0185581 0.000454938 -0.000193596 0.00180649
0.0500043 0.0148613 0.017913 5.88642e-005 -0.0019712 0.00417187
0.0379556 0.0129843 0.0169119 -0.00091946 -0.00355236 0.00233789
0.0760702 0.0859031 0.0180701 0.000197404 0.000424155 0.000516744
0.0782872 0.0831278 0.0181376 0.000271859 0.000409639 0.000655576
0.0742167 0.067821 0.0186122 0.000913683 0.000503233 0.0145123
0.0805651 0.0188687 0.0183873 0.000296693 -0.000398001 0.000663223
0.0712105 0.0218921 0.0184969 0.000515391 -0.000686903 0.00512225
0.018892 0.0194584 0.0138962 0.00238767 -0.00885865 0.000750099
0.0244707 0.0305719 0.0211114 0.0289975 -0.0121971 0.0115332
0.0218893 0.0292645 0.0198096 0.0320107 -0.0131471 0.00604589
0.0801537 0.00755803 0.0182367 7.71258e-005 -0.000200069 5.06608e-005
0.0842106 0.0106022 0.0182769 0.000127205 -0.000230664 5.2003e-005
0.0802239 0.0120723 0.0182855 0.000158974 -0.000303098 0.000149894
0.0877666 0.0779155 0.0182211 0.000291021 0.000256643 0.000258784
0.0842679 0.0793049 0.0182099 0.000313176 0.000316943 0.000480468
0.00758684 0.0197148 0.00694673 0.00313714 -0.00593758 7.15919e-005
0.0105613 0.0157136 0.00825451 -0.00351009 -0.00554601 6.79389e-005
0.0121745 0.0194179 0.0101406 0.00306657 -0.00781339 0.000182084
0.0199066 0.0871608 0.0112662 -0.00613084 0.00406276 0.000260324
0.0164497 0.0843406 0.0106374 -0.00611767 0.00508478 0.000317885
0.0202823 0.0837036 0.0120556 -0.00552307 0.00561823 0.000587992
0.0204667 0.0775366 0.0140932 -0.000671623 0.00863263 0.00238369
0.0235912 0.0754007 0.0158915 0.00158965 0.00916603 0.00533115
0.0328422 0.0494236 0.0247295 0.0240669 0.00131951 0.225284
0.0348325 0.0445372 0.0240699 0.01799 -0.00172682 0.237228
0.0375424 0.0340443 0.0215038 0.00818259 -0.00516689 0.105964
0.0349112 0.0389954 0.0232569 0.01521 -0.00486814 0.139454
0.0327679 0.0344734 0.0224273 0.0144769 -0.00729252 0.0643086
0.0738472 0.0645044 0.0187061 0.00103993 0.000429221 0.0207979
0.0691131 0.0518531 0.0191617 0.00165489 -6.35355e-005 0.106585
0.0282467 0.0334158 0.0226925 0.0243191 -0.00993374 0.0307767
0.0263232 0.0542829 0.0266763 0.0624784 0.00642837 0.0719034
0.0303241 0.0535214 0.0253922 0.0342677 0.00410773 0.143021
0.0285191 0.0567346 0.0250873 0.0386823 0.00692898 0.0969244
0.0665598 0.0279433 0.0187673 0.000904966 -0.000923429 0.0265136
0.0517474 0.0315315 0.019435 0.00253714 -0.00221375 0.122764
0.047147 0.0303087 0.0196755 0.00290723 -0.00291208 0.0949377
0.0380789 0.066531 0.0204086 0.00520696 0.0057511 0.0902284
0.042075 0.0658548 0.0202776 0.00408558 0.00446434 0.122115
0.05232 0.0815364 0.017916 5.56096e-005 0.00204675 0.0103502
0.0564873 0.0837207 0.0178914 3.65119e-005 0.0015412 0.00581282
0.0401677 0.082307 0.0170979 -0.00107128 0.00355108 0.00645279
0.0318068 0.061817 0.0222668 0.0150075 0.00726347 0.103961
0.0289186 0.0597631 0.0236074 0.0273821 0.00816546 0.0882505
0.0156376 0.0791968 0.0114381 -0.00292665 0.0073926 0.000769252
0.00980679 0.0729009 0.00960782 0.0091816 0.00854649 0.000599073
0.00763578 0.0762269 0.00723647 -0.000623399 0.00583999 0.000233081
0.0630123 0.0700029 0.0188333 0.0012464 0.00117593 0.0525918
0.0633923 0.075251 0.0184878 0.00078054 0.00120701 0.0204196
0.0541468 0.068755 0.0192339 0.00174877 0.00218369 0.102382
0.0688634 0.0207136 0.0184708 0.00050403 -0.000766476 0.00550213
0.0579116 0.021049 0.0185067 0.000688743 -0.00143711 0.0141169
0.0617934 0.0221468 0.0185838 0.000739054 -0.00119233 0.0158806
0.0814579 0.0655538 0.0185058 0.000672572 0.000259391 0.00460655
0.077066 0.0622037 0.0186784 0.000960111 0.000288276 0.0160334
0.0769375 0.0661097 0.0185967 0.000862627 0.000384362 0.0112237
0.0209121 0.0323445 0.0214898 0.0558099 -0.0139604 0.00730529
0.0184448 0.0391806 0.0262941 0.156694 -0.0123303 0.00800736
0.0207583 0.0419389 0.0281292 0.140183 -0.00874043 0.0158099
0.0170712 0.0426167 0.028234 0.231313 -0.00876848 0.00677756
0.0759553 0.0900395 0.0179796 8.34231e-005 0.000336216 0.000211093
0.0569658 0.030195 0.019115 0.00166441 -0.00159319 0.0802529
0.0603985 0.0336345 0.0192044 0.00162958 -0.00128438 0.108085
0.0687955 0.0315726 0.0188659 0.00102585 -0.00079052 0.036352
0.0304398 0.0426072 0.0257256 0.0344463 -0.00424405 0.10585
0.0280882 0.0280882 0.0200588 0.0119745 -0.00968559 0.0155948
0.0315135 0.0309169 0.0213311 0.0115896 -0.00825434 0.0370086
0.020875 0.0155242 0.0135945 -0.00241007 -0.00672126 0.000586375
0.0258604 0.0167379 0.0155285 -0.0013219 -0.00664303 0.00159135
0.0277395 0.00901726 0.0143539 -0.00318309 -0.00388935 0.000447158
0.0240763 0.00752579 0.0132357 -0.00394586 -0.00344628 0.000208986
0.0831267 0.0259035 0.0184847 0.00040474 -0.00037316 0.00157648
0.0923599 0.0237951 0.0184034 0.000186085 -0.000229942 0.000151986
0.084018 0.0535079 0.0185933 0.000664618 2.80255e-005 0.00444098
0.086636 0.0569405 0.0185253 0.000556332 7.26157e-005 0.0023024
0.082388 0.0575113 0.0185922 0.000730926 9.92397e-005 0.00594202
0.0536268 0.0160687 0.0181088 0.000235616 -0.00165839 0.00517361
0.0566276 0.0135138 0.018042 8.25145e-005 -0.00121099 0.00270286
0.05739 0.0174312 0.0182738 0.000384216 -0.00137431 0.0065572
0.015954 0.0464795 0.0295116 0.29146 -0.00279094 0.00624456
0.0133136 0.0435544 0.0272347 0.358751 -0.00757451 0.00253107
0.0126411 0.0912371 0.00826735 -0.00703832 0.00270211 4.11186e-005
0.0114937 0.087124 0.00822937 -0.0073054 0.00359129 8.40555e-005
0.0159045 0.0890962 0.00990659 -0.0066813 0.00324142 9.8815e-005
0.0154656 0.0165805 0.0113453 -0.00182535 -0.00703766 0.000242289
0.0129697 0.0116086 0.00905801 -0.00597117 -0.00439031 5.58696e-005
0.00548729 0.0052812 0.00408997 -0.0047946 -0.00119337 3.44065e-006
0.0878644 0.0860396 0.0180962 0.000156083 0.000202262 5.97863e-005
0.0879214 0.0816852 0.0181594 0.000227437 0.000241672 0.000138872
0.0915032 0.0838699 0.0181224 0.000166344 0.000184033 4.03446e-005
0.0834965 0.0155186 0.0183336 0.000206919 -0.000312693 0.000207728
0.0883652 0.0129663 0.0183017 0.000142961 -0.000234969 4.63696e-005
0.0946897 0.00545991 0.0182373 6.05879e-005 -0.000105071 2.57138e-006
0.0786621 0.0579849 0.0186786 0.000920695 0.000148003 0.0132406
0.0891582 0.0431079 0.0185493 0.000435011 -0.000114157 0.00136581
0.0422201 0.0201434 0.0183097 0.000775643 -0.0036986 0.0133134
0.0468122 0.0203629 0.0184224 0.000822546 -0.00282137 0.0144406
0.0331346 0.0856705 0.0155336 -0.00277891 0.0037937 0.00188333
0.0278223 0.0861687 0.014239 -0.00406633 0.00411271 0.00100105
0.0311342 0.069304 0.0195051 0.00542162 0.00807273 0.0367759
0.0334836 0.0723781 0.0186392 0.00218499 0.00684655 0.027541
0.0292504 0.0722656 0.0182461 0.00331139 0.00828647 0.0188445
0.0830453 0.0377734 0.018626 0.000618468 -0.000261943 0.00516489
0.0782834 0.0453763 0.0187631 0.000940962 -0.000183627 0.017926
0.0765951 0.0418026 0.0188051 0.000994994 -0.000283399 0.0233627
0.024088 0.0674383 0.0195962 0.0192381 0.0119147 0.0182381
0.0225371 0.0636583 0.0218232 0.0426264 0.0131701 0.0215355
0.0180631 0.0632966 0.0209432 0.0700083 0.0147862 0.00952236
0.0525484 0.0563254 0.0204082 0.00357736 0.0010917 0.505458
0.0730242 0.0782751 0.0182815 0.000492515 0.000638802 0.00369035
0.0350293 0.0900808 0.0153525 -0.00259464 0.00254978 0.000797843
0.0359321 0.0809622 0.016838 -0.00132993 0.00451203 0.00657978
0.0282553 0.0132502 0.0153246 -0.00230272 -0.00523969 0.0012601
0.030853 0.0893002 0.014544 -0.00354639 0.00300084 0.000667582
0.0272468 0.0910734 0.0134903 -0.00415778 0.00245999 0.000292691
0.0507581 0.0606073 0.0202748 0.00340395 0.00192226 0.313916
0.0809572 0.0341358 0.018635 0.000645858 -0.000358749 0.00674333
0.0748077 0.0381877 0.0188306 0.00101288 -0.000413743 0.0276293
0.0771672 0.0349688 0.0187177 0.000803505 -0.000425248 0.0138908
0.0592264 0.0734991 0.0186443 0.000965398 0.00156924 0.0360121
0.0638596 0.0796431 0.0182374 0.000464323 0.00110554 0.00853777
0.0605871 0.082831 0.0180444 0.000222612 0.00123425 0.00586705
0.04766 0.0341824 0.0200674 0.0036292 -0.00267061 0.179199
0.0456109 0.0467145 0.0214794 0.00601211 -0.000685557 1
0.043274 0.0427647 0.0216713 0.00675042 -0.00184096 0.476612
0.0634843 0.0367773 0.0192382 0.00162208 -0.000980755 0.123092
0.0918554 0.0387644 0.018512 0.000315273 -0.000137875 0.000571346
0.0234902 0.0889992 0.0124629 -0.00529422 0.00322233 0.000297699
0.00665513 0.0796269 0.00601328 -0.0048656 0.00420884 0.000111223
0.093467 0.0202459 0.0183694 0.000146211 -0.000224012 6.60395e-005
0.0204992 0.0066184 0.0119572 -0.00473707 -0.00304468 9.41772e-005
0.0886157 0.0689424 0.0183603 0.000404688 0.000197142 0.000671672
0.0850754 0.0681633 0.018407 0.000504972 0.000235535 0.00153774
0.0688002 0.0115952 0.0182007 0.000146499 -0.000569557 0.000830214
0.0677676 0.0151787 0.0182864 0.000271596 -0.000716044 0.00200391
0.00919789 0.0317293 0.0128394 0.107271 -0.011969 0.000506417
0.0734372 0.053447 0.0189232 0.00130089 3.99654e-005 0.0457616
0.0697968 0.0572131 0.0190375 0.00151083 0.000289857 0.0744102
0.0533813 0.0266593 0.0190076 0.00158375 -0.0019855 0.0497684
0.0508037 0.0705712 0.0190809 0.00152154 0.00266319 0.0783976
0.0516055 0.0666209 0.0195854 0.00226103 0.00241172 0.148907
0.0510004 0.0741312 0.0186228 0.000893647 0.00258082 0.0413315
0.0835166 0.0838266 0.0181275 0.000222869 0.000291911 0.000243037
0.00891635 0.0120719 0.00664704 -0.0060555 -0.00366886 2.36336e-005
0.0879039 0.00894538 0.018265 0.000100533 -0.000181281 1.8141e-005
0.0656519 0.0911077 0.0177826 -8.36254e-005 0.000573853 0.000578839
0.0670903 0.077305 0.0183519 0.000608958 0.00094338 0.00978577
0.0490312 0.0538342 0.0209488 0.00468569 0.000897153 1
0.0533918 0.0517847 0.0205085 0.00370673 0.000236071 1
0.0244418 0.034087 0.0232541 0.0440713 -0.012179 0.0173657
0.0176918 0.035572 0.0228401 0.117057 -0.0147631 0.0051395
0.0658447 0.0232701 0.0185897 0.000692026 -0.000941751 0.0128131
0.065026 0.0184545 0.0183877 0.000436874 -0.000917043 0.00550383
0.0307053 0.0745855 0.0176367 0.000944962 0.0072441 0.0135424
0.0452402 0.0902322 0.0166582 -0.00115961 0.00187709 0.00140255
0.051049 0.0942719 0.0168782 -0.000776952 0.000977822 0.00051357
0.0484394 0.0925213 0.0167514 -0.000943505 0.00134493 0.000816363
0.0443619 0.00867533 0.0169639 -0.000821514 -0.00193982 0.000870827
0.00806199 0.0567974 0.0170741 0.348731 0.0100108 0.000740206
0.0246695 0.0590821 0.0248351 0.0566098 0.0105017 0.0449233
0.0234411 0.050754 0.0286226 0.108482 0.00394287 0.0426562
0.0494481 0.0642445 0.0199694 0.0029049 0.00249596 0.202877
0.0250814 0.071854 0.0176273 0.00667245 0.0100903 0.011372
0.0146273 0.0390824 0.0244704 0.233127 -0.0129609 0.00299374
0.0493296 0.0886832 0.0171081 -0.000771487 0.00178262 0.00227949
0.0492896 0.0848109 0.0175001 -0.000429273 0.00220341 0.00615064
0.080533 0.0802874 0.018196 0.000328683 0.000387589 0.000763105
0.0233334 0.0847915 0.0129581 -0.00512454 0.00503377 0.000748459
0.0448975 0.0557252 0.0213957 0.00603001 0.00169858 0.525659
0.0394136 0.045215 0.022699 0.010416 -0.00121426 0.432323
0.0389069 0.0412233 0.022431 0.00969353 -0.00289468 0.279954
0.0570618 0.0454535 0.020064 0.00296224 -0.000807189 0.52471
0.0605699 0.0450568 0.0197322 0.00244018 -0.000687434 0.343518
0.0124018 0.0826375 0.00916229 -0.00624805 0.00506439 0.000206409
0.0527579 0.0353283 0.0195781 0.00276645 -0.002007 0.205155
0.0645398 0.0563577 0.0193863 0.00202313 0.000417348 0.182585
0.0785398 0.0153981 0.0183336 0.000239854 -0.000396204 0.000468553
0.0155062 0.0212242 0.0128424 0.00782945 -0.00967293 0.000533221
0.0705976 0.0667345 0.0187401 0.00111761 0.000619905 0.0293499
0.0676686 0.0692582 0.0187417 0.00113587 0.000849131 0.0351373
0.0409023 0.0159153 0.0175891 -0.000207246 -0.00343608 0.00483532
0.052229 0.0913311 0.0171197 -0.000686291 0.00124618 0.0010602
0.0648621 0.0515966 0.0194518 0.00208722 -0.000101355 0.212139
0.0559208 0.0345444 0.0194196 0.00224569 -0.00170368 0.166475
0.017339 0.0123906 0.0113803 -0.00503142 -0.00522454 0.000153338
0.0877661 0.0173129 0.0183492 0.000195633 -0.000277258 0.000132658
0.0866295 0.0281888 0.0184835 0.00036698 -0.000307813 0.00112574
0.0857766 0.0249503 0.0184499 0.000336435 -0.000331756 0.00081569
0.0620227 0.0409407 0.0194877 0.00203452 -0.000887031 0.21813
0.0648105 0.0326558 0.0190062 0.00125254 -0.000979624 0.0631075
0.0460355 0.0866921 0.0170576 -0.000914261 0.00232045 0.00350045
0.00593161 0.0296955 0.00804947 0.0689161 -0.00849368 0.000190021
0.0606027 0.0189632 0.0183947 0.000502129 -0.0012216 0.00829931
0.0607909 0.0155784 0.0182212 0.000269693 -0.00107106 0.00379442
0.0807167 0.0608397 0.0185975 0.000786702 0.000172639 0.00760792
0.0844259 0.0611226 0.0185198 0.000620455 0.000142994 0.00329616
0.0216716 0.0700096 0.0176909 0.0154803 0.0121074 0.0086079
0.0211435 0.0732229 0.0159225 0.00661431 0.0106621 0.00502104
0.0112339 0.0410406 0.0233963 0.367968 -0.0109426 0.0011284
0.0220703 0.0373804 0.0253164 0.0842545 -0.0120045 0.0157947
0.0266171 0.0240063 0.0183233 0.00659673 -0.00933754 0.00671567
0.0396203 0.00833521 0.0164454 -0.00123591 -0.00235816 0.000755436
0.0221996 0.0811534 0.0135259 -0.00384325 0.00685351 0.00151968
0.019069 0.0811469 0.0123672 -0.00435683 0.00683854 0.000911843
0.0205813 0.0604513 0.0239115 0.0784089 0.0136581 0.0187487
0.0422353 0.0459071 0.0220272 0.00777491 -0.000899539 0.621623
0.0309831 0.00733848 0.0147529 -0.00261869 -0.00307676 0.000367928
0.0793411 0.047745 0.0187322 0.000896217 -0.000122174 0.0141966
0.078844 0.0380634 0.0187159 0.000804588 -0.000331723 0.0126552
0.0228095 0.0551416 0.0272029 0.096212 0.00896397 0.0357816
0.0661595 0.0397443 0.0192152 0.00160921 -0.000705877 0.119434
0.00803693 0.0837134 0.00654848 -0.00678683 0.00360951 7.95045e-005
0.0919885 0.016265 0.0183316 0.000142903 -0.000232708 4.75722e-005
0.016412 0.00804282 0.0104368 -0.00579597 -0.00345742 6.21425e-005
0.0389449 0.0376917 0.0219062 0.00844877 -0.00398111 0.187009
0.0915962 0.0880431 0.0180791 0.000114752 0.000147533 1.7785e-005
0.0887521 0.0906922 0.0180508 9.04514e-005 0.000143984 2.00091e-005
0.0856711 0.0934413 0.0180136 5.41267e-005 0.000132349 2.02231e-005
0.0367981 0.0698328 0.0195827 0.00344022 0.00616841 0.0531544
0.03752 0.0724159 0.0188104 0.00166051 0.00563726 0.0347852
0.0458931 0.0836555 0.0173977 -0.000612547 0.00265789 0.00673225
0.0918879 0.0790242 0.0181884 0.000224784 0.000203297 8.41266e-005
0.0506798 0.0345464 0.0196742 0.00302091 -0.00223279 0.186424
0.0760499 0.0262684 0.0185717 0.000574925 -0.000546606 0.00572258
