VARIABLES= "X", "Y", "P", "U", "V", "C"
0 0 0 0 0 0.00381481
0.005 0 0.0055921 0 0 0.0040193
0.01 0 0.00877284 0 0 0.00466182
0.015 0 0.0154522 0 0 0.00788015
0.02 0 0.0221428 0 0 0.0128209
0.025 0 0.0221428 0 0 0.0128209
0.03 0 0.0256558 0 0 0.0165303
0.035 0 0.0260915 0 0 0.0170996
0.04 0 0.0310623 0 0 0.0227741
0.045 0 0.0327142 0 0 0.0236302
0.05 0 0.0330477 0 0 0.0239155
0.055 0 0.0370179 0 0 0.0236824
0.06 0 0.0375969 0 0 0.0205878
0.065 0 0.0378879 0 0 0.019961
0.07 0 0.0380447 0 0 0.0177153
0.075 0 0.0385823 0 0 0.0130414
0.08 0 0.0388623 0 0 0.00761752
0.085 0 0.0389277 0 0 0.00620631
0.09 0 0.0389277 0 0 0.00620631
0.095 0 0.0390019 0 0 0.00457699
0.1 0 0.0390049 -4.22563e-006 -0.000119073 0.00452633
0.1 0.005 0.0390154 -1.20064e-005 -0.000397177 0.00460615
0.1 0.01 0.0390558 3.18309e-005 -0.000637153 0.00518619
0.1 0.015 0.039171 0.000190122 -0.000887803 0.00835465
0.1 0.02 0.0393037 0.000363988 -0.00077378 0.0125248
0.1 0.025 0.0393837 0 0 0.0146623
0.1 0.03 0.0393837 0 0 0.0146623
0.1 0.035 0.039394 0 0 0.0160691
0.1 0.04 0.0394294 0.00118856 9.92585e-005 0.0207031
0.1 0.045 0.0394086 0.00143084 0.000357017 0.0214172
0.1 0.05 0.0393954 0.00155728 0.000497541 0.0219898
0.1 0.055 0.0391215 0.00168392 0.00170426 0.0201256
0.1 0.06 0.0390259 0.00156329 0.00193718 0.0186857
0.1 0.065 0.03891 0.0013704 0.00214665 0.0172806
0.1 0.07 0.0388497 0.00123288 0.00219536 0.0156473
0.1 0.075 0.0385728 0.000668509 0.00225376 0.011467
0.1 0.08 0.0383612 0.000195633 0.00195114 0.00756812
0.1 0.085 0.0382845 2.54267e-005 0.00168656 0.00600774
0.1 0.09 0.0382845 2.54267e-005 0.00168656 0.00600774
0.1 0.095 0.0381876 -0.000116102 0.000933985 0.00461613
0.1 0.1 0.0381844 0 0 0.0045842
0.095 0.1 0.0381603 0 0 0.00476312
0.09 0.1 0.0379164 0 0 0.00730915
0.085 0.1 0.0378609 0 0 0.00810259
0.08 0.1 0.0376475 0 0 0.0110048
0.075 0.1 0.0369458 0 0 0.0171807
0.07 0.1 0.0370671 0 0 0.0181357
0.065 0.1 0.036526 0 0 0.0205653
0.06 0.1 0.0351218 0 0 0.0260275
0.055 0.1 0.0351218 0 0 0.0260275
0.05 0.1 0.0333977 0 0 0.026375
0.045 0.1 0.0313014 0 0 0.0239695
0.04 0.1 0.0291741 0 0 0.0209407
0.035 0.1 0.0291741 0 0 0.0209407
0.03 0.1 0.0258833 0 0 0.0167629
0.025 0.1 0.0258833 0 0 0.0167629
0.02 0.1 0.0221896 0 0 0.0130757
0.015 0.1 0.0157295 0 0 0.00884499
0.01 0.1 0.0110921 0 0 0.0066318
0.005 0.1 0.00333848 0 0 0.00477075
0 0.1 0 0 0 0.00477075
0 0.095 0 0 0 0.00503691
0 0.09 0 0 0 0.00543434
0 0.085 0 0 0 0.00707346
0 0.08 0 0 0 0.00867448
0 0.075 0 0 0 0.00867448
0 0.07 0 0 0 0.00889563
0 0.065 0 0 0 0.00761397
0 0.06 0 0 0 0.00761397
0 0.055 0 1 0 0.00662253
0 0.05 0 1 0 0.00638681
0 0.045 0 1 0 0.00562829
0 0.04 0 0 0 0.00579137
0 0.035 0 0 0 0.00626298
0 0.03 0 0 0 0.00606437
0 0.025 0 0 0 0.00594741
0 0.02 0 0 0 0.00492515
0 0.015 0 0 0 0.00447612
0 0.01 0 0 0 0.00447612
0 0.005 0 0 0 0.00385376
0.00447241 0.0874131 0.00618836 -0.00876135 0.00354567 0.00644885
0.00256 0.00353957 0.00379411 -0.0043264 -0.000992614 0.00381481
0.0974172 0.0964082 0.0381754 -0.00011966 0.000770198 0.00449549
0.0964604 0.00256 0.0390091 -1.02084e-005 -0.00028766 0.0044546
0.00238194 0.0976072 0.00333848 -0.00424998 0.000983896 0.00477075
0.0127849 0.0043896 0.0133605 -0.00705564 -0.00469824 0.00662637
0.00841917 0.00347932 0.00877284 -0.00659138 -0.00280058 0.00466182
0.095565 0.0127058 0.0391205 0.000117647 -0.000862378 0.0069398
0.0964778 0.00852734 0.0390558 3.18309e-005 -0.000637153 0.00518619
0.0231513 0.00368712 0.0221428 -0.00408636 -0.0059182 0.0128209
0.01796 0.00375851 0.0184641 -0.0056593 -0.0051407 0.0096855
0.015532 0.0251939 0.018987 0.085812 -0.0181703 0.0147383
0.0191958 0.023523 0.0224642 0.0690625 -0.0202892 0.0208602
0.0187153 0.0281514 0.0238547 0.126585 -0.0212217 0.0221243
0.0964601 0.0230029 0.0393037 0.000363988 -0.00077378 0.0125248
0.0962468 0.0178699 0.0392171 0.000256191 -0.00091098 0.00964444
0.0747361 0.0159631 0.0388786 0.000223256 -0.00328925 0.0308554
0.0766718 0.0192818 0.0390736 0.000782162 -0.00314898 0.0352689
0.0722885 0.01904 0.038962 0.00103285 -0.0041832 0.0470914
0.0272087 0.00239815 0.0241575 -0.00296072 -0.00468561 0.0145726
0.0309201 0.00344181 0.0260915 -0.00313437 -0.00655162 0.0170996
0.0273151 0.00550903 0.0246755 -0.00317513 -0.00908159 0.0164156
0.00796538 0.0491288 0.0209199 0.679025 0.00292619 0.00630817
0.0110744 0.0528307 0.0239929 0.521296 0.00826391 0.00909792
0.00670318 0.0530398 0.016335 0.60099 0.00639512 0.00655072
0.0332769 0.013692 0.0303038 0.0097513 -0.0179779 0.0394534
0.0310268 0.0105883 0.0279141 0.00330435 -0.0154533 0.0275717
0.0346026 0.00967541 0.0299054 0.000894551 -0.0139827 0.0298424
0.00300337 0.0134889 0.00398234 -0.00111591 -0.00298107 0.00447612
0.00506595 0.0100592 0.00597713 -0.00476063 -0.00351169 0.00442394
0.0756551 0.029422 0.0395749 0.00331664 -0.00303505 0.0777632
0.0792233 0.027711 0.0394722 0.00238465 -0.00258896 0.0560629
0.0780819 0.0315933 0.0396327 0.00334467 -0.00236836 0.0745598
0.0943956 0.0272441 0.0393569 0.000607915 -0.000791649 0.0158152
0.0926615 0.0309831 0.0394128 0.000983107 -0.00077698 0.0205413
0.0907561 0.0275749 0.0393724 0.000965374 -0.00113528 0.0209119
0.0901909 0.0346583 0.0394801 0.00155129 -0.000713633 0.0284014
0.0892112 0.0309766 0.0394432 0.00140965 -0.00108927 0.0276153
0.0865167 0.00303925 0.0389277 -0.000136104 -0.000434237 0.00620631
0.0899305 0.00507751 0.0389841 -8.17952e-005 -0.000550438 0.00558803
0.0962759 0.0391469 0.0394377 0.00106583 -2.58192e-005 0.0205241
0.0697948 0.00669028 0.0382289 -0.000914156 -0.00221704 0.0194871
0.0750534 0.00540153 0.0385555 -0.000625832 -0.00131119 0.0136096
0.0748956 0.01106 0.0386983 -0.000403517 -0.00255724 0.0209083
0.0939618 0.0428392 0.0394451 0.00159105 0.000189116 0.0243485
0.0973333 0.0427043 0.0394208 0.00131333 0.000226415 0.020885
0.0825327 0.00356626 0.0388623 -0.000242005 -0.00057474 0.00761752
0.078548 0.00330516 0.0387383 -0.000379508 -0.000688792 0.00973044
0.0620046 0.0055218 0.0375693 -0.00149639 -0.00285196 0.023235
0.0652791 0.00446393 0.0378656 -0.00107434 -0.00198446 0.0202804
0.0642685 0.00860859 0.0378553 -0.0012027 -0.00383631 0.0276211
0.0824665 0.030027 0.039515 0.00231715 -0.00193935 0.0499755
0.0394108 0.00363431 0.0308404 -0.00276978 -0.00601606 0.0227126
0.0058518 0.0251091 0.00724316 0.0536657 -0.00810622 0.00643527
0.0112986 0.0239063 0.0136867 0.0660644 -0.0138337 0.0094978
0.00905501 0.0277984 0.0119752 0.105158 -0.0126855 0.00816171
0.0965421 0.0462939 0.0393954 0.00155728 0.000497541 0.0219898
0.0602374 0.0112645 0.0375856 -0.000961441 -0.00586356 0.0382433
0.0644835 0.0133983 0.0381278 -0.000246188 -0.00553244 0.0420926
0.0973543 0.0615249 0.0390259 0.00156329 0.00193718 0.0186857
0.0966422 0.0578627 0.0391215 0.00168392 0.00170426 0.0201256
0.069046 0.0176845 0.0387448 0.000839038 -0.00496894 0.0499016
0.0712847 0.0150357 0.0386925 0.000114276 -0.00403038 0.0360932
0.00345446 0.0175177 0.00439827 0.00544017 -0.00398951 0.00492515
0.00348997 0.0214972 0.0043958 0.016435 -0.00469522 0.00539109
0.0434206 0.00533535 0.032573 -0.00279713 -0.00730885 0.0260034
0.0428716 0.00242364 0.0320257 -0.00225852 -0.00395665 0.0230411
0.0561464 0.00882334 0.0367573 -0.00183647 -0.00599299 0.0334231
0.0533474 0.00457687 0.03571 -0.00239525 -0.00425341 0.0259442
0.05829 0.00403083 0.0370179 -0.00177663 -0.00278994 0.0236824
0.0825282 0.0696639 0.0389239 0.00202634 0.00335565 0.0430905
0.0856326 0.0715069 0.0388175 0.00152828 0.00304001 0.0307956
0.0823751 0.0726296 0.0387815 0.00161357 0.00350735 0.03842
0.00582295 0.0379734 0.0122625 0.365494 -0.00893149 0.00607489
0.0051111 0.0342613 0.00862673 0.191924 -0.00858684 0.00638108
0.00877978 0.036083 0.0151327 0.301139 -0.0121603 0.00714168
0.0332698 0.022241 0.033144 0.0361835 -0.0223735 0.0706745
0.0299083 0.0244369 0.0321742 0.056983 -0.024052 0.0621101
0.028224 0.0208593 0.0297368 0.0392076 -0.0224166 0.0451819
0.0887278 0.0610411 0.0391603 0.0022012 0.00214377 0.0333005
0.0907154 0.0650917 0.0390004 0.00173358 0.00230025 0.0250347
0.086503 0.0649858 0.0390709 0.00216157 0.00260228 0.0367428
0.0621152 0.00286001 0.0375969 -0.00111452 -0.00162429 0.0205878
0.0459507 0.00280405 0.0330477 -0.00231611 -0.00409666 0.0239155
0.0131027 0.0344262 0.0199231 0.255334 -0.0161382 0.0107853
0.011204 0.0381221 0.0198766 0.375679 -0.0130371 0.00788618
0.0167766 0.0318075 0.0230686 0.19061 -0.0197141 0.0171202
0.0133839 0.0288861 0.0177094 0.138134 -0.0170216 0.0120847
0.0403732 0.0913366 0.031229 -0.00570226 0.00948621 0.0330099
0.044335 0.0939135 0.0320935 -0.00485439 0.00663467 0.0288088
0.0402342 0.0957126 0.0304876 -0.00482247 0.00525318 0.0240769
0.00289272 0.0378727 0.00665807 0.30584 -0.00532183 0.00579137
0.00408592 0.0417067 0.0125036 0.629951 -0.00484332 0.00562829
0.0950646 0.0647221 0.0389667 0.0014996 0.00210089 0.0188153
0.0921778 0.0616186 0.0390824 0.0018133 0.0020183 0.0239948
0.0329965 0.0969405 0.0276804 -0.00517545 0.0036263 0.0191006
0.0359633 0.0941456 0.0291119 -0.0065446 0.00678312 0.0235736
0.0369214 0.0973654 0.0291741 -0.00414748 0.00353391 0.0209407
0.00250092 0.0569438 0.0058454 0.33928 0.00471699 0.00683034
0.00315217 0.0535864 0.00944139 0.641476 0.00416696 0.00638681
0.0049815 0.0560931 0.0107864 0.448487 0.00695472 0.00679822
0.095866 0.0827474 0.0383612 0.000195633 0.00195114 0.00756812
0.0964367 0.0783855 0.0384937 0.000492916 0.00216425 0.0096336
0.0386573 0.0861702 0.0315257 -0.00269097 0.0140796 0.0487256
0.0429772 0.0846886 0.0333273 -0.00113253 0.0141392 0.0615884
0.0426567 0.0878239 0.032608 -0.00397441 0.0120086 0.0463866
0.0932258 0.0697828 0.0388215 0.00124183 0.00234807 0.0176024
0.0946371 0.07473 0.0386392 0.00081585 0.00232887 0.0130054
0.089554 0.0738932 0.0386863 0.00102489 0.00267229 0.0195481
0.0970191 0.0867246 0.0382845 2.54267e-005 0.00168656 0.00600774
0.095234 0.089893 0.0382179 -0.000102496 0.00144198 0.00552375
0.00437094 0.0600395 0.00697685 0.23372 0.00700677 0.00761397
0.00561171 0.0649562 0.00728379 0.112626 0.00838216 0.00947929
0.0942154 0.0862276 0.038275 2.50221e-006 0.00177798 0.00669091
0.0479495 0.0964612 0.0328387 -0.00351649 0.00412109 0.0263497
0.0435037 0.0972175 0.0313014 -0.0034687 0.0037198 0.0239695
0.0851127 0.0753505 0.0386311 0.00103664 0.00316888 0.0264447
0.0802988 0.0760908 0.0385718 0.00111781 0.00384159 0.0370009
0.0195127 0.0915991 0.0194145 -0.0116096 0.00663373 0.0124843
0.0231912 0.0930701 0.0223711 -0.0104525 0.00594932 0.014751
0.0206569 0.0943152 0.0207131 -0.0109245 0.00445856 0.0122978
0.0903486 0.0954747 0.0380474 -0.000271559 0.000936894 0.00606798
0.0946053 0.0944584 0.0381534 -0.000174853 0.000968912 0.00488579
0.0865886 0.0969786 0.0379164 -0.000317015 0.000765105 0.00730915
0.0810725 0.0919109 0.0378416 -0.000641431 0.00193791 0.01137
0.0825644 0.0962798 0.0377923 -0.00047356 0.00103186 0.00908368
0.0774802 0.0955982 0.0375217 -0.000750919 0.00148205 0.0126733
0.084643 0.0888865 0.0380501 -0.000385339 0.00210991 0.0108013
0.0801208 0.0872204 0.0379838 -0.000472136 0.00281644 0.0164524
0.0652115 0.0966771 0.036526 -0.00138998 0.00192169 0.0205653
0.0610973 0.0943457 0.0360398 -0.00237153 0.0035717 0.0255788
0.0587776 0.0870231 0.0363569 -0.00203105 0.00753967 0.0477275
0.0633486 0.086782 0.0369536 -0.0015608 0.00627129 0.0427152
0.0611855 0.0901683 0.0363573 -0.00248554 0.00547332 0.0335174
0.0566477 0.0961313 0.0351218 -0.00260383 0.00324123 0.0260275
0.0525385 0.0968422 0.0341418 -0.00288018 0.00330994 0.0264087
0.0539556 0.094075 0.0346316 -0.00357609 0.00504968 0.0294238
0.0148211 0.054799 0.0282459 0.409488 0.0126216 0.0167544
0.0151628 0.0507962 0.0306386 0.47104 0.00599488 0.0162413
0.0189725 0.0537974 0.03311 0.360622 0.0121456 0.0321589
0.0178948 0.0958187 0.0186627 -0.0102698 0.00344332 0.0104325
0.0222317 0.0965142 0.0221896 -0.00843116 0.00302914 0.0130757
0.00887085 0.0610978 0.0139447 0.242759 0.0125576 0.0106063
0.012211 0.0577716 0.0222021 0.358267 0.0142003 0.0129521
0.0135558 0.0622684 0.0206871 0.223606 0.0176618 0.0181947
0.0140748 0.0715785 0.0172684 0.0684657 0.0170932 0.0204808
0.0112023 0.0692102 0.0144451 0.0876097 0.0147092 0.0157633
0.0149757 0.0671527 0.0199511 0.128423 0.019211 0.0233817
0.0123896 0.0954372 0.0132043 -0.0109904 0.00359804 0.00747831
0.0155444 0.0927335 0.0166079 -0.0126935 0.0057137 0.00974051
0.00250756 0.072792 0.00353271 0.0125398 0.00349855 0.00876158
0.00344776 0.0691236 0.00448713 0.0368745 0.00504452 0.0090253
0.00575746 0.0728544 0.00734929 0.0261501 0.00721601 0.0100323
0.0406101 0.0698863 0.0367005 0.0386029 0.0209245 0.179031
0.0464119 0.0681578 0.0383385 0.0301519 0.0172117 0.240821
0.0438925 0.0724901 0.036515 0.0224002 0.0189445 0.159769
0.0035661 0.0769646 0.00506317 0.00571777 0.0044013 0.00867448
0.00376064 0.0821437 0.00529444 -0.00345307 0.00386307 0.00762897
0.0276826 0.0765759 0.0282881 0.0302131 0.022407 0.0588393
0.0305137 0.081341 0.0286172 0.00813665 0.0188106 0.0499667
0.0260492 0.081328 0.0254677 0.00923043 0.0183715 0.0375381
0.003392 0.0919198 0.00500787 -0.00866707 0.00234998 0.00543434
0.0918006 0.0568457 0.0392229 0.00204379 0.00164982 0.0275742
0.0958924 0.0534194 0.0392536 0.00175772 0.00125975 0.0218952
0.00872347 0.0442712 0.0219813 0.625724 -0.004664 0.0062782
0.00424434 0.0467115 0.0147643 0.820738 -0.000336195 0.00568458
0.0518158 0.00852089 0.0356555 -0.00214731 -0.00748006 0.0337159
0.0479065 0.0114209 0.035213 -0.000336296 -0.0108376 0.0436283
0.0482109 0.00597719 0.0342876 -0.0025546 -0.00670803 0.0284448
0.0851203 0.00655249 0.0389345 -0.000183447 -0.000803153 0.00741467
0.00794468 0.0965439 0.00886745 -0.00891539 0.00258043 0.00574023
0.0730592 0.0967472 0.037179 -0.000878785 0.00146112 0.0156012
0.0920135 0.0513372 0.039359 0.00207635 0.00104298 0.0284777
0.0886505 0.0481464 0.0394834 0.00251802 0.00067718 0.0392792
0.0926058 0.0470178 0.0394205 0.00192301 0.000587005 0.0273418
0.00649642 0.0148678 0.00729601 0.00272878 -0.00583802 0.00529555
0.0487955 0.0271687 0.0390113 0.022062 -0.0148718 0.183913
0.0455767 0.0238366 0.0377431 0.0196649 -0.0169216 0.131891
0.0499163 0.0231429 0.038114 0.0127401 -0.0143035 0.128144
0.0478669 0.0582075 0.0410417 0.0506092 0.0113307 0.527358
0.0457658 0.0626467 0.039911 0.0476483 0.0154134 0.361488
0.0438758 0.0593052 0.0407624 0.0658057 0.013995 0.434576
0.0954175 0.0496677 0.0393457 0.00173971 0.000857966 0.0228937
0.0745785 0.0458069 0.0400688 0.00672141 -0.000338412 0.151299
0.0766159 0.0494223 0.0399163 0.00580013 0.000601593 0.125527
0.072937 0.0494529 0.0401542 0.00780081 0.000512255 0.17945
0.0044491 0.0504713 0.0141351 0.772861 0.00305768 0.00599683
0.030565 0.0466251 0.0418668 0.207844 -3.5065e-005 0.176518
0.0282123 0.0502294 0.040643 0.241009 0.00681982 0.133427
0.0268113 0.0463475 0.0402649 0.271138 -0.0019671 0.0937249
0.0545495 0.0387553 0.0410666 0.0276218 -0.00653435 0.452893
0.0591059 0.0378218 0.0407499 0.0187213 -0.00539361 0.362899
0.0579841 0.0419195 0.0411804 0.0238277 -0.00317234 0.501061
0.0405952 0.0493968 0.0424253 0.098596 0.00416515 0.600071
0.0362689 0.0507684 0.0422787 0.134206 0.00692315 0.357438
0.0367905 0.0478682 0.0426069 0.130398 0.00266068 0.38079
0.0579471 0.0690948 0.039049 0.0121421 0.0109185 0.218842
0.0559838 0.0649124 0.0397857 0.0205701 0.0111342 0.315445
0.0608385 0.0655295 0.0396993 0.0132276 0.00880382 0.25791
0.0538312 0.0474222 0.0417276 0.0372654 0.000310507 1
0.0495925 0.0494008 0.0420044 0.0516599 0.00271929 1
0.0502734 0.045168 0.0419425 0.0461803 -0.00189196 1
0.0439054 0.0356447 0.0409182 0.0540936 -0.0135887 0.323539
0.0422348 0.0386512 0.0415923 0.0690881 -0.0117086 0.371009
0.0409462 0.035439 0.0408133 0.0669933 -0.0152642 0.281398
0.0418897 0.0536847 0.0419943 0.0848039 0.00892072 0.587993
0.0406619 0.0575687 0.0411401 0.0878552 0.0132887 0.422882
0.0373826 0.0543515 0.0416981 0.120545 0.010957 0.369524
0.0668673 0.0605436 0.0399664 0.0102175 0.00556049 0.230148
0.0660001 0.0651889 0.0396095 0.00886843 0.00677186 0.197969
0.0629875 0.061354 0.0400281 0.0133848 0.00709896 0.279663
0.0683364 0.0859871 0.0374557 -0.00100797 0.00513977 0.0364965
0.0647644 0.0833113 0.0374308 -0.000492492 0.00678145 0.0539423
0.0677501 0.081277 0.0378353 0.000213772 0.00629166 0.0560004
0.0352674 0.0639527 0.0374546 0.0869694 0.0220909 0.197309
0.0342977 0.0679529 0.0355106 0.065161 0.0237921 0.152042
0.0311916 0.0658612 0.0352374 0.0877906 0.0243182 0.141891
0.0562415 0.0595303 0.0406079 0.0264703 0.00888604 0.445851
0.0606579 0.0590472 0.0403967 0.0184052 0.00724369 0.367042
0.0593616 0.062024 0.0401466 0.0177574 0.00857822 0.331506
0.061729 0.0293209 0.0396825 0.00913215 -0.00754462 0.17283
0.058452 0.0254011 0.0391565 0.00839506 -0.00950354 0.142404
0.0629231 0.025743 0.0392943 0.00614505 -0.00756524 0.127291
0.0946079 0.0605148 0.0390801 0.00169988 0.00188591 0.0209246
0.070713 0.0621099 0.0396735 0.00691177 0.00469493 0.158344
0.0743412 0.0584498 0.0397356 0.00604137 0.0032075 0.135095
0.0739919 0.0618169 0.039578 0.00553495 0.00392689 0.125497
0.02966 0.037994 0.039281 0.181009 -0.0177714 0.108542
0.025472 0.0414024 0.0382564 0.266689 -0.0129898 0.0656654
0.0259782 0.0368559 0.0364849 0.210329 -0.0197668 0.0646361
0.00452776 0.0954288 0.00590352 -0.00814541 0.00226538 0.00522188
0.00812658 0.0916129 0.00959785 -0.0116186 0.00473529 0.00667774
0.00799073 0.0875019 0.00988727 -0.0107996 0.00591582 0.0075804
0.00248576 0.00680997 0.00354297 -0.00496411 -0.00143451 0.00389437
0.00939285 0.00779908 0.0103161 -0.00678094 -0.00529977 0.00544107
0.0127691 0.00791016 0.0137716 -0.00653576 -0.00711175 0.00708099
0.09319 0.00248576 0.0389929 -3.16153e-005 -0.000292211 0.00472736
0.0921342 0.00947103 0.0390573 1.71334e-005 -0.000832821 0.00636016
0.0919971 0.0128103 0.0391065 0.000104887 -0.00101913 0.00785455
0.0974869 0.0931274 0.0382006 -0.000112296 0.00110914 0.00474515
0.0921574 0.0916891 0.038145 -0.000222782 0.00134597 0.00587629
0.0475857 0.0732394 0.0369769 0.0148342 0.0165018 0.1607
0.049221 0.0773171 0.0363426 0.00670843 0.0147441 0.118856
0.0446354 0.0768512 0.0355412 0.0108902 0.0173353 0.118078
0.0528389 0.0630842 0.04011 0.029602 0.0121577 0.381662
0.03236 0.0570232 0.0400876 0.150611 0.0158099 0.220337
0.0337758 0.052999 0.0416543 0.15515 0.0102415 0.27238
0.0199051 0.0669914 0.0256846 0.125822 0.023237 0.0409628
0.0181402 0.0705413 0.0221952 0.0858496 0.0213029 0.0316125
0.0350137 0.0054052 0.0290414 -0.00288553 -0.00896607 0.0221966
0.037724 0.0290111 0.0379823 0.0578563 -0.0211032 0.149047
0.0331357 0.027319 0.035566 0.0660966 -0.0235493 0.100297
0.0365427 0.0251721 0.036139 0.0432378 -0.0221895 0.109877
0.094571 0.0350387 0.0394397 0.000985402 -0.000376265 0.0204379
0.0730084 0.0334489 0.039851 0.0053956 -0.0029575 0.123093
0.0719118 0.0280882 0.0395413 0.00388628 -0.00407749 0.094061
0.0309712 0.0933957 0.0267013 -0.00820832 0.00715589 0.0206984
0.040481 0.0743248 0.0351192 0.0210399 0.0202266 0.127844
0.0401042 0.0785011 0.0338013 0.00963416 0.0185674 0.0924273
0.0365749 0.0758863 0.0332436 0.0200929 0.0212217 0.0984434
0.0505943 0.0410199 0.0415852 0.0401212 -0.00597527 0.57342
0.0473337 0.0428691 0.0420128 0.0539289 -0.0048263 0.653598
0.0466624 0.0388952 0.0415136 0.0504787 -0.00947664 0.453533
0.0425701 0.0313564 0.039653 0.0472904 -0.0169298 0.225731
0.0540798 0.0433677 0.0415501 0.0331952 -0.0030654 0.648363
0.0704923 0.0387382 0.0401971 0.0081568 -0.00220112 0.188609
0.0726831 0.0423085 0.0401544 0.00744256 -0.0010962 0.171118
0.0685109 0.0432751 0.0404393 0.0104626 -0.00124018 0.246675
0.0749158 0.0751536 0.0385911 0.00167497 0.00489947 0.0575641
0.0766004 0.0791797 0.0383174 0.000579358 0.00430773 0.037633
0.0792255 0.023207 0.0392836 0.00145711 -0.00275718 0.0411461
0.0739277 0.0231693 0.0392393 0.00199379 -0.00390043 0.0588397
0.0232831 0.0208785 0.0257428 0.0450361 -0.0212128 0.0297638
0.0232461 0.0262317 0.0279477 0.0939026 -0.0234647 0.0364394
0.0732961 0.0935284 0.037342 -0.0011419 0.00232194 0.016537
0.0701325 0.0789949 0.0381604 0.000866832 0.00590622 0.0586976
0.072882 0.0823495 0.037987 -7.01889e-005 0.0047748 0.0380386
0.0454167 0.051481 0.0420853 0.0662396 0.00579108 1
0.0272739 0.0639245 0.0342796 0.128493 0.0239334 0.110764
0.0279453 0.0684014 0.0318928 0.0796199 0.0252493 0.0942803
0.0568282 0.0914548 0.0354886 -0.00318606 0.00586847 0.0334912
0.0537718 0.0869804 0.0355243 -0.00222401 0.00929464 0.0535695
0.0570337 0.0543361 0.0411906 0.0292729 0.00545922 0.604817
0.0599685 0.0564134 0.0408042 0.0225376 0.00601432 0.462811
0.0533151 0.0769998 0.037067 0.00513626 0.0128657 0.122486
0.0546851 0.0727393 0.0380911 0.00987726 0.0127782 0.172561
0.0567362 0.0761918 0.0376678 0.00460259 0.0112529 0.124626
0.0677844 0.0354647 0.0401579 0.00876237 -0.00371774 0.19777
0.0506472 0.0188527 0.0372482 0.00595511 -0.0129286 0.0859307
0.0547529 0.0191589 0.0378484 0.00411329 -0.010763 0.0854431
0.054189 0.022393 0.0383949 0.00780356 -0.0115605 0.116561
0.0672226 0.0730983 0.0386963 0.00385084 0.00715387 0.110759
0.0717488 0.0712367 0.0389272 0.00353652 0.00565227 0.0948035
0.0705902 0.0756979 0.0384777 0.00194868 0.00598407 0.0730654
0.0807451 0.0506203 0.0396909 0.00428651 0.00101342 0.0841399
0.0806892 0.0547335 0.0395745 0.0040851 0.00186019 0.0796593
0.0774151 0.0541096 0.0397492 0.00525749 0.00191074 0.111365
0.0346058 0.0312163 0.0381275 0.0844758 -0.0218646 0.140424
0.019121 0.04883 0.034516 0.414061 0.00212955 0.0264608
0.0190793 0.0452665 0.0340223 0.412337 -0.00557629 0.0227321
0.0224118 0.0457865 0.0371286 0.348522 -0.00438009 0.0423455
0.0119758 0.0478132 0.0270202 0.573398 0.000556726 0.00868584
0.0169436 0.058629 0.0280402 0.295814 0.0179269 0.0264119
0.0207953 0.0574203 0.0327426 0.281829 0.0180634 0.0443116
0.0880069 0.0526805 0.0394208 0.00264426 0.001233 0.0412508
0.0849227 0.0493053 0.0395652 0.00322391 0.000803131 0.0561976
0.0820098 0.0459547 0.0397072 0.00391974 0.000248339 0.075242
0.085882 0.04571 0.0395838 0.00298064 0.000318642 0.0513234
0.0526361 0.0122109 0.036412 -0.000421841 -0.00933389 0.0466251
0.0426513 0.012308 0.033954 0.00181378 -0.0137493 0.0454612
0.0458402 0.0162986 0.0357987 0.00549299 -0.0144676 0.0673261
0.0239969 0.0784139 0.024784 0.0232456 0.0205161 0.0398026
0.0129064 0.0755199 0.0152051 0.0328663 0.0143378 0.0168282
0.0104503 0.0789826 0.0124654 0.0105878 0.0104955 0.0123744
0.0100962 0.0758776 0.0123525 0.0238774 0.0114491 0.0131904
0.0883637 0.0243979 0.0393188 0.000911048 -0.00147118 0.0215578
0.0848379 0.0213234 0.0392431 0.000803428 -0.00187864 0.0232995
0.089822 0.0205547 0.0392379 0.000516655 -0.00135064 0.0150795
0.096572 0.0309044 0.039394 0.000517569 -0.000434499 0.0160691
0.0975642 0.0272045 0.0393611 0.000322943 -0.000461255 0.0140744
0.032482 0.0769549 0.0310043 0.0216624 0.0218763 0.0753208
0.0290592 0.0970975 0.0258833 -0.00593091 0.00312709 0.0167629
0.0263283 0.0951514 0.0244074 -0.00834602 0.00461483 0.0159012
0.0308573 0.0175772 0.0299786 0.020165 -0.0203739 0.0434634
0.024174 0.0132227 0.0245113 0.00881046 -0.0165225 0.0222468
0.0211525 0.0104597 0.0214994 0.000936309 -0.0128087 0.0151988
0.0250852 0.0106338 0.0245926 0.00214808 -0.0144924 0.0203249
0.0436211 0.0811597 0.0342707 0.00347933 0.0159655 0.0837696
0.0402359 0.0621477 0.0393504 0.0729882 0.0184255 0.294398
0.036167 0.05949 0.0397934 0.106515 0.0177108 0.274825
0.00824524 0.0399433 0.0176331 0.467701 -0.00980012 0.00626754
0.00297967 0.0282515 0.00412172 0.0581508 -0.00514242 0.00594301
0.00280448 0.0314417 0.00461567 0.0962331 -0.00554754 0.00606437
0.0600703 0.00764565 0.037363 -0.00169898 -0.00425152 0.0281744
0.0717248 0.00305437 0.0382821 -0.000655738 -0.00106692 0.0155088
0.0684054 0.00285474 0.0380447 -0.000746881 -0.00121287 0.0177153
0.0969496 0.071612 0.0387465 0.0010209 0.00225578 0.0138767
0.097048 0.0682234 0.0388497 0.00123288 0.00219536 0.0156473
0.072933 0.0868115 0.0376784 -0.000881962 0.00398728 0.0262586
0.0697073 0.0947218 0.03704 -0.00131222 0.00231541 0.0187501
0.0710253 0.0902705 0.0373485 -0.00131969 0.00346882 0.0224143
0.069714 0.0242598 0.0392444 0.00292965 -0.00502328 0.0795622
0.0667467 0.0477937 0.0406348 0.0129283 1.02697e-005 0.308578
0.0707615 0.0467484 0.0403175 0.00912236 -0.000293438 0.214259
0.0366798 0.0179798 0.0331829 0.0156736 -0.0194327 0.060986
0.0379622 0.0222597 0.0353099 0.0279449 -0.0209413 0.0929508
0.0410624 0.0255133 0.0374302 0.0335916 -0.019706 0.13477
0.0450044 0.0275333 0.0387438 0.0293466 -0.0170491 0.177956
0.0171459 0.0745432 0.0196635 0.0457667 0.0186091 0.0255311
0.0780998 0.0704656 0.0389342 0.00251895 0.00415966 0.0620165
0.056613 0.0799997 0.0370522 0.00157976 0.0105749 0.0917706
0.0599425 0.0779577 0.0377296 0.00246199 0.00947202 0.100731
0.0475421 0.0809262 0.0353418 0.00335348 0.0145472 0.0921071
0.0505542 0.0371436 0.0410027 0.034517 -0.00928661 0.41281
0.0646264 0.0442626 0.0407654 0.0147976 -0.00119158 0.348509
0.0627559 0.0485162 0.0409727 0.0183368 0.000550097 0.433927
0.0581145 0.0492777 0.0413796 0.0278534 0.00143626 0.652861
0.0613695 0.0527954 0.0410074 0.0213044 0.00320735 0.485893
0.00758075 0.0691185 0.00971355 0.0698004 0.0102324 0.0115046
0.0102706 0.0656629 0.014048 0.140327 0.0142157 0.0138384
0.0846688 0.0420358 0.039632 0.00307143 -0.000230744 0.0559799
0.0805646 0.0417365 0.0397694 0.00411651 -0.0005307 0.0831107
0.0858432 0.033292 0.03953 0.00213926 -0.00125292 0.0418316
0.0874572 0.0381746 0.0395517 0.0022482 -0.000580574 0.0400062
0.0500043 0.0148613 0.0363731 0.00204199 -0.0118317 0.0599039
0.0379556 0.0129843 0.0324433 0.00503691 -0.016074 0.0437943
0.0760702 0.0859031 0.0378976 -0.000559631 0.00360568 0.0234089
0.0782872 0.0831278 0.0381203 -0.000103818 0.00362751 0.0250035
0.0742167 0.067821 0.0391754 0.00398328 0.00477189 0.0960189
0.0805651 0.0188687 0.0391284 0.000607293 -0.00242866 0.0261907
0.0712105 0.0218921 0.0391232 0.00195974 -0.00458656 0.0625263
0.018892 0.0194584 0.0209848 0.0367546 -0.018075 0.0178458
0.0244707 0.0305719 0.0312617 0.140279 -0.0239123 0.0461059
0.0218893 0.0292645 0.0279786 0.134268 -0.0233028 0.0325906
0.0801537 0.00755803 0.0388328 -0.000356564 -0.00121691 0.0107285
0.0842106 0.0106022 0.0389813 -0.000114265 -0.00130322 0.0102634
0.0802239 0.0120723 0.0389236 -0.000161816 -0.0018478 0.0150013
0.0877666 0.0779155 0.0385137 0.000621826 0.00278701 0.0178276
0.0842679 0.0793049 0.0384225 0.000485115 0.00314674 0.0219557
0.00758684 0.0197148 0.00889396 0.0229278 -0.0085938 0.00649836
0.0105613 0.0157136 0.0118445 0.00956422 -0.00970716 0.00737609
0.0121745 0.0194179 0.0139009 0.0301243 -0.0127352 0.00934984
0.0199066 0.0871608 0.0192726 -0.00782626 0.0106878 0.0156705
0.0164497 0.0843406 0.0173547 -0.00275527 0.0117249 0.0151897
0.0202823 0.0837036 0.0201172 -0.00101873 0.014012 0.020021
0.0204667 0.0775366 0.0220247 0.0271652 0.0192762 0.0309385
0.0235912 0.0754007 0.0253363 0.0388017 0.0221021 0.0445976
0.0328422 0.0494236 0.042096 0.169158 0.00548193 0.263664
0.0348325 0.0445372 0.0426002 0.146491 -0.00380556 0.285659
0.0375424 0.0340443 0.0400132 0.082732 -0.0183334 0.205385
0.0349112 0.0389954 0.0413906 0.128365 -0.0143712 0.211334
0.0327679 0.0344734 0.0388917 0.118112 -0.0207623 0.137294
0.0738472 0.0645044 0.0394156 0.00495761 0.00439805 0.114318
0.0691131 0.0518531 0.0403831 0.0106535 0.00153694 0.251303
0.0282467 0.0334158 0.0360583 0.146782 -0.0227692 0.0806613
0.0263232 0.0542829 0.0385031 0.25195 0.0130055 0.100132
0.0303241 0.0535214 0.0407389 0.197099 0.0112249 0.18155
0.0285191 0.0567346 0.0388557 0.198951 0.0161963 0.139824
0.0665598 0.0279433 0.0395515 0.00571491 -0.00583382 0.128325
0.0517474 0.0315315 0.0400444 0.0253283 -0.0118828 0.26863
0.047147 0.0303087 0.0396494 0.0311537 -0.0149461 0.231473
0.0380789 0.066531 0.0372881 0.0616993 0.02183 0.199762
0.042075 0.0658548 0.0384034 0.0502735 0.0195427 0.246417
0.05232 0.0815364 0.0361104 0.00125277 0.0121213 0.0854786
0.0564873 0.0837207 0.0364849 -0.000653201 0.00970257 0.0679065
0.0401677 0.082307 0.0329047 0.00223203 0.0164784 0.0693416
0.0318068 0.061817 0.037697 0.116963 0.0215483 0.181986
0.0289186 0.0597631 0.0376359 0.159685 0.0202621 0.146421
0.0156376 0.0791968 0.0173132 0.0154272 0.0147152 0.0186967
0.00980679 0.0729009 0.0122068 0.0420706 0.0120154 0.0136699
0.00763578 0.0762269 0.0096473 0.0162908 0.00869536 0.0108044
0.0630123 0.0700029 0.0390627 0.00766492 0.00850856 0.174075
0.0633923 0.075251 0.038293 0.00352309 0.00850314 0.112095
0.0541468 0.068755 0.038929 0.0170512 0.0130576 0.24405
0.0688634 0.0207136 0.0389755 0.00189454 -0.00524569 0.0646838
0.0579116 0.021049 0.0384461 0.00473538 -0.00965003 0.0990831
0.0617934 0.0221468 0.0388637 0.00461631 -0.00815087 0.103128
0.0814579 0.0655538 0.0391497 0.00283066 0.00319349 0.0574144
0.077066 0.0622037 0.0394643 0.00457755 0.00348945 0.100221
0.0769375 0.0661097 0.0392351 0.00376165 0.00405334 0.0855189
0.0209121 0.0323445 0.0285848 0.184527 -0.0221034 0.0297243
0.0184448 0.0391806 0.0306813 0.339641 -0.0154326 0.0205247
0.0207583 0.0419389 0.0345415 0.349909 -0.0117665 0.0299389
0.0170712 0.0426167 0.0311087 0.423268 -0.00982266 0.0160814
0.0759553 0.0900395 0.0376693 -0.000918109 0.00284028 0.0174745
0.0569658 0.030195 0.0398503 0.0148934 -0.00956387 0.219302
0.0603985 0.0336345 0.0402487 0.0138836 -0.00684733 0.255879
0.0687955 0.0315726 0.0398627 0.00657087 -0.00443148 0.148925
0.0304398 0.0426072 0.0413865 0.203842 -0.00930855 0.144093
0.0280882 0.0280882 0.0329239 0.0913654 -0.0245161 0.0655999
0.0315135 0.0309169 0.0366814 0.0996142 -0.0234721 0.105715
0.020875 0.0155242 0.0220505 0.0163131 -0.0166119 0.0186952
0.0258604 0.0167379 0.0265352 0.0200197 -0.0195585 0.0299729
0.0277395 0.00901726 0.0256356 0.00029947 -0.0134754 0.0209227
0.0240763 0.00752579 0.0231997 -0.0023439 -0.0110927 0.0159031
0.0831267 0.0259035 0.0393788 0.00153758 -0.00204282 0.036072
0.0923599 0.0237951 0.0393039 0.000602197 -0.00109692 0.0154513
0.084018 0.0535079 0.0394983 0.00333124 0.00148522 0.0589688
0.086636 0.0569405 0.0393428 0.00274721 0.00181778 0.0447092
0.082388 0.0575113 0.039449 0.00352846 0.00210891 0.0657761
0.0536268 0.0160687 0.037169 0.00205292 -0.0105251 0.0652212
0.0566276 0.0135138 0.0373295 -4.37325e-005 -0.00803808 0.05006
0.05739 0.0174312 0.0378687 0.00218439 -0.00919793 0.071553
0.015954 0.0464795 0.0312614 0.480692 -0.00267162 0.0143017
0.0133136 0.0435544 0.0272588 0.50687 -0.00739102 0.00939519
0.0126411 0.0912371 0.0141191 -0.0127957 0.00648518 0.00879717
0.0114937 0.087124 0.0134799 -0.00955147 0.00800337 0.00987035
0.0159045 0.0890962 0.0169329 -0.0109501 0.00820382 0.0115548
0.0154656 0.0165805 0.0170122 0.0184518 -0.0138878 0.0117838
0.0129697 0.0116086 0.0141104 -0.000481425 -0.00923541 0.00800725
0.00548729 0.0052812 0.00642368 -0.00661272 -0.00243686 0.00411388
0.0878644 0.0860396 0.0382022 -0.000127715 0.00216253 0.0102199
0.0879214 0.0816852 0.0383589 0.000227407 0.0025651 0.0138374
0.0915032 0.0838699 0.0383107 8.5693e-005 0.00210216 0.00912471
0.0834965 0.0155186 0.0390736 0.00020495 -0.00181676 0.0163605
0.0883652 0.0129663 0.0390795 8.18388e-005 -0.00122889 0.00971698
0.0946897 0.00545991 0.0390214 -1.37036e-005 -0.000500557 0.0047492
0.0786621 0.0579849 0.0395677 0.00449799 0.00253488 0.0929115
0.0891582 0.0431079 0.0395189 0.00226451 9.63831e-005 0.0366528
0.0422201 0.0201434 0.0358983 0.0157592 -0.0180142 0.0894667
0.0468122 0.0203629 0.0369914 0.0110911 -0.0155857 0.0977257
0.0331346 0.0856705 0.0289646 -0.0028242 0.0149459 0.0401599
0.0278223 0.0861687 0.0257331 -0.00452927 0.0139254 0.0292293
0.0311342 0.069304 0.0334874 0.0637295 0.0248819 0.116954
0.0334836 0.0723781 0.033212 0.0407424 0.0236182 0.11005
0.0292504 0.0722656 0.0309606 0.0492119 0.0244339 0.0847215
0.0830453 0.0377734 0.0396544 0.00311481 -0.00100818 0.0610983
0.0782834 0.0453763 0.039869 0.00508858 -6.46511e-005 0.106893
0.0765951 0.0418026 0.0399399 0.00551412 -0.000774205 0.120249
0.024088 0.0674383 0.0292968 0.106411 0.0249183 0.064264
0.0225371 0.0636583 0.0303055 0.166208 0.0235731 0.0581747
0.0180631 0.0632966 0.0259748 0.19143 0.0215179 0.0331921
0.0525484 0.0563254 0.0411777 0.0380781 0.00829066 0.610362
0.0730242 0.0782751 0.0383073 0.000923586 0.00520214 0.0516434
0.0350293 0.0900808 0.0292085 -0.00665099 0.0109872 0.0309931
0.0359321 0.0809622 0.0315209 0.00652041 0.0184273 0.0661593
0.0282553 0.0132502 0.027144 0.00955217 -0.0175371 0.0290375
0.030853 0.0893002 0.0270254 -0.00737264 0.0115367 0.0274064
0.0272468 0.0910734 0.0247632 -0.00921634 0.00891838 0.0201069
0.0507581 0.0606073 0.0405379 0.0373152 0.0117935 0.447551
0.0809572 0.0341358 0.0396521 0.00321989 -0.00172456 0.0677672
0.0748077 0.0381877 0.0399632 0.00576726 -0.00170026 0.129244
0.0771672 0.0349688 0.0397746 0.00426439 -0.00203217 0.0936507
0.0592264 0.0734991 0.0383243 0.00620219 0.0103336 0.14701
0.0638596 0.0796431 0.0377618 0.000998096 0.00779274 0.0762315
0.0605871 0.082831 0.0371383 -0.000260677 0.00829327 0.0662908
0.04766 0.0341824 0.0405596 0.0380788 -0.0125635 0.320647
0.0456109 0.0467145 0.0423091 0.0658005 -0.000135512 1
0.043274 0.0427647 0.0422749 0.0728677 -0.00569759 0.548692
0.0634843 0.0367773 0.0404406 0.0127712 -0.00445985 0.27329
0.0918554 0.0387644 0.0394811 0.00159123 -0.000246266 0.0269368
0.0234902 0.0889992 0.0221969 -0.00926205 0.0099928 0.0182879
0.00665513 0.0796269 0.00849232 0.00272182 0.00685972 0.00925456
0.093467 0.0202459 0.0392456 0.000382823 -0.00105882 0.0119297
0.0204992 0.0066184 0.0205304 -0.00451585 -0.0089805 0.0121187
0.0886157 0.0689424 0.0388964 0.00159867 0.00264958 0.026796
0.0850754 0.0681633 0.0389653 0.00196973 0.00295327 0.0370196
0.0688002 0.0115952 0.0383688 -0.000558854 -0.00392595 0.0305691
0.0677676 0.0151787 0.0385028 0.000184133 -0.00498938 0.0431634
0.00919789 0.0317293 0.0133764 0.175115 -0.0130851 0.00820758
0.0734372 0.053447 0.0400139 0.00727245 0.00191713 0.165111
0.0697968 0.0572131 0.040062 0.00904326 0.00367984 0.208666
0.0533813 0.0266593 0.0391882 0.0146345 -0.0121424 0.173706
0.0508037 0.0705712 0.0381953 0.0169901 0.0149281 0.211133
0.0516055 0.0666209 0.039288 0.024438 0.0139087 0.294609
0.0510004 0.0741312 0.0373331 0.0102209 0.0146024 0.15593
0.0835166 0.0838266 0.0382064 -5.59255e-005 0.00283863 0.0166578
0.00891635 0.0120719 0.00990613 -0.00170725 -0.00680764 0.00580811
0.0879039 0.00894538 0.0390065 -7.89365e-005 -0.000952653 0.00743137
0.0656519 0.0911077 0.0368429 -0.00187782 0.00411918 0.0271695
0.0670903 0.077305 0.0382063 0.00176105 0.00699666 0.0796768
0.0490312 0.0538342 0.041677 0.051723 0.00727492 1
0.0533918 0.0517847 0.0416229 0.0390559 0.00433213 1
0.0244418 0.034087 0.0334339 0.187696 -0.0223942 0.0496557
0.0176918 0.035572 0.0269574 0.264257 -0.0190375 0.0191525
0.0658447 0.0232701 0.0391089 0.00369334 -0.0064303 0.0932524
0.065026 0.0184545 0.0385982 0.00157914 -0.00638889 0.0645499
0.0307053 0.0745855 0.0308324 0.0329387 0.0233163 0.0789357
0.0452402 0.0902322 0.0329294 -0.00462248 0.00968757 0.0393692
0.051049 0.0942719 0.0339197 -0.00397624 0.00549118 0.029585
0.0484394 0.0925213 0.03343 -0.00446287 0.00724639 0.0332655
0.0443619 0.00867533 0.0336463 -0.00175378 -0.0103148 0.0336266
0.00806199 0.0567974 0.0155999 0.415433 0.00972032 0.00797325
0.0246695 0.0590821 0.0351093 0.218652 0.0197059 0.080297
0.0234411 0.050754 0.0375891 0.324479 0.00697706 0.0600311
0.0494481 0.0642445 0.0397521 0.0326893 0.0140873 0.345901
0.0250814 0.071854 0.0278746 0.0617533 0.0241556 0.0594055
0.0146273 0.0390824 0.0258659 0.380846 -0.014002 0.0116801
0.0493296 0.0886832 0.0341979 -0.0035301 0.00978749 0.0464197
0.0492896 0.0848109 0.0349392 -0.000818608 0.0122317 0.0681569
0.080533 0.0802874 0.0383134 0.000327641 0.00357177 0.0264939
0.0233334 0.0847915 0.0223901 -0.00291077 0.014125 0.0234992
0.0448975 0.0557252 0.0415506 0.0661986 0.0102046 0.597446
0.0394136 0.045215 0.0426535 0.103023 -0.0022739 0.479711
0.0389069 0.0412233 0.0422603 0.0975635 -0.00940498 0.35903
0.0570618 0.0454535 0.0414391 0.0283621 -0.00117836 0.636623
0.0605699 0.0450568 0.0411262 0.0210942 -0.00111892 0.487467
0.0124018 0.0826375 0.0142531 -0.000799442 0.010262 0.0123262
0.0527579 0.0353283 0.0406106 0.0273981 -0.00951456 0.357109
0.0645398 0.0563577 0.0404677 0.014894 0.00464124 0.333529
0.0785398 0.0153981 0.0389753 0.000161181 -0.00250329 0.0230107
0.0155062 0.0212242 0.017952 0.0482714 -0.0165898 0.0136715
0.0705976 0.0667345 0.0393376 0.00554439 0.00552928 0.1318
0.0676686 0.0692582 0.0391653 0.00585826 0.00676857 0.142635
0.0409023 0.0159153 0.0343245 0.00779745 -0.0167546 0.0598495
0.052229 0.0913311 0.0345157 -0.00386729 0.00714056 0.0359297
0.0648621 0.0515966 0.0407526 0.0155239 0.00179127 0.366507
0.0559208 0.0345444 0.0404696 0.0214464 -0.0085382 0.320327
0.017339 0.0123906 0.0182742 0.0037322 -0.0123151 0.0117982
0.0877661 0.0173129 0.0391614 0.000342344 -0.00148425 0.0139939
0.0866295 0.0281888 0.0394138 0.00147166 -0.00155038 0.031297
0.0857766 0.0249503 0.0393394 0.0011765 -0.00176604 0.027699
0.0620227 0.0409407 0.040824 0.0167663 -0.00295338 0.373464
0.0648105 0.0326558 0.0400231 0.00919107 -0.00541313 0.194579
0.0460355 0.0866921 0.0337214 -0.00272701 0.012128 0.0548338
0.00593161 0.0296955 0.00811621 0.110206 -0.00907532 0.00660447
0.0606027 0.0189632 0.0383424 0.00266002 -0.00834976 0.0784718
0.0607909 0.0155784 0.0379798 0.000709371 -0.00735701 0.0565612
0.0807167 0.0608397 0.0394015 0.0036686 0.00266321 0.0725645
0.0844259 0.0611226 0.0392745 0.00286535 0.00238853 0.0507791
0.0216716 0.0700096 0.0258003 0.0864487 0.0237322 0.0455917
0.0211435 0.0732229 0.0238964 0.0562739 0.0220659 0.0388368
0.0112339 0.0410406 0.022713 0.479319 -0.0104448 0.00749701
0.0220703 0.0373804 0.0332592 0.260584 -0.0185032 0.0371895
0.0266171 0.0240063 0.0301421 0.0636836 -0.0239808 0.0478251
0.0396203 0.00833521 0.0319111 -0.00139115 -0.0113166 0.0306969
0.0221996 0.0811534 0.0223865 0.00920713 0.0172828 0.0282885
0.019069 0.0811469 0.0198658 0.00816247 0.0157019 0.0220584
0.0205813 0.0604513 0.0306375 0.232282 0.0210861 0.0446733
0.0422353 0.0459071 0.0425319 0.0821231 -0.00114331 0.657243
0.0309831 0.00733848 0.0270096 -0.00174921 -0.0116497 0.0212999
0.0793411 0.047745 0.039801 0.00474933 0.000383241 0.0968581
0.078844 0.0380634 0.0397921 0.00425595 -0.00135686 0.09029
0.0228095 0.0551416 0.0356275 0.292886 0.0147465 0.0576215
0.0661595 0.0397443 0.0404874 0.0116784 -0.00264093 0.268483
0.00803693 0.0837134 0.0100567 -0.00527479 0.00689694 0.00885829
0.0919885 0.016265 0.0391656 0.000240276 -0.00113458 0.0101018
0.016412 0.00804282 0.0172721 -0.00452523 -0.00874686 0.00961133
0.0389449 0.0376917 0.0413741 0.0867207 -0.0142249 0.285888
0.0915962 0.0880431 0.0382048 -0.000133881 0.00173369 0.00711705
0.0887521 0.0906922 0.0380989 -0.000299459 0.00161117 0.00751641
0.0856711 0.0934413 0.0379574 -0.000438178 0.00138937 0.00813071
0.0367981 0.0698328 0.035658 0.0486051 0.0229212 0.155088
0.03752 0.0724159 0.0348321 0.0324277 0.0221583 0.131993
0.0458931 0.0836555 0.0343447 -2.99348e-005 0.0139189 0.0714574
0.0918879 0.0790242 0.0384807 0.000478866 0.0023755 0.0121127
0.0506798 0.0345464 0.0405298 0.0302939 -0.0108191 0.335885
0.0760499 0.0262684 0.0394273 0.00254409 -0.00330006 0.0642305
