VARIABLES= "X", "Y", "P", "U", "V", "C"
0 0 0 0 0 0.00656539
0.005 0 0.00572254 0 0 0.00684488
0.01 0 0.00900224 0 0 0.00776887
0.015 0 0.0159501 0 0 0.0121148
0.02 0 0.0230072 0 0 0.0187204
0.025 0 0.0230072 0 0 0.0187204
0.03 0 0.0268081 0 0 0.0237364
0.035 0 0.0272813 0 0 0.0244803
0.04 0 0.0328238 0 0 0.0324864
0.045 0 0.034706 0 0 0.0340069
0.05 0 0.0350867 0 0 0.0344259
0.055 0 0.0397145 0 0 0.0345144
0.06 0 0.0404087 0 0 0.0307206
0.065 0 0.0407557 0 0 0.0298199
0.07 0 0.0409478 0 0 0.026975
0.075 0 0.0415978 0 0 0.0205033
0.08 0 0.0419427 0 0 0.0130628
0.085 0 0.0420237 0 0 0.0110686
0.09 0 0.0420237 0 0 0.0110686
0.095 0 0.0421174 0 0 0.00870979
0.1 0 0.0421212 -6.92054e-006 -0.000152267 0.0086355
0.1 0.005 0.0421337 -1.9625e-005 -0.00050761 0.00874688
0.1 0.01 0.0421802 3.54076e-005 -0.000812035 0.00957751
0.1 0.015 0.0423103 0.000246768 -0.00113044 0.0140634
0.1 0.02 0.0424628 0.000480999 -0.000984401 0.0198622
0.1 0.025 0.0425576 0 0 0.0228911
0.1 0.03 0.0425576 0 0 0.0228911
0.1 0.035 0.0425686 0 0 0.0246296
0.1 0.04 0.042613 0.00158114 0.000158455 0.030803
0.1 0.045 0.0425909 0.00190377 0.00050024 0.0317895
0.1 0.05 0.0425768 0.00207158 0.000686387 0.032519
0.1 0.055 0.0422797 0.00220993 0.00228573 0.0300656
0.1 0.06 0.042176 0.00204398 0.00259593 0.0281598
0.1 0.065 0.0420494 0.00178478 0.00286906 0.0261838
0.1 0.07 0.0419836 0.00160034 0.0029316 0.0240854
0.1 0.075 0.0416799 0.00084792 0.00299244 0.0182562
0.1 0.08 0.0414478 0.000230011 0.0025941 0.0129057
0.1 0.085 0.041364 1.29912e-005 0.00224938 0.0107402
0.1 0.09 0.041364 1.29912e-005 0.00224938 0.0107402
0.1 0.095 0.0412579 -0.000154546 0.00125085 0.00877327
0.1 0.1 0.0412543 0 0 0.00872828
0.095 0.1 0.0412265 0 0 0.00899232
0.09 0.1 0.0409411 0 0 0.012733
0.085 0.1 0.0408753 0 0 0.0138525
0.08 0.1 0.0406223 0 0 0.0178907
0.075 0.1 0.0397955 0 0 0.0264213
0.07 0.1 0.0399343 0 0 0.0274687
0.065 0.1 0.0393005 0 0 0.0307523
0.06 0.1 0.0376576 0 0 0.0376128
0.055 0.1 0.0376576 0 0 0.0376128
0.05 0.1 0.0356748 0 0 0.0379499
0.045 0.1 0.0332971 0 0 0.03485
0.04 0.1 0.030915 0 0 0.0308428
0.035 0.1 0.030915 0 0 0.0308428
0.03 0.1 0.0272937 0 0 0.0251398
0.025 0.1 0.0272937 0 0 0.0251398
0.02 0.1 0.0233038 0 0 0.0200529
0.015 0.1 0.0164328 0 0 0.0140877
0.01 0.1 0.0115497 0 0 0.0109814
0.005 0.1 0.00346418 0 0 0.00840077
0 0.1 0 0 0 0.00840077
0 0.095 0 0 0 0.0087396
0 0.09 0 0 0 0.00913681
0 0.085 0 0 0 0.0107768
0 0.08 0 0 0 0.0121844
0 0.075 0 0 0 0.0121844
0 0.07 0 0 0 0.0120295
0 0.065 0 0 0 0.00988393
0 0.06 0 0 0 0.00988393
0 0.055 0 1 0 0.008782
0 0.05 0 1 0 0.00851627
0 0.045 0 1 0 0.00759045
0 0.04 0 0 0 0.00778688
0 0.035 0 0 0 0.0083132
0 0.03 0 0 0 0.00816472
0 0.025 0 0 0 0.00839578
0 0.02 0 0 0 0.00754624
0 0.015 0 0 0 0.00714253
0 0.01 0 0 0 0.00714253
0 0.005 0 0 0 0.00658805
0.00447241 0.0874131 0.00637591 -0.00853816 0.00353381 0.0102074
0.00256 0.00353957 0.00388201 -0.00425325 -0.000995073 0.00656539
0.0974172 0.0964082 0.0412445 -0.000156751 0.00103252 0.00860327
0.0964604 0.00256 0.0421267 -1.67188e-005 -0.00036785 0.00853033
0.00238194 0.0976072 0.00346418 -0.00435023 0.00100176 0.00840077
0.0127849 0.0043896 0.0137569 -0.00647168 -0.00480447 0.0104153
0.00841917 0.00347932 0.00900224 -0.00632707 -0.00283712 0.00776887
0.095565 0.0127058 0.0422526 0.000149591 -0.00109841 0.0120683
0.0964778 0.00852734 0.0421802 3.54076e-005 -0.000812035 0.00957751
0.0231513 0.00368712 0.0230072 -0.00326149 -0.00628541 0.0187204
0.01796 0.00375851 0.019108 -0.00496175 -0.00535256 0.014562
0.015532 0.0251939 0.0191378 0.0918867 -0.0180395 0.0175747
0.0191958 0.023523 0.0228082 0.0760583 -0.0204024 0.0243162
0.0187153 0.0281514 0.0240665 0.135059 -0.0211479 0.0245186
0.0964601 0.0230029 0.0424628 0.000480999 -0.000984401 0.0198622
0.0962468 0.0178699 0.0423629 0.000335356 -0.00115964 0.0158821
0.0747361 0.0159631 0.0419195 0.000546577 -0.00415877 0.0419607
0.0766718 0.0192818 0.0421492 0.00124444 -0.00398542 0.0469954
0.0722885 0.01904 0.0419915 0.00174077 -0.00525029 0.0606631
0.0272087 0.00239815 0.025181 -0.0024184 -0.00505729 0.0211785
0.0309201 0.00344181 0.0272813 -0.00240912 -0.00715773 0.0244803
0.0273151 0.00550903 0.0257138 -0.00184085 -0.00976732 0.0231911
0.00796538 0.0491288 0.0207227 0.681393 0.00290007 0.00826648
0.0110744 0.0528307 0.0237942 0.525751 0.00815407 0.0108744
0.00670318 0.0530398 0.0161691 0.602832 0.00632244 0.00860986
0.0332769 0.013692 0.0316996 0.0142623 -0.0195558 0.0483963
0.0310268 0.0105883 0.0291463 0.00647912 -0.0167113 0.0355675
0.0346026 0.00967541 0.031399 0.00339474 -0.0154048 0.0390489
0.00300337 0.0134889 0.00402887 -0.000474673 -0.0029354 0.00714253
0.00506595 0.0100592 0.00608716 -0.0041484 -0.00348998 0.00722169
0.0756551 0.029422 0.0427091 0.00469351 -0.00378661 0.0945218
0.0792233 0.027711 0.0426118 0.00334602 -0.00325474 0.0705962
0.0780819 0.0315933 0.0427893 0.00466518 -0.0029517 0.0910576
0.0943956 0.0272441 0.0425233 0.00080606 -0.00100535 0.0240969
0.0926615 0.0309831 0.0425865 0.00130823 -0.000980806 0.0299822
0.0907561 0.0275749 0.042536 0.00129032 -0.00144124 0.0301899
0.0901909 0.0346583 0.0426615 0.0020748 -0.000889109 0.0394723
0.0892112 0.0309766 0.0426154 0.00189091 -0.0013749 0.038309
0.0865167 0.00303925 0.0420237 -0.000166848 -0.000558782 0.0110686
0.0899305 0.00507751 0.0420926 -0.00010313 -0.000705606 0.0101565
0.0962759 0.0391469 0.0426218 0.0014172 -7.56653e-006 0.0304995
0.0697948 0.00669028 0.0411623 -0.000936092 -0.00278631 0.0289536
0.0750534 0.00540153 0.0415647 -0.000697154 -0.00166885 0.0212715
0.0748956 0.01106 0.0417212 -0.000321956 -0.00324014 0.03015
0.0939618 0.0428392 0.0426306 0.00211769 0.000283737 0.0352006
0.0973333 0.0427043 0.0426041 0.0017478 0.000327237 0.0311115
0.0825327 0.00356626 0.0419427 -0.00028877 -0.000739592 0.0130628
0.078548 0.00330516 0.0417904 -0.000444434 -0.000884421 0.0160269
0.0620046 0.0055218 0.0403667 -0.00149321 -0.0035182 0.0338709
0.0652791 0.00446393 0.0407284 -0.00111225 -0.00247306 0.0302245
0.0642685 0.00860859 0.0406942 -0.00104016 -0.00474454 0.0388668
0.0824665 0.030027 0.0426752 0.00319169 -0.00243812 0.0638143
0.0394108 0.00363431 0.0325713 -0.00231701 -0.00682156 0.0323354
0.0058518 0.0251091 0.00721221 0.05594 -0.00793634 0.0088247
0.0112986 0.0239063 0.0137405 0.0702095 -0.0136417 0.0121843
0.00905501 0.0277984 0.0119318 0.108929 -0.0124471 0.0104569
0.0965421 0.0462939 0.0425768 0.00207158 0.000686387 0.032519
0.0602374 0.0112645 0.04034 -0.000406647 -0.00715718 0.0511482
0.0644835 0.0133983 0.0409836 0.000386036 -0.00682099 0.0553711
0.0973543 0.0615249 0.042176 0.00204398 0.00259593 0.0281598
0.0966422 0.0578627 0.0422797 0.00220993 0.00228573 0.0300656
0.069046 0.0176845 0.0417185 0.00162831 -0.0061952 0.0639778
0.0712847 0.0150357 0.0416833 0.000536074 -0.00505866 0.0482272
0.00345446 0.0175177 0.00442373 0.00643389 -0.00391255 0.00754624
0.00348997 0.0214972 0.00438941 0.0177083 -0.00458922 0.00790668
0.0434206 0.00533535 0.0345233 -0.00221139 -0.008389 0.0365468
0.0428716 0.00242364 0.0339198 -0.00206875 -0.0045416 0.0331419
0.0561464 0.00882334 0.0393701 -0.00141184 -0.00721988 0.0457206
0.0533474 0.00457687 0.0381706 -0.00230283 -0.00507489 0.0371578
0.05829 0.00403083 0.0397145 -0.00179353 -0.0034014 0.0345144
0.0825282 0.0696639 0.0420486 0.00274866 0.0043956 0.0561231
0.0856326 0.0715069 0.041938 0.00204267 0.00399937 0.041901
0.0823751 0.0726296 0.0418902 0.00220409 0.00458145 0.0506757
0.00582295 0.0379734 0.0121338 0.367621 -0.00879265 0.00802836
0.0051111 0.0342613 0.0085301 0.194089 -0.00843093 0.00840148
0.00877978 0.036083 0.0149998 0.304597 -0.0119531 0.00906454
0.0332698 0.022241 0.0345297 0.0450516 -0.0240136 0.0784853
0.0299083 0.0244369 0.0332507 0.0673939 -0.025243 0.0675523
0.028224 0.0208593 0.0307507 0.0472065 -0.0235559 0.0513971
0.0887278 0.0610411 0.0423206 0.00291583 0.00285948 0.0453205
0.0907154 0.0650917 0.0421465 0.00227864 0.00306565 0.035494
0.086503 0.0649858 0.0422195 0.00287816 0.00344823 0.0490803
0.0621152 0.00286001 0.0404087 -0.00116938 -0.00201065 0.0307206
0.0459507 0.00280405 0.0350867 -0.00216678 -0.00475486 0.0344259
0.0131027 0.0344262 0.0198295 0.261208 -0.0158786 0.0125715
0.011204 0.0381221 0.0197216 0.380133 -0.0128286 0.00966907
0.0167766 0.0318075 0.0231028 0.198663 -0.0194811 0.0188968
0.0133839 0.0288861 0.017717 0.143926 -0.0167759 0.0143463
0.0403732 0.0913366 0.0331511 -0.00514108 0.0108367 0.0446849
0.044335 0.0939135 0.0341676 -0.00477765 0.00770683 0.0404356
0.0402342 0.0957126 0.0323722 -0.00481902 0.00601969 0.0347303
0.00289272 0.0378727 0.00657337 0.306917 -0.00524282 0.00778688
0.00408592 0.0417067 0.0123813 0.631162 -0.00478012 0.00759045
0.0950646 0.0647221 0.0421113 0.00195807 0.0028103 0.0281554
0.0921778 0.0616186 0.0422373 0.0023825 0.00269994 0.0344794
0.0329965 0.0969405 0.0292627 -0.00518576 0.00404178 0.028305
0.0359633 0.0941456 0.030823 -0.00636199 0.0076352 0.0336804
0.0369214 0.0973654 0.030915 -0.00419116 0.00400527 0.0308428
0.00250092 0.0569438 0.00576283 0.340084 0.00465842 0.00901625
0.00315217 0.0535864 0.00934112 0.642262 0.0041242 0.00851627
0.0049815 0.0560931 0.0106586 0.449865 0.0068668 0.00894799
0.095866 0.0827474 0.0414478 0.000230011 0.0025941 0.0129057
0.0964367 0.0783855 0.0415935 0.000613837 0.00287373 0.0157875
0.0386573 0.0861702 0.0333684 -0.000686057 0.0158724 0.0612124
0.0429772 0.0846886 0.0353911 0.00105476 0.0162137 0.0757278
0.0426567 0.0878239 0.0346487 -0.00274447 0.0138016 0.0595522
0.0932258 0.0697828 0.0419518 0.00161432 0.00312618 0.0263383
0.0946371 0.07473 0.0417524 0.00104434 0.00309205 0.0203276
0.089554 0.0738932 0.0417995 0.00134205 0.00353101 0.0283947
0.0970191 0.0867246 0.041364 1.29912e-005 0.00224938 0.0107402
0.095234 0.089893 0.0412898 -0.000142285 0.0019224 0.010055
0.00437094 0.0600395 0.00687272 0.235228 0.00687926 0.00988393
0.00561171 0.0649562 0.00720993 0.114949 0.00814726 0.0120823
0.0942154 0.0862276 0.041352 -1.19646e-005 0.00236387 0.0116737
0.0479495 0.0964612 0.0350344 -0.00362773 0.00484936 0.0378554
0.0435037 0.0972175 0.0332971 -0.00355853 0.00431429 0.03485
0.0851127 0.0753505 0.0417305 0.00139999 0.00415123 0.0365845
0.0802988 0.0760908 0.0416509 0.00158934 0.0049832 0.0488764
0.0195127 0.0915991 0.0202839 -0.0112061 0.00686913 0.0185866
0.0231912 0.0930701 0.0234652 -0.0101727 0.00628791 0.0218405
0.0206569 0.0943152 0.0217059 -0.0108617 0.0046516 0.0187882
0.0903486 0.0954747 0.0410944 -0.000339305 0.00123902 0.0109024
0.0946053 0.0944584 0.0412183 -0.000226057 0.0012937 0.00917065
0.0865886 0.0969786 0.0409411 -0.000389184 0.00100342 0.012733
0.0810725 0.0919109 0.0408464 -0.000764136 0.00251482 0.0181746
0.0825644 0.0962798 0.040794 -0.000573281 0.00134271 0.0152368
0.0774802 0.0955982 0.0404732 -0.000888402 0.00190511 0.0201957
0.084643 0.0888865 0.0410878 -0.000460361 0.00275824 0.0172245
0.0801208 0.0872204 0.0410013 -0.000520884 0.00364781 0.0244687
0.0652115 0.0966771 0.0393005 -0.00155985 0.00240369 0.0307523
0.0610973 0.0943457 0.0387228 -0.0025666 0.00440442 0.0368931
0.0587776 0.0870231 0.0390302 -0.00163984 0.00919909 0.0619183
0.0633486 0.086782 0.0397453 -0.00133281 0.00776914 0.0561495
0.0611855 0.0901683 0.0390708 -0.00252421 0.00674132 0.0459467
0.0566477 0.0961313 0.0376576 -0.00279367 0.00393687 0.0376128
0.0525385 0.0968422 0.0365271 -0.00304417 0.00396074 0.0380757
0.0539556 0.094075 0.0370789 -0.00370718 0.00606551 0.0415296
0.0148211 0.054799 0.0281169 0.417343 0.0124562 0.0179329
0.0151628 0.0507962 0.0304927 0.479433 0.00592326 0.0171604
0.0189725 0.0537974 0.0331338 0.372743 0.0120428 0.0318806
0.0178948 0.0958187 0.0195347 -0.0103273 0.00355514 0.0163341
0.0222317 0.0965142 0.0233038 -0.00846501 0.00319266 0.0200529
0.00887085 0.0610978 0.0138238 0.246355 0.0123051 0.0128708
0.012211 0.0577716 0.0220584 0.363803 0.0139756 0.01476
0.0135558 0.0622684 0.0206474 0.230042 0.0173747 0.0202704
0.0140748 0.0715785 0.0174745 0.073722 0.0169155 0.0240807
0.0112023 0.0692102 0.0145151 0.09211 0.0144119 0.0188958
0.0149757 0.0671527 0.0200731 0.135123 0.0189819 0.0261604
0.0123896 0.0954372 0.0137623 -0.0110818 0.00366912 0.0121538
0.0155444 0.0927335 0.0173206 -0.0125301 0.00585629 0.0150684
0.00250756 0.072792 0.00354791 0.0134991 0.00337793 0.0120413
0.00344776 0.0691236 0.00447177 0.0383298 0.00486695 0.0120181
0.00575746 0.0728544 0.00740268 0.0281284 0.00700817 0.0133965
0.0406101 0.0698863 0.038603 0.0493764 0.0231641 0.189288
0.0464119 0.0681578 0.0406241 0.0399487 0.0195981 0.254288
0.0438925 0.0724901 0.0386273 0.0303502 0.0213972 0.173759
0.0035661 0.0769646 0.00512942 0.00674903 0.00428576 0.0121844
0.00376064 0.0821437 0.00540897 -0.00284633 0.003799 0.0112833
0.0276826 0.0765759 0.0293439 0.0372796 0.0235723 0.0663087
0.0305137 0.081341 0.0299363 0.0125393 0.0202292 0.0595142
0.0260492 0.081328 0.026489 0.0134355 0.0193075 0.0452671
0.003392 0.0919198 0.00518006 -0.00871123 0.00236113 0.00913681
0.0918006 0.0568457 0.0423901 0.00269995 0.00221319 0.0388807
0.0958924 0.0534194 0.042423 0.00232075 0.00169452 0.0323514
0.00872347 0.0442712 0.0217836 0.628696 -0.0045918 0.00813918
0.00424434 0.0467115 0.0146279 0.821729 -0.000326696 0.00768818
0.0518158 0.00852089 0.0380657 -0.00151713 -0.0088524 0.0459357
0.0479065 0.0114209 0.0374839 0.0012797 -0.0126243 0.0565261
0.0482109 0.00597719 0.0364933 -0.00208641 -0.0078386 0.03976
0.0851203 0.00655249 0.0420293 -0.000217661 -0.00103094 0.012712
0.00794468 0.0965439 0.00921933 -0.00905305 0.00262164 0.00974665
0.0730592 0.0967472 0.0400695 -0.00102223 0.00185951 0.0242557
0.0920135 0.0513372 0.0425381 0.00275475 0.00141215 0.0401198
0.0886505 0.0481464 0.0426723 0.00336346 0.000937647 0.0525166
0.0926058 0.0470178 0.0426046 0.00255764 0.000810275 0.0388027
0.00649642 0.0148678 0.00738855 0.00405581 -0.00577279 0.00810331
0.0487955 0.0271687 0.0414776 0.0302682 -0.0170602 0.199749
0.0455767 0.0238366 0.0400129 0.0270683 -0.0192391 0.146453
0.0499163 0.0231429 0.0405996 0.0183775 -0.0165967 0.1449
0.0478669 0.0582075 0.0434597 0.0650437 0.0130116 0.533121
0.0457658 0.0626467 0.0421839 0.0610282 0.0174533 0.369567
0.0438758 0.0593052 0.0429158 0.0821317 0.0156966 0.436262
0.0954175 0.0496677 0.042523 0.00230787 0.00116244 0.0336101
0.0745785 0.0458069 0.0432626 0.00932012 -0.000308015 0.172865
0.0766159 0.0494223 0.0431135 0.00798641 0.000872142 0.146028
0.072937 0.0494529 0.0433427 0.0108374 0.00077295 0.201967
0.0044491 0.0504713 0.0139995 0.773877 0.00302977 0.00805936
0.030565 0.0466251 0.0428272 0.230819 1.78427e-005 0.16662
0.0282123 0.0502294 0.0413678 0.262417 0.00699941 0.125702
0.0268113 0.0463475 0.0407724 0.291593 -0.00196648 0.0877879
0.0545495 0.0387553 0.0438775 0.0377591 -0.00743686 0.468845
0.0591059 0.0378218 0.0437112 0.0261275 -0.00624698 0.38352
0.0579841 0.0419195 0.0441151 0.0328227 -0.00351731 0.519208
0.0405952 0.0493968 0.044407 0.119262 0.00473267 0.591271
0.0362689 0.0507684 0.0438699 0.156957 0.0075469 0.345307
0.0367905 0.0478682 0.0442526 0.153298 0.00300168 0.368103
0.0579471 0.0690948 0.0418516 0.0173537 0.0131248 0.239248
0.0559838 0.0649124 0.0425377 0.0283159 0.013234 0.33416
0.0608385 0.0655295 0.0426254 0.0186347 0.0107284 0.279335
0.0538312 0.0474222 0.0444845 0.0497803 0.00062501 1
0.0495925 0.0494008 0.0445557 0.066947 0.00333974 1
0.0502734 0.045168 0.0445567 0.0606739 -0.00191687 1
0.0439054 0.0356447 0.0431654 0.0692196 -0.0150449 0.328995
0.0422348 0.0386512 0.0437264 0.0867086 -0.0127979 0.370775
0.0409462 0.035439 0.0428469 0.0835941 -0.0166749 0.283794
0.0418897 0.0536847 0.0440842 0.103991 0.0100301 0.581957
0.0406619 0.0575687 0.0430751 0.106634 0.0146758 0.418831
0.0373826 0.0543515 0.0433607 0.141967 0.0118967 0.36001
0.0668673 0.0605436 0.04305 0.0143607 0.00697777 0.252891
0.0660001 0.0651889 0.0426512 0.0125849 0.00844436 0.219878
0.0629875 0.061354 0.0430292 0.0187397 0.0087463 0.301745
0.0683364 0.0859871 0.0403486 -0.000871553 0.00646446 0.0487914
0.0647644 0.0833113 0.0402807 4.84324e-005 0.0084346 0.0685461
0.0677501 0.081277 0.0407551 0.00083326 0.00789266 0.0706458
0.0352674 0.0639527 0.0389265 0.102978 0.0236568 0.198923
0.0342977 0.0679529 0.0369562 0.078444 0.025505 0.157223
0.0311916 0.0658612 0.0364582 0.102354 0.0256838 0.144422
0.0562415 0.0595303 0.0433973 0.0358819 0.0106038 0.462614
0.0606579 0.0590472 0.0433411 0.0254313 0.00882508 0.38774
0.0593616 0.062024 0.0430508 0.0246186 0.0103942 0.352129
0.061729 0.0293209 0.0426347 0.0132405 -0.0090802 0.193666
0.058452 0.0254011 0.0419902 0.012409 -0.0113851 0.161947
0.0629231 0.025743 0.0422322 0.00917082 -0.00919499 0.146964
0.0946079 0.0605148 0.0422351 0.00222883 0.00252725 0.0309113
0.070713 0.0621099 0.0427973 0.00969998 0.00598591 0.179731
0.0743412 0.0584498 0.0429023 0.00838077 0.00416793 0.155896
0.0739919 0.0618169 0.0427253 0.00771113 0.00506993 0.145823
0.02966 0.037994 0.0401128 0.200785 -0.0181686 0.104622
0.025472 0.0414024 0.0386385 0.285031 -0.0130314 0.0623395
0.0259782 0.0368559 0.036983 0.227526 -0.0199217 0.0628104
0.00452776 0.0954288 0.00612481 -0.00825864 0.00229608 0.00897506
0.00812658 0.0916129 0.00994403 -0.0114887 0.0047829 0.0107449
0.00799073 0.0875019 0.0102059 -0.0103196 0.0059361 0.0116559
0.00248576 0.00680997 0.00361748 -0.00480446 -0.00142799 0.00661167
0.00939285 0.00779908 0.0105662 -0.00598473 -0.00534532 0.00867893
0.0127691 0.00791016 0.0141456 -0.00540077 -0.00723642 0.0108393
0.09319 0.00248576 0.0421059 -4.31279e-005 -0.000374156 0.00893028
0.0921342 0.00947103 0.0421785 2.18482e-005 -0.0010639 0.0112098
0.0919971 0.0128103 0.042234 0.000138161 -0.00130112 0.013277
0.0974869 0.0931274 0.0412722 -0.000152189 0.00148433 0.00895508
0.0921574 0.0916891 0.0412063 -0.000286095 0.00178691 0.0105675
0.0475857 0.0732394 0.0393027 0.0211015 0.0190228 0.177067
0.049221 0.0773171 0.0387295 0.0107535 0.0172163 0.135968
0.0446354 0.0768512 0.0376984 0.0162227 0.0198006 0.133547
0.0528389 0.0630842 0.0427256 0.0397642 0.0142265 0.396646
0.03236 0.0570232 0.0413303 0.171344 0.0166604 0.213454
0.0337758 0.052999 0.0430114 0.177775 0.0109139 0.261635
0.0199051 0.0669914 0.0260297 0.135288 0.0232893 0.0435431
0.0181402 0.0705413 0.022535 0.0931788 0.0213177 0.035208
0.0350137 0.0054052 0.0305297 -0.00186034 -0.009964 0.0309824
0.037724 0.0290111 0.0397107 0.0713439 -0.022853 0.155321
0.0331357 0.027319 0.0369073 0.0789752 -0.0249814 0.105254
0.0365427 0.0251721 0.0377935 0.0542026 -0.0240724 0.118095
0.094571 0.0350387 0.0426212 0.00130954 -0.000464059 0.0301341
0.0730084 0.0334489 0.0429957 0.00761686 -0.00362431 0.142808
0.0719118 0.0280882 0.0426376 0.00561801 -0.00505722 0.112006
0.0309712 0.0933957 0.028156 -0.00786892 0.00785539 0.0296441
0.040481 0.0743248 0.0370373 0.0285813 0.0225707 0.140836
0.0401042 0.0785011 0.0357104 0.0147529 0.0208431 0.106175
0.0365749 0.0758863 0.0349204 0.0271705 0.0233173 0.10999
0.0505943 0.0410199 0.0442293 0.053376 -0.00664225 0.582137
0.0473337 0.0428691 0.0444847 0.0699177 -0.00524373 0.655229
0.0466624 0.0388952 0.0439373 0.0655751 -0.0105286 0.458597
0.0425701 0.0313564 0.0417917 0.0604124 -0.0187619 0.234303
0.0540798 0.0433677 0.0443427 0.0448174 -0.00331368 0.660024
0.0704923 0.0387382 0.0433532 0.0114664 -0.00261014 0.210999
0.0726831 0.0423085 0.0433363 0.0103831 -0.0012486 0.193242
0.0685109 0.0432751 0.043593 0.0146553 -0.0013736 0.270061
0.0749158 0.0751536 0.0416461 0.00247829 0.00627674 0.0721848
0.0766004 0.0791797 0.0413544 0.000954475 0.00553786 0.0496133
0.0792255 0.023207 0.0423985 0.00209345 -0.0034868 0.0536703
0.0739277 0.0231693 0.0423145 0.00298033 -0.00489296 0.0737448
0.0232831 0.0208785 0.0264031 0.0521811 -0.0218135 0.0345763
0.0232461 0.0262317 0.0284781 0.103897 -0.0238167 0.0395991
0.0732961 0.0935284 0.0402567 -0.00131572 0.00295925 0.0252505
0.0701325 0.0789949 0.0411347 0.00158743 0.00746152 0.0735431
0.072882 0.0823495 0.0409674 0.000208046 0.00607834 0.0502188
0.0454167 0.051481 0.0444244 0.0836905 0.00671933 1
0.0272739 0.0639245 0.0351497 0.143441 0.0247317 0.111186
0.0279453 0.0684014 0.0328671 0.0916091 0.026315 0.0981055
0.0568282 0.0914548 0.0380586 -0.00321728 0.0071183 0.046081
0.0537718 0.0869804 0.0380304 -0.00145753 0.0111278 0.0682337
0.0570337 0.0543361 0.0440318 0.0395737 0.00662196 0.619368
0.0599685 0.0564134 0.0437291 0.0308656 0.00733055 0.48181
0.0533151 0.0769998 0.039631 0.00848263 0.0152776 0.140727
0.0546851 0.0727393 0.0407411 0.0145773 0.0151838 0.191782
0.0567362 0.0761918 0.0403742 0.00750751 0.0135529 0.143553
0.0677844 0.0354647 0.043268 0.0124313 -0.00446311 0.220065
0.0506472 0.0188527 0.0397234 0.00952312 -0.0151306 0.101905
0.0547529 0.0191589 0.0404938 0.00689006 -0.0128145 0.102236
0.054189 0.022393 0.0410622 0.0118083 -0.0136868 0.134533
0.0672226 0.0730983 0.0416838 0.00577881 0.00894559 0.12958
0.0717488 0.0712367 0.0419898 0.00510999 0.00718213 0.112745
0.0705902 0.0756979 0.0414874 0.00301994 0.00757204 0.0892812
0.0807451 0.0506203 0.0428863 0.0058308 0.00138993 0.102022
0.0806892 0.0547335 0.0427607 0.00554994 0.00248178 0.09715
0.0774151 0.0541096 0.0429381 0.0072164 0.0025399 0.1311
0.0346058 0.0312163 0.0395787 0.100355 -0.0231998 0.142796
0.019121 0.04883 0.034478 0.426267 0.00211245 0.0261813
0.0190793 0.0452665 0.0339711 0.424208 -0.00550709 0.022727
0.0224118 0.0457865 0.0372537 0.364315 -0.00434931 0.0404218
0.0119758 0.0478132 0.0268086 0.578487 0.000560085 0.0103059
0.0169436 0.058629 0.0280463 0.305388 0.017731 0.0273685
0.0207953 0.0574203 0.0329191 0.295042 0.0179963 0.0437607
0.0880069 0.0526805 0.0426043 0.00352975 0.00166709 0.0547407
0.0849227 0.0493053 0.042758 0.00433888 0.00110999 0.0715069
0.0820098 0.0459547 0.0429056 0.00532268 0.000399246 0.0923526
0.085882 0.04571 0.0427783 0.00400785 0.000476325 0.0660497
0.0526361 0.0122109 0.0388999 0.000893801 -0.0110629 0.0602756
0.0426513 0.012308 0.0359664 0.00440259 -0.0156608 0.0575905
0.0458402 0.0162986 0.0380236 0.00906981 -0.0166372 0.0813071
0.0239969 0.0784139 0.0256187 0.028856 0.0212534 0.0463961
0.0129064 0.0755199 0.0154675 0.036716 0.0142174 0.0208996
0.0104503 0.0789826 0.0127309 0.0129539 0.0103972 0.0164893
0.0100962 0.0758776 0.0125497 0.0268131 0.0112763 0.017051
0.0883637 0.0243979 0.0424696 0.00122998 -0.00187179 0.0307743
0.0848379 0.0213234 0.042375 0.00111674 -0.00239281 0.0327457
0.089822 0.0205547 0.0423802 0.000695297 -0.00172325 0.02275
0.096572 0.0309044 0.0425686 0.000685503 -0.000548106 0.0246296
0.0975642 0.0272045 0.0425305 0.000427313 -0.000585353 0.0220489
0.032482 0.0769549 0.0324024 0.0284923 0.0235836 0.0850602
0.0290592 0.0970975 0.0272937 -0.00593306 0.00341733 0.0251398
0.0263283 0.0951514 0.0256773 -0.00822485 0.00496529 0.0237095
0.0308573 0.0175772 0.0312036 0.0263084 -0.0218313 0.051379
0.024174 0.0132227 0.0253632 0.0127562 -0.0173622 0.0284303
0.0211525 0.0104597 0.0222184 0.00355329 -0.0133715 0.0206694
0.0250852 0.0106338 0.0255293 0.00511552 -0.0153743 0.0268635
0.0436211 0.0811597 0.0363705 0.00697769 0.0182741 0.098781
0.0402359 0.0621477 0.0412069 0.0891464 0.0202181 0.296481
0.036167 0.05949 0.0413576 0.125508 0.019049 0.271111
0.00824524 0.0399433 0.0174688 0.470565 -0.0096522 0.00815968
0.00297967 0.0282515 0.00407142 0.059504 -0.00502821 0.00815145
0.00280448 0.0314417 0.00455308 0.0976162 -0.00543602 0.00816472
0.0600703 0.00764565 0.0401062 -0.00154211 -0.00520283 0.0396969
0.0717248 0.00305437 0.0412346 -0.000728958 -0.00135 0.0240036
0.0684054 0.00285474 0.0409478 -0.000808445 -0.00152386 0.026975
0.0969496 0.071612 0.0418706 0.00131654 0.00300416 0.0216647
0.097048 0.0682234 0.0419836 0.00160034 0.0029316 0.0240854
0.072933 0.0868115 0.0406289 -0.000893476 0.00507789 0.0366919
0.0697073 0.0947218 0.0399015 -0.00148933 0.00292797 0.0282476
0.0710253 0.0902705 0.0402526 -0.001448 0.00439719 0.0323792
0.069714 0.0242598 0.0422824 0.00442416 -0.00624157 0.0965481
0.0667467 0.0477937 0.0437698 0.018042 0.000193898 0.332101
0.0707615 0.0467484 0.0434943 0.0127287 -0.000220396 0.237417
0.0366798 0.0179798 0.0348354 0.0216015 -0.0213802 0.071428
0.0379622 0.0222597 0.0370596 0.0364651 -0.0229933 0.103191
0.0410624 0.0255133 0.03941 0.0436014 -0.0218401 0.14567
0.0450044 0.0275333 0.0410132 0.0390874 -0.0192411 0.191229
0.0171459 0.0745432 0.0200576 0.0512291 0.0186698 0.0299566
0.0780998 0.0704656 0.0420415 0.00351646 0.00538531 0.0772234
0.056613 0.0799997 0.0397233 0.00348393 0.01277 0.109328
0.0599425 0.0779577 0.0405239 0.00438405 0.0115767 0.118925
0.0475421 0.0809262 0.0376306 0.00653956 0.0169166 0.108236
0.0505542 0.0371436 0.0436451 0.0463208 -0.010522 0.425325
0.0646264 0.0442626 0.0438646 0.0206635 -0.00125119 0.371484
0.0627559 0.0485162 0.0440296 0.0254088 0.000879638 0.455565
0.0581145 0.0492777 0.0442836 0.0378499 0.00193767 0.667254
0.0613695 0.0527954 0.0440034 0.0292971 0.00404515 0.505764
0.00758075 0.0691185 0.00972293 0.0727836 0.00994954 0.0145593
0.0102706 0.0656629 0.0140156 0.144691 0.0138975 0.016488
0.0846688 0.0420358 0.0428265 0.0041496 -0.00023472 0.0711036
0.0805646 0.0417365 0.0429654 0.00562643 -0.00060043 0.100756
0.0858432 0.033292 0.0427064 0.00290032 -0.00157005 0.0547759
0.0874572 0.0381746 0.0427395 0.00302313 -0.000703523 0.0529964
0.0500043 0.0148613 0.0387811 0.00438983 -0.0138662 0.0743956
0.0379556 0.0129843 0.0341759 0.00858401 -0.0179082 0.0545643
0.0760702 0.0859031 0.040889 -0.000553069 0.00462838 0.0330814
0.0782872 0.0831278 0.0411447 3.74637e-006 0.00467998 0.0348254
0.0742167 0.067821 0.0422833 0.00560845 0.00612454 0.114298
0.0805651 0.0188687 0.0422309 0.000916318 -0.00309022 0.0362495
0.0712105 0.0218921 0.0421624 0.00303804 -0.00573235 0.0779465
0.018892 0.0194584 0.021409 0.0421435 -0.0183139 0.0219678
0.0244707 0.0305719 0.0317695 0.153086 -0.024167 0.0475986
0.0218893 0.0292645 0.0283375 0.144974 -0.0233833 0.034669
0.0801537 0.00755803 0.0419016 -0.000399865 -0.00155821 0.0172134
0.0842106 0.0106022 0.0420799 -0.000111905 -0.00166929 0.0164662
0.0802239 0.0120723 0.0420024 -0.000122034 -0.00235971 0.0226041
0.0877666 0.0779155 0.0416065 0.000824069 0.00366423 0.0261031
0.0842679 0.0793049 0.0414976 0.000686503 0.00410799 0.0310701
0.00758684 0.0197148 0.00894861 0.0252144 -0.00846207 0.00923399
0.0105613 0.0157136 0.0120293 0.0118864 -0.00967437 0.01056
0.0121745 0.0194179 0.0140653 0.0336153 -0.0126553 0.012499
0.0199066 0.0871608 0.0200433 -0.00644615 0.0110171 0.0216843
0.0164497 0.0843406 0.0179467 -0.000808306 0.0119215 0.020525
0.0202823 0.0837036 0.020854 0.00141185 0.0144137 0.0261133
0.0204667 0.0775366 0.02265 0.0323975 0.0196691 0.036502
0.0235912 0.0754007 0.0260934 0.045711 0.0227651 0.050449
0.0328422 0.0494236 0.0433823 0.192303 0.00585451 0.252124
0.0348325 0.0445372 0.044051 0.169639 -0.00392116 0.274279
0.0375424 0.0340443 0.0417269 0.099926 -0.0196823 0.206452
0.0349112 0.0389954 0.0428102 0.149355 -0.0150996 0.205441
0.0327679 0.0344734 0.0401217 0.136296 -0.0216864 0.136157
0.0738472 0.0645044 0.0425454 0.00693331 0.00565763 0.13392
0.0691131 0.0518531 0.0435422 0.0148522 0.00205717 0.274787
0.0282467 0.0334158 0.036844 0.163271 -0.0232874 0.0802831
0.0263232 0.0542829 0.0390613 0.270937 0.0131911 0.0951437
0.0303241 0.0535214 0.0417315 0.218948 0.0116692 0.17285
0.0285191 0.0567346 0.0396952 0.21871 0.0166593 0.134214
0.0665598 0.0279433 0.0425788 0.00837853 -0.00713908 0.148189
0.0517474 0.0315315 0.0426894 0.034547 -0.0136792 0.284971
0.047147 0.0303087 0.0420631 0.0416098 -0.0169601 0.245102
0.0380789 0.066531 0.0389904 0.0755683 0.0237573 0.205397
0.042075 0.0658548 0.0403967 0.0633801 0.0216952 0.254289
0.05232 0.0815364 0.0386011 0.00341594 0.0143904 0.102233
0.0564873 0.0837207 0.0391176 0.00048427 0.011728 0.08396
0.0401677 0.082307 0.0348228 0.00556887 0.0186092 0.0830187
0.0318068 0.061817 0.0389441 0.134576 0.0227364 0.180429
0.0289186 0.0597631 0.0385974 0.177986 0.0209975 0.143076
0.0156376 0.0791968 0.0177592 0.018886 0.0148034 0.023546
0.00980679 0.0729009 0.0123383 0.0454346 0.0117836 0.0172372
0.00763578 0.0762269 0.00979208 0.0184381 0.00852144 0.0144989
0.0630123 0.0700029 0.0420063 0.0111471 0.0104711 0.194953
0.0633923 0.075251 0.0411873 0.00558739 0.010496 0.130941
0.0541468 0.068755 0.0415779 0.0238673 0.0154048 0.262702
0.0688634 0.0207136 0.0419735 0.00306311 -0.00652508 0.0803512
0.0579116 0.021049 0.041209 0.00756497 -0.0115975 0.116961
0.0617934 0.0221468 0.0417359 0.00718631 -0.00989702 0.121452
0.0814579 0.0655538 0.0422943 0.00384817 0.00418839 0.0723296
0.077066 0.0622037 0.0426183 0.00632701 0.00453849 0.11895
0.0769375 0.0661097 0.042366 0.00522333 0.00524824 0.103082
0.0209121 0.0323445 0.0288052 0.195743 -0.0220271 0.0309601
0.0184448 0.0391806 0.0306495 0.350398 -0.0152501 0.021073
0.0207583 0.0419389 0.0345861 0.363448 -0.0116597 0.0293648
0.0170712 0.0426167 0.0309992 0.432852 -0.00968647 0.0168413
0.0759553 0.0900395 0.0406349 -0.00103984 0.00364272 0.0260486
0.0569658 0.030195 0.0426896 0.0210664 -0.0112862 0.239201
0.0603985 0.0336345 0.0432156 0.019654 -0.00810593 0.277327
0.0687955 0.0315726 0.0429571 0.0094197 -0.00540564 0.169847
0.0304398 0.0426072 0.0422703 0.226051 -0.00951601 0.13625
0.0280882 0.0280882 0.0338117 0.104054 -0.0253431 0.0686974
0.0315135 0.0309169 0.0378361 0.115304 -0.0245163 0.107312
0.020875 0.0155242 0.0226681 0.0206442 -0.0171291 0.0237724
0.0258604 0.0167379 0.0274403 0.0255525 -0.0205511 0.0363581
0.0277395 0.00901726 0.0266905 0.00282836 -0.0144405 0.0279691
0.0240763 0.00752579 0.0240907 -0.000415013 -0.0117664 0.0220829
0.0831267 0.0259035 0.0425239 0.00212256 -0.00258697 0.0478729
0.0923599 0.0237951 0.0424593 0.000801417 -0.00139677 0.0234094
0.084018 0.0535079 0.0426848 0.00448525 0.0019985 0.0745514
0.086636 0.0569405 0.0425183 0.00367038 0.00243229 0.0585118
0.082388 0.0575113 0.042628 0.00476973 0.0028062 0.0819355
0.0536268 0.0160687 0.0397315 0.00419751 -0.0124892 0.080511
0.0566276 0.0135138 0.0399909 0.00112535 -0.00967532 0.0642628
0.05739 0.0174312 0.0405749 0.00415682 -0.0110622 0.0876641
0.015954 0.0464795 0.0311092 0.489309 -0.00263028 0.0152411
0.0133136 0.0435544 0.0270696 0.512925 -0.00727665 0.0108815
0.0126411 0.0912371 0.0146766 -0.0125077 0.0066057 0.0135889
0.0114937 0.087124 0.0139453 -0.00867993 0.00808582 0.0145011
0.0159045 0.0890962 0.0176081 -0.0101993 0.00839023 0.0169422
0.0154656 0.0165805 0.0173493 0.0220542 -0.0140074 0.0156182
0.0129697 0.0116086 0.0144428 0.00139855 -0.00933947 0.0117038
0.00548729 0.0052812 0.00657379 -0.00635076 -0.00244673 0.00697414
0.0878644 0.0860396 0.0412631 -0.000151679 0.00284383 0.016377
0.0879214 0.0816852 0.041436 0.000308031 0.00337099 0.021034
0.0915032 0.0838699 0.0413883 0.000103222 0.00277994 0.0149389
0.0834965 0.0155186 0.0421802 0.000330186 -0.0023207 0.0242116
0.0883652 0.0129663 0.0421984 0.000122428 -0.00157199 0.0157217
0.0946897 0.00545991 0.0421404 -2.23683e-005 -0.000639535 0.00895129
0.0786621 0.0579849 0.0427451 0.00615648 0.00334166 0.111328
0.0891582 0.0431079 0.0427093 0.00302909 0.000175316 0.0494006
0.0422201 0.0201434 0.0379335 0.0220226 -0.0202591 0.102385
0.0468122 0.0203629 0.039299 0.0162656 -0.017907 0.112871
0.0331346 0.0856705 0.0304858 -0.000500971 0.0164048 0.0507256
0.0278223 0.0861687 0.0269535 -0.00245995 0.0149151 0.0378583
0.0311342 0.069304 0.0347269 0.0758266 0.0263706 0.1222
0.0334836 0.0723781 0.0346444 0.0506094 0.0254037 0.118288
0.0292504 0.0722656 0.0320848 0.0589236 0.0257628 0.0912144
0.0830453 0.0377734 0.0428415 0.00424242 -0.00123519 0.0765619
0.0782834 0.0453763 0.0430688 0.00698424 1.51543e-005 0.126328
0.0765951 0.0418026 0.0431338 0.00762049 -0.000881376 0.140341
0.024088 0.0674383 0.0299241 0.117623 0.0254043 0.0670293
0.0225371 0.0636583 0.0307272 0.178608 0.0237455 0.0590909
0.0180631 0.0632966 0.0261303 0.200946 0.021373 0.0348445
0.0525484 0.0563254 0.0438361 0.0503615 0.00977564 0.620557
0.0730242 0.0782751 0.0413205 0.00153577 0.00662655 0.0656125
0.0350293 0.0900808 0.0308631 -0.00568477 0.0122458 0.0415842
0.0359321 0.0809622 0.0331826 0.0108674 0.0203456 0.0780777
0.0282553 0.0132502 0.0282155 0.0138434 -0.0187056 0.0362902
0.030853 0.0893002 0.0284367 -0.00616591 0.0125843 0.0367661
0.0272468 0.0910734 0.0260074 -0.00848598 0.00958612 0.0282323
0.0507581 0.0606073 0.0430888 0.0492221 0.0137041 0.459206
0.0809572 0.0341358 0.0428258 0.00443493 -0.00214436 0.0837225
0.0748077 0.0381877 0.0431421 0.0080366 -0.00204475 0.149603
0.0771672 0.0349688 0.0429459 0.00592803 -0.0025032 0.111795
0.0592264 0.0734991 0.0411329 0.00944809 0.0125407 0.16684
0.0638596 0.0796431 0.0406243 0.00214041 0.0096535 0.0928509
0.0605871 0.082831 0.0399032 0.000657163 0.0101784 0.0821967
0.04766 0.0341824 0.0430321 0.0503255 -0.0141798 0.331928
0.0456109 0.0467145 0.0446687 0.0835236 7.00369e-005 1
0.043274 0.0427647 0.0444928 0.0915079 -0.00614119 0.544481
0.0634843 0.0367773 0.0434957 0.0180379 -0.00525964 0.295806
0.0918554 0.0387644 0.0426675 0.00212169 -0.000283488 0.0380192
0.0234902 0.0889992 0.023209 -0.00819533 0.0105159 0.0253961
0.00665513 0.0796269 0.00866062 0.00412003 0.00674621 0.0130366
0.093467 0.0202459 0.0423936 0.00050662 -0.00134957 0.0188729
0.0204992 0.0066184 0.0212567 -0.0030346 -0.00940687 0.0174662
0.0886157 0.0689424 0.0420299 0.00211002 0.00351007 0.0373395
0.0850754 0.0681633 0.0421004 0.00263647 0.00389275 0.0492661
0.0688002 0.0115952 0.0413038 -0.000295963 -0.00490534 0.0420112
0.0677676 0.0151787 0.0414369 0.000802346 -0.0062067 0.0564663
0.00919789 0.0317293 0.0132903 0.179056 -0.0128451 0.0102704
0.0734372 0.053447 0.0431989 0.0100841 0.00253777 0.187189
0.0697968 0.0572131 0.043207 0.0126337 0.00471013 0.231482
0.0533813 0.0266593 0.041866 0.0207789 -0.0142221 0.192097
0.0508037 0.0705712 0.0406962 0.0238527 0.0174076 0.228638
0.0516055 0.0666209 0.041845 0.0332642 0.0162155 0.310946
0.0510004 0.0741312 0.0398189 0.0152199 0.0171128 0.173953
0.0835166 0.0838266 0.0412575 -1.7003e-005 0.00370073 0.0245649
0.00891635 0.0120719 0.0100924 -0.000331629 -0.00679752 0.00890197
0.0879039 0.00894538 0.0421153 -9.01463e-005 -0.0012204 0.012682
0.0656519 0.0911077 0.0396536 -0.00199949 0.0051476 0.0383632
0.0670903 0.077305 0.0411506 0.00296481 0.00875318 0.0964876
0.0490312 0.0538342 0.044181 0.0667539 0.00849076 1
0.0533918 0.0517847 0.0443394 0.0517883 0.0052497 1
0.0244418 0.034087 0.0338599 0.202377 -0.0225142 0.0495766
0.0176918 0.035572 0.0269556 0.273747 -0.0188145 0.0202763
0.0658447 0.0232701 0.0420789 0.00567872 -0.00790824 0.111197
0.065026 0.0184545 0.0415044 0.00286334 -0.00786753 0.080203
0.0307053 0.0745855 0.0320914 0.0411051 0.0248457 0.0872144
0.0452402 0.0902322 0.0350655 -0.0040272 0.0112588 0.0522142
0.051049 0.0942719 0.0362575 -0.00406293 0.00652821 0.0416671
0.0484394 0.0925213 0.0356766 -0.00433262 0.00852859 0.045686
0.0443619 0.00867533 0.0357065 -0.000504869 -0.0118703 0.0451519
0.00806199 0.0567974 0.0154387 0.418114 0.00957389 0.0100624
0.0246695 0.0590821 0.0356058 0.234627 0.0199271 0.0783168
0.0234411 0.050754 0.0378363 0.341268 0.00698833 0.0569957
0.0494481 0.0642445 0.0422374 0.0434476 0.0162793 0.359294
0.0250814 0.071854 0.028661 0.0708078 0.0249087 0.0644205
0.0146273 0.0390824 0.0257312 0.387971 -0.0137926 0.0130674
0.0493296 0.0886832 0.0365047 -0.00282555 0.0115247 0.0602148
0.0492896 0.0848109 0.037275 0.000934741 0.0143624 0.083537
0.080533 0.0802874 0.0413661 0.000534548 0.00462932 0.0365412
0.0233334 0.0847915 0.0233095 -0.000595736 0.0147472 0.0305111
0.0448975 0.0557252 0.0438186 0.083133 0.0116018 0.596869
0.0394136 0.045215 0.0445669 0.124474 -0.00231017 0.469211
0.0389069 0.0412233 0.0441302 0.118218 -0.0100639 0.352075
0.0570618 0.0454535 0.0443284 0.0386312 -0.00112264 0.651217
0.0605699 0.0450568 0.0441316 0.029147 -0.00109999 0.507407
0.0124018 0.0826375 0.0146654 0.00104673 0.0102847 0.0169351
0.0527579 0.0353283 0.043344 0.0373938 -0.0109174 0.37315
0.0645398 0.0563577 0.0435264 0.0207025 0.00579983 0.355986
0.0785398 0.0153981 0.0420506 0.000356008 -0.00318403 0.0324765
0.0155062 0.0212242 0.0181922 0.0532795 -0.0165782 0.0170389
0.0705976 0.0667345 0.0424279 0.00786338 0.00701856 0.151973
0.0676686 0.0692582 0.0422002 0.00844607 0.00848321 0.162995
0.0409023 0.0159153 0.0362643 0.0121064 -0.0188636 0.072123
0.052229 0.0913311 0.03692 -0.00374708 0.00851538 0.0488073
0.0648621 0.0515966 0.0438487 0.0215703 0.00237007 0.389398
0.0559208 0.0345444 0.0433036 0.029709 -0.00991204 0.33907
0.017339 0.0123906 0.0187663 0.00644749 -0.0126046 0.0162573
0.0877661 0.0173129 0.0422896 0.000473762 -0.00189675 0.0212757
0.0866295 0.0281888 0.0425739 0.0019971 -0.00196272 0.0424055
0.0857766 0.0249503 0.0424867 0.0016066 -0.00224308 0.0380886
0.0620227 0.0409407 0.0438668 0.0234206 -0.00335427 0.39541
0.0648105 0.0326558 0.0430716 0.0131571 -0.0065183 0.216425
0.0460355 0.0866921 0.0359017 -0.00132479 0.014087 0.0690065
0.00593161 0.0296955 0.00804266 0.11267 -0.00888943 0.00876649
0.0606027 0.0189632 0.0411449 0.00462597 -0.010126 0.0952377
0.0607909 0.0155784 0.0407617 0.00193544 -0.00895463 0.0714854
0.0807167 0.0608397 0.0425703 0.00498864 0.00351219 0.0892507
0.0844259 0.0611226 0.0424403 0.00384663 0.00316935 0.0651571
0.0216716 0.0700096 0.026318 0.0953935 0.0240294 0.0493104
0.0211435 0.0732229 0.0244589 0.0635194 0.0224115 0.0435557
0.0112339 0.0410406 0.0225299 0.48375 -0.0102858 0.00923118
0.0220703 0.0373804 0.0334483 0.274566 -0.0184233 0.0367524
0.0266171 0.0240063 0.0309903 0.0735751 -0.0248342 0.0525129
0.0396203 0.00833521 0.0337121 0.00017809 -0.0127795 0.041163
0.0221996 0.0811534 0.0231763 0.0130184 0.0178466 0.0347544
0.019069 0.0811469 0.0205011 0.01151 0.0160227 0.0277497
0.0205813 0.0604513 0.030859 0.244529 0.0210313 0.0449271
0.0422353 0.0459071 0.0446925 0.101863 -0.00107334 0.649675
0.0309831 0.00733848 0.0282378 7.61083e-005 -0.0126646 0.0290612
0.0793411 0.047745 0.0430005 0.00649068 0.000583689 0.115709
0.078844 0.0380634 0.0429775 0.00586735 -0.00165151 0.10832
0.0228095 0.0551416 0.0358922 0.308417 0.0147538 0.0555636
0.0661595 0.0397443 0.043601 0.0164287 -0.00307053 0.291629
0.00803693 0.0837134 0.0103346 -0.00426074 0.00686481 0.012919
0.0919885 0.016265 0.0423007 0.000319674 -0.00144814 0.0163211
0.016412 0.00804282 0.017799 -0.00298978 -0.00900439 0.0140768
0.0389449 0.0376917 0.0432329 0.105667 -0.015318 0.283425
0.0915962 0.0880431 0.0412716 -0.000175587 0.00229641 0.0122478
0.0887521 0.0906922 0.04115 -0.000373807 0.00212392 0.0128417
0.0856711 0.0934413 0.0409865 -0.000536687 0.00181989 0.0137973
0.0367981 0.0698328 0.0372951 0.0603377 0.024903 0.162963
0.03752 0.0724159 0.0365553 0.0417821 0.0243003 0.142531
0.0458931 0.0836555 0.0365445 0.00229206 0.0161295 0.086612
0.0918879 0.0790242 0.041576 0.000610191 0.00314198 0.0189341
0.0506798 0.0345464 0.0431776 0.0409307 -0.0123606 0.350523
0.0760499 0.0262684 0.042542 0.00364937 -0.00413941 0.0797502
