VARIABLES= "X", "Y", "P", "U", "V", "C"
0 0 0 0 0 0.00980903
0.005 0 0.00580077 0 0 0.0101526
0.01 0 0.00914422 0 0 0.0113369
0.015 0 0.0162749 0 0 0.0166466
0.02 0 0.0235955 0 0 0.0246928
0.025 0 0.0235955 0 0 0.0246928
0.03 0 0.0276176 0 0 0.0309067
0.035 0 0.0281199 0 0 0.0318067
0.04 0 0.0341341 0 0 0.0421795
0.045 0 0.0362165 0 0 0.0445003
0.05 0 0.0366386 0 0 0.0450742
0.055 0 0.041873 0 0 0.046011
0.06 0 0.0426796 0 0 0.041737
0.065 0 0.0430818 0 0 0.0406141
0.07 0 0.0433101 0 0 0.0372775
0.075 0 0.0440767 0 0 0.0291813
0.08 0 0.0444899 0 0 0.0198957
0.085 0 0.0445873 0 0 0.0173557
0.09 0 0.0445873 0 0 0.0173557
0.095 0 0.0447013 0 0 0.0143037
0.1 0 0.0447061 -4.90496e-006 -0.000188431 0.0142069
0.1 0.005 0.0447206 -1.10468e-005 -0.000627677 0.0143481
0.1 0.01 0.0447737 6.65703e-005 -0.00100228 0.0154194
0.1 0.015 0.0449198 0.000351143 -0.00139309 0.0211627
0.1 0.02 0.0450935 0.000653103 -0.00121137 0.0285095
0.1 0.025 0.0452044 0 0 0.0324023
0.1 0.03 0.0452044 0 0 0.0324023
0.1 0.035 0.0452159 0 0 0.0344234
0.1 0.04 0.0452691 0.00207511 0.000221121 0.0420342
0.1 0.045 0.0452454 0.00249696 0.000652172 0.0432813
0.1 0.05 0.0452301 0.00271604 0.000886826 0.0441528
0.1 0.055 0.0449109 0.0028768 0.00290624 0.0411493
0.1 0.06 0.0447997 0.00266014 0.00329958 0.0388076
0.1 0.065 0.0446636 0.00232749 0.00364061 0.0362788
0.1 0.07 0.0445927 0.0020882 0.00371878 0.033759
0.1 0.075 0.044265 0.00112076 0.00378236 0.0263541
0.1 0.08 0.0440141 0.000329844 0.00328425 0.019644
0.1 0.085 0.0439238 5.23356e-005 0.00285549 0.0169131
0.1 0.09 0.0439238 5.23356e-005 0.00285549 0.0169131
0.1 0.095 0.0438091 -0.000166584 0.00159319 0.0144086
0.1 0.1 0.0438052 0 0 0.0143516
0.095 0.1 0.0437738 0 0 0.0146999
0.09 0.1 0.043447 0 0 0.0196105
0.085 0.1 0.0433708 0 0 0.021039
0.08 0.1 0.0430778 0 0 0.0261417
0.075 0.1 0.0421253 0 0 0.0368448
0.07 0.1 0.0422811 0 0 0.0379393
0.065 0.1 0.0415561 0 0 0.0419623
0.06 0.1 0.0396824 0 0 0.0498697
0.055 0.1 0.0396824 0 0 0.0498697
0.05 0.1 0.0374594 0 0 0.0500139
0.045 0.1 0.0348285 0 0 0.0461544
0.04 0.1 0.032225 0 0 0.0411585
0.035 0.1 0.032225 0 0 0.0411585
0.03 0.1 0.0283309 0 0 0.0339687
0.025 0.1 0.0283309 0 0 0.0339687
0.02 0.1 0.0241088 0 0 0.0275586
0.015 0.1 0.0169292 0 0 0.0199576
0.01 0.1 0.0118673 0 0 0.0160273
0.005 0.1 0.00354957 0 0 0.0128083
0 0.1 0 0 0 0.0128083
0 0.095 0 0 0 0.0131964
0 0.09 0 0 0 0.0135197
0 0.085 0 0 0 0.0149036
0 0.08 0 0 0 0.0158594
0 0.075 0 0 0 0.0158594
0 0.07 0 0 0 0.0152345
0 0.065 0 0 0 0.0121867
0 0.06 0 0 0 0.0121867
0 0.055 0 1 0 0.010994
0 0.05 0 1 0 0.0107041
0 0.045 0 1 0 0.00964678
0 0.04 0 0 0 0.00987741
0 0.035 0 0 0 0.0104579
0 0.03 0 0 0 0.0103698
0 0.025 0 0 0 0.0110241
0 0.02 0 0 0 0.0104709
0 0.015 0 0 0 0.0101769
0 0.01 0 0 0 0.0101769
0 0.005 0 0 0 0.00980409
0.00447241 0.0874131 0.0064997 -0.00828433 0.00346454 0.0144983
0.00256 0.00353957 0.0039345 -0.00416354 -0.000982561 0.00980903
0.0974172 0.0964082 0.0437946 -0.000172328 0.00131608 0.0141931
0.0964604 0.00256 0.0447128 -1.18495e-005 -0.000455216 0.0140698
0.00238194 0.0976072 0.00354957 -0.00439847 0.00100177 0.0128083
0.0127849 0.0043896 0.0140105 -0.00591298 -0.00481987 0.0145602
0.00841917 0.00347932 0.00914422 -0.00605491 -0.00282726 0.0113369
0.095565 0.0127058 0.0448545 0.000223768 -0.00135418 0.018613
0.0964778 0.00852734 0.0447737 6.65703e-005 -0.00100228 0.0154194
0.0231513 0.00368712 0.0235955 -0.00246036 -0.00648694 0.0246928
0.01796 0.00375851 0.0195354 -0.00428849 -0.00543976 0.019651
0.015532 0.0251939 0.0192033 0.0961537 -0.0178063 0.0202159
0.0191958 0.023523 0.0230001 0.0811427 -0.0203002 0.0273335
0.0187153 0.0281514 0.0241648 0.140933 -0.0209427 0.0265994
0.0964601 0.0230029 0.0450935 0.000653103 -0.00121137 0.0285095
0.0962468 0.0178699 0.0449793 0.00046726 -0.00142856 0.023487
0.0747361 0.0159631 0.0444199 0.0010933 -0.00500105 0.0536087
0.0766718 0.0192818 0.044685 0.00194033 -0.0048043 0.0591411
0.0722885 0.01904 0.0444747 0.00275187 -0.00626315 0.0742424
0.0272087 0.00239815 0.0258904 -0.00186491 -0.00528769 0.0278125
0.0309201 0.00344181 0.0281199 -0.00165536 -0.00755857 0.0318067
0.0273151 0.00550903 0.0264324 -0.000556022 -0.0101839 0.0298673
0.00796538 0.0491288 0.020578 0.68286 0.00287473 0.0103135
0.0110744 0.0528307 0.0236412 0.528526 0.00805444 0.012756
0.00670318 0.0530398 0.0160482 0.603978 0.00626175 0.0107375
0.0332769 0.013692 0.0326818 0.0183255 -0.0205743 0.0561137
0.0310268 0.0105883 0.0300072 0.00937955 -0.0175014 0.0428665
0.0346026 0.00967541 0.0324724 0.00581831 -0.0163696 0.0475799
0.00300337 0.0134889 0.00405087 3.85844e-005 -0.00286769 0.0101769
0.00506595 0.0100592 0.0061493 -0.00362366 -0.00342913 0.0104325
0.0756551 0.029422 0.0452958 0.00642817 -0.00450943 0.110704
0.0792233 0.027711 0.0452103 0.00459369 -0.00390982 0.0850622
0.0780819 0.0315933 0.0454015 0.0063219 -0.00351888 0.107109
0.0943956 0.0272441 0.0451613 0.00107792 -0.00123369 0.0335911
0.0926615 0.0309831 0.0452316 0.00173563 -0.00119654 0.040491
0.0907561 0.0275749 0.0451698 0.0017302 -0.0017631 0.0404891
0.0901909 0.0346583 0.0453133 0.0027451 -0.00107185 0.0513714
0.0892112 0.0309766 0.0452571 0.00251977 -0.00167225 0.0498238
0.0865167 0.00303925 0.0445873 -0.000177148 -0.000689919 0.0173557
0.0899305 0.00507751 0.0446694 -9.98653e-005 -0.000871487 0.0161618
0.0962759 0.0391469 0.0452784 0.00186044 1.16375e-005 0.0416042
0.0697948 0.00669028 0.0435549 -0.000824539 -0.00332002 0.0393856
0.0750534 0.00540153 0.0440371 -0.000692821 -0.00201814 0.0301304
0.0748956 0.01106 0.0442059 -8.06859e-005 -0.00390305 0.0402966
0.0939618 0.0428392 0.0452879 0.00277836 0.000384234 0.047067
0.0973333 0.0427043 0.0452597 0.00229335 0.000434087 0.0424714
0.0825327 0.00356626 0.0444899 -0.000306031 -0.000909594 0.0198957
0.078548 0.00330516 0.0443079 -0.000471896 -0.00108138 0.0236514
0.0620046 0.0055218 0.0426222 -0.00132164 -0.00410925 0.045259
0.0652791 0.00446393 0.0430493 -0.00102948 -0.00291765 0.0410887
0.0642685 0.00860859 0.042989 -0.000653127 -0.00556045 0.0506889
0.0824665 0.030027 0.0452979 0.00431862 -0.00293673 0.0777916
0.0394108 0.00363431 0.0338552 -0.00174563 -0.00742063 0.0419179
0.0058518 0.0251091 0.00717599 0.0575058 -0.00776604 0.0113473
0.0112986 0.0239063 0.0137493 0.0731148 -0.0134021 0.0148734
0.00905501 0.0277984 0.0118801 0.111469 -0.0122114 0.0128005
0.0965421 0.0462939 0.0452301 0.00271604 0.000886826 0.0441528
0.0602374 0.0112645 0.0425464 0.000461075 -0.00828608 0.0641069
0.0644835 0.0133983 0.0432896 0.00134166 -0.00797572 0.0686499
0.0973543 0.0615249 0.0447997 0.00266014 0.00329958 0.0388076
0.0966422 0.0578627 0.0449109 0.0028768 0.00290624 0.0411493
0.069046 0.0176845 0.0441423 0.00275174 -0.00733294 0.0779083
0.0712847 0.0150357 0.0441297 0.00122326 -0.0060293 0.0606938
0.00345446 0.0175177 0.00443018 0.00718261 -0.00381758 0.0104709
0.00348997 0.0214972 0.0043743 0.0186226 -0.00447582 0.0106555
0.0434206 0.00533535 0.0359941 -0.00145484 -0.0092158 0.047021
0.0428716 0.00242364 0.0353448 -0.00177326 -0.00498992 0.0433153
0.0561464 0.00882334 0.0414426 -0.000706248 -0.00825976 0.0581497
0.0533474 0.00457687 0.0401055 -0.00202299 -0.00575606 0.0487397
0.05829 0.00403083 0.041873 -0.00165504 -0.00392861 0.046011
0.0825282 0.0696639 0.0446433 0.00370783 0.00546434 0.0694795
0.0856326 0.0715069 0.0445317 0.002746 0.0049979 0.053689
0.0823751 0.0726296 0.0444704 0.00301788 0.00568425 0.0633659
0.00582295 0.0379734 0.0120351 0.368968 -0.00868404 0.0100734
0.0051111 0.0342613 0.00845309 0.195485 -0.00830104 0.0105102
0.00877978 0.036083 0.0148921 0.306801 -0.0117826 0.0110667
0.0332698 0.022241 0.0354792 0.052498 -0.0250197 0.0841575
0.0299083 0.0244369 0.0339555 0.075627 -0.0258748 0.0712715
0.028224 0.0208593 0.0314201 0.0536344 -0.0241625 0.0562265
0.0887278 0.0610411 0.0449522 0.0038236 0.00361287 0.0580321
0.0907154 0.0650917 0.0447661 0.00298556 0.00387573 0.0468838
0.086503 0.0649858 0.0448392 0.00380233 0.00433177 0.0619744
0.0621152 0.00286001 0.0426796 -0.00112451 -0.00235428 0.041737
0.0459507 0.00280405 0.0366386 -0.00189166 -0.00527344 0.0450742
0.0131027 0.0344262 0.0197369 0.265004 -0.0156419 0.0144013
0.011204 0.0381221 0.0195947 0.382942 -0.01266 0.0115462
0.0167766 0.0318075 0.023085 0.204017 -0.0192147 0.020594
0.0133839 0.0288861 0.01769 0.147828 -0.0165063 0.0165493
0.0403732 0.0913366 0.0346091 -0.00425165 0.0118645 0.0561724
0.044335 0.0939135 0.0357647 -0.00441877 0.00856428 0.0522611
0.0402342 0.0957126 0.0338045 -0.00459284 0.00661016 0.0457088
0.00289272 0.0378727 0.00650985 0.307605 -0.00518105 0.00987741
0.00408592 0.0417067 0.0122915 0.631923 -0.0047337 0.00964678
0.0950646 0.0647221 0.0447301 0.00255232 0.00356717 0.0386463
0.0921778 0.0616186 0.0448651 0.00310927 0.00342399 0.045956
0.0329965 0.0969405 0.0304401 -0.00502873 0.00432611 0.037924
0.0359633 0.0941456 0.0321048 -0.00591835 0.00825046 0.0439932
0.0369214 0.0973654 0.032225 -0.00407583 0.00435424 0.0411585
0.00250092 0.0569438 0.00570327 0.340591 0.00460984 0.0112496
0.00315217 0.0535864 0.00926899 0.642755 0.00408938 0.0107041
0.0049815 0.0560931 0.0105657 0.450731 0.00679386 0.0111498
0.095866 0.0827474 0.0440141 0.000329844 0.00328425 0.019644
0.0964367 0.0783855 0.0441721 0.000816244 0.00363394 0.0232966
0.0386573 0.0861702 0.0347453 0.00157188 0.0171856 0.0725972
0.0429772 0.0846886 0.0369578 0.0035634 0.0178097 0.0884246
0.0426567 0.0878239 0.0362034 -0.0011498 0.0151893 0.0719363
0.0932258 0.0697828 0.0445576 0.00211568 0.00395456 0.0362246
0.0946371 0.07473 0.044343 0.00137629 0.0039069 0.0289196
0.089554 0.0738932 0.044389 0.00179683 0.004437 0.0382832
0.0970191 0.0867246 0.0439238 5.23356e-005 0.00285549 0.0169131
0.095234 0.089893 0.0438424 -0.000138888 0.00243935 0.0160411
0.00437094 0.0600395 0.0067965 0.236189 0.00677069 0.0121867
0.00561171 0.0649562 0.00715128 0.116478 0.0079363 0.014681
0.0942154 0.0862276 0.0439092 3.03148e-005 0.00299258 0.0180786
0.0479495 0.0964612 0.0367443 -0.00354323 0.00545173 0.0497959
0.0435037 0.0972175 0.0348285 -0.00348068 0.00479016 0.0461544
0.0851127 0.0753505 0.0443047 0.00193625 0.00517144 0.0475187
0.0802988 0.0760908 0.044202 0.00228509 0.00614442 0.0612079
0.0195127 0.0915991 0.0208986 -0.0106537 0.0069199 0.0250822
0.0231912 0.0930701 0.0242513 -0.00970145 0.00643472 0.0293
0.0206569 0.0943152 0.0224165 -0.0106112 0.00470303 0.0257803
0.0903486 0.0954747 0.0436226 -0.000378439 0.00156104 0.0172017
0.0946053 0.0944584 0.0437643 -0.000249529 0.00164354 0.0149322
0.0865886 0.0969786 0.043447 -0.000436822 0.00125478 0.0196105
0.0810725 0.0919109 0.0433316 -0.000810812 0.00311058 0.0263078
0.0825644 0.0962798 0.0432767 -0.00063662 0.0016663 0.0228052
0.0774802 0.0955982 0.042905 -0.00096645 0.00233536 0.0290394
0.084643 0.0888865 0.0436058 -0.000454298 0.00343556 0.0249643
0.0801208 0.0872204 0.0434976 -0.000445444 0.00449957 0.0336146
0.0652115 0.0966771 0.0415561 -0.00163131 0.00286106 0.0419623
0.0610973 0.0943457 0.040888 -0.00257628 0.00517002 0.0489774
0.0587776 0.0870231 0.0411758 -0.000877606 0.0106854 0.0759467
0.0633486 0.086782 0.0420085 -0.000779539 0.00915712 0.0697152
0.0611855 0.0901683 0.0412617 -0.0022824 0.00790355 0.058816
0.0566477 0.0961313 0.0396824 -0.00281456 0.00455464 0.0498697
0.0525385 0.0968422 0.0384111 -0.00303873 0.00451928 0.050304
0.0539556 0.094075 0.0390185 -0.00358691 0.00694534 0.0540868
0.0148211 0.054799 0.0279984 0.422316 0.0122889 0.0192766
0.0151628 0.0507962 0.0303598 0.484711 0.00584196 0.0183242
0.0189725 0.0537974 0.033102 0.380573 0.0118993 0.031969
0.0178948 0.0958187 0.0201555 -0.0102203 0.00356454 0.0228222
0.0222317 0.0965142 0.0241088 -0.00833476 0.00324962 0.0275586
0.00887085 0.0610978 0.0137282 0.248669 0.0120782 0.0151312
0.012211 0.0577716 0.0219393 0.367321 0.0137661 0.0166199
0.0135558 0.0622684 0.0205952 0.234261 0.0170782 0.0222657
0.0140748 0.0715785 0.0175924 0.0774572 0.0166247 0.0273498
0.0112023 0.0692102 0.0145438 0.0952081 0.01408 0.0218557
0.0149757 0.0671527 0.020129 0.139712 0.0186737 0.0286393
0.0123896 0.0954372 0.0141516 -0.0110293 0.00365561 0.0174915
0.0155444 0.0927335 0.01782 -0.0122088 0.00585433 0.020925
0.00250756 0.072792 0.00355312 0.0141833 0.00325343 0.0154225
0.00344776 0.0691236 0.00445513 0.0393271 0.00469863 0.0150527
0.00575746 0.0728544 0.00742911 0.029538 0.00678232 0.0168037
0.0406101 0.0698863 0.0399793 0.0589147 0.0247351 0.195923
0.0464119 0.0681578 0.0423315 0.0491244 0.0214086 0.2638
0.0438925 0.0724901 0.0401962 0.0378394 0.0232174 0.184115
0.0035661 0.0769646 0.00516773 0.00752199 0.00414494 0.0158594
0.00376064 0.0821437 0.00548098 -0.00234136 0.00369285 0.0152641
0.0276826 0.0765759 0.0300649 0.043105 0.0241916 0.0720591
0.0305137 0.081341 0.0308705 0.0165397 0.0210963 0.067583
0.0260492 0.081328 0.0271957 0.0170824 0.0197785 0.0519688
0.003392 0.0919198 0.00529551 -0.00867335 0.00232871 0.0135197
0.0918006 0.0568457 0.0450292 0.00352612 0.00281062 0.0510868
0.0958924 0.0534194 0.0450646 0.00302804 0.00215752 0.0439103
0.00872347 0.0442712 0.0216355 0.630538 -0.00454143 0.0101055
0.00424434 0.0467115 0.0145297 0.822347 -0.00032154 0.00977644
0.0518158 0.00852089 0.0399465 -0.000610318 -0.00997323 0.0580738
0.0479065 0.0114209 0.0392276 0.00316526 -0.0140328 0.0686996
0.0482109 0.00597719 0.0381906 -0.00140755 -0.00873865 0.0510877
0.0851203 0.00655249 0.0445917 -0.000211454 -0.00126903 0.0193956
0.00794468 0.0965439 0.00946148 -0.00908006 0.00261012 0.0144852
0.0730592 0.0967472 0.04244 -0.00110138 0.00225557 0.0341485
0.0920135 0.0513372 0.0451885 0.00360235 0.00180363 0.052649
0.0886505 0.0481464 0.0453302 0.00441539 0.00121319 0.0663074
0.0926058 0.0470178 0.0452599 0.00335059 0.00104719 0.0511886
0.00649642 0.0148678 0.00743502 0.00509244 -0.00566058 0.0112172
0.0487955 0.0271687 0.0433388 0.038314 -0.0187261 0.211559
0.0455767 0.0238366 0.0417046 0.0342148 -0.0209604 0.157527
0.0499163 0.0231429 0.0424997 0.024156 -0.0183869 0.15847
0.0478669 0.0582075 0.0452524 0.0781726 0.0142938 0.536197
0.0457658 0.0626467 0.0438577 0.0730913 0.0189736 0.374142
0.0438758 0.0593052 0.0444704 0.0963235 0.0169272 0.435446
0.0954175 0.0496677 0.0451722 0.00301922 0.00148601 0.0454026
0.0745785 0.0458069 0.0458974 0.0123951 -0.000261744 0.192964
0.0766159 0.0494223 0.045759 0.0106038 0.00115197 0.165378
0.072937 0.0494529 0.0459662 0.0143825 0.00103889 0.22276
0.0044491 0.0504713 0.013902 0.774511 0.00300654 0.0101938
0.030565 0.0466251 0.0434021 0.247377 2.97079e-005 0.15803
0.0282123 0.0502294 0.0417854 0.277435 0.00705123 0.119217
0.0268113 0.0463475 0.0410329 0.305553 -0.00197918 0.0830282
0.0545495 0.0387553 0.0460456 0.0479224 -0.00813549 0.481196
0.0591059 0.0378218 0.0460497 0.0339314 -0.00693999 0.400803
0.0579841 0.0419195 0.0464146 0.0420713 -0.00377311 0.534452
0.0405952 0.0493968 0.0457907 0.13641 0.00512799 0.582611
0.0362689 0.0507684 0.04493 0.17478 0.00793757 0.333767
0.0367905 0.0478682 0.0453507 0.171358 0.00321803 0.356034
0.0579471 0.0690948 0.0440678 0.0229245 0.015018 0.256479
0.0559838 0.0649124 0.0446829 0.0361644 0.0149837 0.34926
0.0608385 0.0655295 0.0449586 0.0244444 0.0124176 0.29772
0.0538312 0.0474222 0.0465891 0.0619045 0.000904645 1
0.0495925 0.0494008 0.0464559 0.0810362 0.00383548 1
0.0502734 0.045168 0.0465142 0.0742813 -0.00190911 1
0.0439054 0.0356447 0.044787 0.0827346 -0.0160624 0.330614
0.0422348 0.0386512 0.0452367 0.101982 -0.0135331 0.367608
0.0409462 0.035439 0.044278 0.0978665 -0.0176179 0.282872
0.0418897 0.0536847 0.0455662 0.12024 0.0108194 0.575317
0.0406619 0.0575687 0.0444339 0.122286 0.0156314 0.413384
0.0373826 0.0543515 0.0444858 0.158995 0.0124992 0.350439
0.0668673 0.0605436 0.0455532 0.0190086 0.00828582 0.273234
0.0660001 0.0651889 0.0451176 0.0167897 0.00998124 0.239458
0.0629875 0.061354 0.0454364 0.0245333 0.0102165 0.321003
0.0683364 0.0859871 0.0427141 -0.000465275 0.00773389 0.0615019
0.0647644 0.0833113 0.0425968 0.000950538 0.00997628 0.0829416
0.0677501 0.081277 0.04314 0.00180027 0.00941286 0.0850886
0.0352674 0.0639527 0.0399313 0.115842 0.0246297 0.198242
0.0342977 0.0679529 0.0379527 0.0893063 0.0265679 0.159646
0.0311916 0.0658612 0.0372754 0.113796 0.0264665 0.144891
0.0562415 0.0595303 0.0455627 0.0452474 0.0120319 0.476156
0.0606579 0.0590472 0.0456758 0.0327667 0.0101994 0.405438
0.0593616 0.062024 0.0453478 0.0317764 0.0119613 0.369528
0.061729 0.0293209 0.0449967 0.017852 -0.0104021 0.211805
0.058452 0.0254011 0.0442349 0.0168777 -0.0129727 0.178806
0.0629231 0.025743 0.044592 0.0126929 -0.0106211 0.164523
0.0946079 0.0605148 0.0448632 0.00290275 0.00321095 0.0420023
0.070713 0.0621099 0.0453593 0.0129617 0.00721976 0.199397
0.0743412 0.0584498 0.0455149 0.0111667 0.00511096 0.175347
0.0739919 0.0618169 0.0453201 0.0103248 0.00618851 0.164853
0.02966 0.037994 0.0405957 0.214998 -0.0183141 0.100638
0.025472 0.0414024 0.0388147 0.29742 -0.0129928 0.0596529
0.0259782 0.0368559 0.0372424 0.239405 -0.0198947 0.0610416
0.00452776 0.0954288 0.00627538 -0.00827924 0.00228354 0.013466
0.00812658 0.0916129 0.010179 -0.0112643 0.00473889 0.015416
0.00799073 0.0875019 0.0104188 -0.00982062 0.00585197 0.0162044
0.00248576 0.00680997 0.00366081 -0.00464193 -0.00140319 0.00979895
0.00939285 0.00779908 0.0107189 -0.00527459 -0.00530976 0.0123035
0.0127691 0.00791016 0.0143806 -0.00439223 -0.00723399 0.0148937
0.09319 0.00248576 0.0446872 -4.30309e-005 -0.000462978 0.0145912
0.0921342 0.00947103 0.0447687 6.60059e-005 -0.00131235 0.0174769
0.0919971 0.0128103 0.0448309 0.000223853 -0.00160359 0.0200798
0.0974869 0.0931274 0.0438245 -0.000160442 0.00188953 0.0146391
0.0921574 0.0916891 0.0437484 -0.000308159 0.00225896 0.0167124
0.0475857 0.0732394 0.0410697 0.0273449 0.0209925 0.189978
0.049221 0.0773171 0.0405692 0.0150697 0.0192062 0.150377
0.0446354 0.0768512 0.0393237 0.0215531 0.021681 0.145999
0.0528389 0.0630842 0.0447243 0.0496204 0.0158864 0.407885
0.03236 0.0570232 0.0421365 0.187033 0.0171371 0.20649
0.0337758 0.052999 0.0438936 0.194988 0.0113046 0.251549
0.0199051 0.0669914 0.0262284 0.141953 0.0231318 0.0455308
0.0181402 0.0705413 0.0227378 0.098432 0.0211293 0.0381968
0.0350137 0.0054052 0.0316082 -0.000762768 -0.010665 0.039572
0.037724 0.0290111 0.0409071 0.0827062 -0.0239765 0.158426
0.0331357 0.027319 0.0378024 0.0893329 -0.0258113 0.107895
0.0365427 0.0251721 0.0389437 0.0635621 -0.0252833 0.123344
0.094571 0.0350387 0.0452751 0.00172468 -0.000557381 0.0409358
0.0730084 0.0334489 0.0455823 0.0102871 -0.00424525 0.161228
0.0719118 0.0280882 0.0451786 0.0077643 -0.00597526 0.128964
0.0309712 0.0933957 0.0292253 -0.00728883 0.00830525 0.0387841
0.040481 0.0743248 0.0384437 0.0355787 0.0242504 0.150506
0.0401042 0.0785011 0.0371226 0.0197535 0.0224964 0.117276
0.0365749 0.0758863 0.0361289 0.0335863 0.0247434 0.118702
0.0505943 0.0410199 0.0462187 0.0660289 -0.00712912 0.587789
0.0473337 0.0428691 0.0463015 0.0845451 -0.0055303 0.654722
0.0466624 0.0388952 0.0457142 0.079396 -0.0112803 0.460181
0.0425701 0.0313564 0.0433326 0.0721093 -0.0200413 0.23894
0.0540798 0.0433677 0.0464845 0.056257 -0.00348093 0.669242
0.0704923 0.0387382 0.0459373 0.0153081 -0.00297196 0.231432
0.0726831 0.0423085 0.0459531 0.0138307 -0.00137495 0.213663
0.0685109 0.0432751 0.0461635 0.0194077 -0.00147404 0.291206
0.0749158 0.0751536 0.0441666 0.00358974 0.00763849 0.0866762
0.0766004 0.0791797 0.0438631 0.00156839 0.00676981 0.0620113
0.0792255 0.023207 0.0449745 0.00297098 -0.00420902 0.0664866
0.0739277 0.0231693 0.0448428 0.00429538 -0.00584194 0.0883868
0.0232831 0.0208785 0.0268164 0.057684 -0.0220325 0.0385616
0.0232461 0.0262317 0.0287891 0.111176 -0.0238606 0.0419771
0.0732961 0.0935284 0.042651 -0.00138479 0.00359333 0.0351533
0.0701325 0.0789949 0.0435733 0.00264765 0.00895951 0.0881562
0.072882 0.0823495 0.0434193 0.000742851 0.007359 0.0627877
0.0454167 0.051481 0.0461255 0.0991296 0.00741708 1
0.0272739 0.0639245 0.0357035 0.154554 0.0251001 0.110528
0.0279453 0.0684014 0.033508 0.100871 0.0268515 0.100179
0.0568282 0.0914548 0.0401118 -0.00295692 0.00822518 0.0590157
0.0537718 0.0869804 0.0400125 -0.000288031 0.012699 0.0823357
0.0570337 0.0543361 0.0462365 0.0498073 0.00759763 0.631561
0.0599685 0.0564134 0.0460321 0.0393934 0.00846168 0.498015
0.0533151 0.0769998 0.0416396 0.0122262 0.0172976 0.156495
0.0546851 0.0727393 0.0428177 0.01961 0.0172015 0.207916
0.0567362 0.0761918 0.0425216 0.0108629 0.015542 0.160234
0.0677844 0.0354647 0.0457985 0.0166455 -0.0051234 0.240122
0.0506472 0.0188527 0.0416338 0.0133767 -0.0168836 0.115768
0.0547529 0.0191589 0.0425708 0.0100676 -0.0145138 0.117226
0.054189 0.022393 0.043147 0.0161858 -0.0154276 0.149924
0.0672226 0.0730983 0.0441188 0.00815091 0.0106229 0.147041
0.0717488 0.0712367 0.0445064 0.00708205 0.00865959 0.12975
0.0705902 0.0756979 0.0439569 0.00445972 0.00910186 0.10494
0.0807451 0.0506203 0.0455406 0.00771696 0.00177946 0.119404
0.0806892 0.0547335 0.0454072 0.00734741 0.00311809 0.114207
0.0774151 0.0541096 0.0455795 0.0095796 0.00317346 0.149858
0.0346058 0.0312163 0.0405432 0.113039 -0.0239786 0.142818
0.019121 0.04883 0.0344014 0.434037 0.00207184 0.0263552
0.0190793 0.0452665 0.0338844 0.431733 -0.0054565 0.0231284
0.0224118 0.0457865 0.0372695 0.374589 -0.00432745 0.039195
0.0119758 0.0478132 0.0266433 0.58164 0.000552372 0.0120692
0.0169436 0.058629 0.028013 0.311621 0.0174977 0.028405
0.0207953 0.0574203 0.0329878 0.303794 0.0178332 0.0434547
0.0880069 0.0526805 0.0452567 0.00463258 0.00212383 0.0687216
0.0849227 0.0493053 0.0454162 0.00571783 0.00143228 0.0869129
0.0820098 0.0459547 0.0455645 0.00704339 0.000561497 0.109137
0.085882 0.04571 0.0454392 0.00528139 0.000644661 0.0809925
0.0526361 0.0122109 0.0408448 0.00254131 -0.0124799 0.0733128
0.0426513 0.012308 0.0374732 0.00711773 -0.0170875 0.0686247
0.0458402 0.0162986 0.0397084 0.0127885 -0.0182945 0.0934879
0.0239969 0.0784139 0.0261806 0.0334173 0.0215511 0.0518614
0.0129064 0.0755199 0.0156287 0.0395611 0.0139652 0.0247504
0.0104503 0.0789826 0.0128994 0.0147795 0.0101841 0.020628
0.0100962 0.0758776 0.0126694 0.0289831 0.0110149 0.02085
0.0883637 0.0243979 0.0450893 0.00167744 -0.00228946 0.040955
0.0848379 0.0213234 0.044974 0.00157864 -0.00292067 0.0430606
0.089822 0.0205547 0.0449919 0.000969626 -0.00211622 0.031587
0.096572 0.0309044 0.0452159 0.000907609 -0.000669962 0.0344234
0.0975642 0.0272045 0.0451723 0.000571964 -0.000719098 0.0313119
0.032482 0.0769549 0.0333877 0.034462 0.0246551 0.0925133
0.0290592 0.0970975 0.0283309 -0.00577817 0.00359029 0.0339687
0.0263283 0.0951514 0.0266012 -0.00791121 0.00515178 0.0319272
0.0308573 0.0175772 0.0320421 0.0315571 -0.0227097 0.0578614
0.024174 0.0132227 0.0259294 0.0161019 -0.0177927 0.0340567
0.0211525 0.0104597 0.0226926 0.00581945 -0.0136305 0.0259686
0.0250852 0.0106338 0.0261638 0.00774392 -0.0158644 0.0329891
0.0436211 0.0811597 0.0379583 0.0106881 0.0200414 0.111586
0.0402359 0.0621477 0.0425169 0.102729 0.0214411 0.295868
0.036167 0.05949 0.0424191 0.140648 0.0198936 0.266063
0.00824524 0.0399433 0.0173428 0.47236 -0.00953916 0.0101476
0.00297967 0.0282515 0.00402932 0.0604079 -0.00492629 0.0104889
0.00280448 0.0314417 0.00450305 0.0985215 -0.00534084 0.0103698
0.0600703 0.00764565 0.0423068 -0.00115034 -0.00603454 0.0517072
0.0717248 0.00305437 0.0436479 -0.000740024 -0.00161966 0.0336337
0.0684054 0.00285474 0.0433101 -0.000796798 -0.00181298 0.0372775
0.0969496 0.071612 0.044471 0.0017221 0.00380453 0.0307229
0.097048 0.0682234 0.0445927 0.0020882 0.00371878 0.033759
0.072933 0.0868115 0.0430552 -0.000706123 0.00615451 0.0479192
0.0697073 0.0947218 0.0422426 -0.00155465 0.00352518 0.0388582
0.0710253 0.0902705 0.0426343 -0.00140661 0.00530623 0.0432961
0.069714 0.0242598 0.0447642 0.00632531 -0.0073723 0.112679
0.0667467 0.0477937 0.0463105 0.0237062 0.000382885 0.35323
0.0707615 0.0467484 0.046097 0.0168758 -0.0001324 0.258582
0.0366798 0.0179798 0.0360153 0.0269893 -0.0226932 0.0798836
0.0379622 0.0222597 0.0383017 0.0440258 -0.0243694 0.110637
0.0410624 0.0255133 0.0408337 0.0525918 -0.0233197 0.153071
0.0450044 0.0275333 0.0426871 0.0482239 -0.0208418 0.200435
0.0171459 0.0745432 0.0203043 0.0552903 0.0185086 0.0338376
0.0780998 0.0704656 0.0446137 0.00481834 0.00661481 0.0922496
0.056613 0.0799997 0.041848 0.00584607 0.0146816 0.125306
0.0599425 0.0779577 0.042767 0.00677051 0.0134575 0.135561
0.0475421 0.0809262 0.039389 0.0100344 0.0188048 0.122172
0.0505542 0.0371436 0.0456415 0.0577261 -0.0114534 0.433811
0.0646264 0.0442626 0.0463594 0.0270627 -0.00127797 0.391883
0.0627559 0.0485162 0.0464702 0.0329243 0.00119219 0.474679
0.0581145 0.0492777 0.0465487 0.0479092 0.00238007 0.679692
0.0613695 0.0527954 0.0463765 0.0375998 0.00478512 0.523123
0.00758075 0.0691185 0.00971672 0.0748254 0.00966593 0.0175678
0.0102706 0.0656629 0.0139764 0.147596 0.0135852 0.0190405
0.0846688 0.0420358 0.0454859 0.00548793 -0.000232519 0.0863161
0.0805646 0.0417365 0.0456192 0.0074767 -0.000660353 0.117902
0.0858432 0.033292 0.0453491 0.00387322 -0.00189228 0.0681228
0.0874572 0.0381746 0.0453956 0.00399918 -0.000827592 0.0664801
0.0500043 0.0148613 0.0406416 0.00704598 -0.0154906 0.0875955
0.0379556 0.0129843 0.035438 0.0120164 -0.0191958 0.0640815
0.0760702 0.0859031 0.0433569 -0.000371577 0.00565516 0.0436417
0.0782872 0.0831278 0.043645 0.000290926 0.00574578 0.04547
0.0742167 0.067821 0.044846 0.00762496 0.00745017 0.131678
0.0805651 0.0188687 0.0447977 0.00140302 -0.0037546 0.047044
0.0712105 0.0218921 0.044651 0.00447386 -0.0068103 0.0929392
0.018892 0.0194584 0.0216617 0.0462307 -0.0183001 0.0257092
0.0244707 0.0305719 0.0320539 0.162162 -0.0241567 0.0484849
0.0218893 0.0292645 0.0285275 0.152471 -0.0232623 0.0362696
0.0801537 0.00755803 0.0444363 -0.000375072 -0.00190404 0.0249806
0.0842106 0.0106022 0.044646 -3.70343e-005 -0.00204878 0.0239571
0.0802239 0.0120723 0.0445469 2.96902e-005 -0.00287667 0.0313279
0.0877666 0.0779155 0.0441766 0.00115631 0.00458545 0.0354501
0.0842679 0.0793049 0.0440492 0.00104198 0.00510382 0.0411094
0.00758684 0.0197148 0.00896583 0.0268862 -0.00829003 0.0121507
0.0105613 0.0157136 0.0121309 0.0136837 -0.00954367 0.0139166
0.0121745 0.0194179 0.0141488 0.0361972 -0.0124751 0.0156751
0.0199066 0.0871608 0.0205778 -0.00510757 0.0110894 0.0277707
0.0164497 0.0843406 0.0183477 0.000891427 0.0118859 0.0258651
0.0202823 0.0837036 0.021358 0.00355013 0.0145081 0.0319644
0.0204667 0.0775366 0.0230614 0.0365085 0.0197233 0.041284
0.0235912 0.0754007 0.0265936 0.051136 0.0230012 0.055081
0.0328422 0.0494236 0.0442058 0.209707 0.00606084 0.241617
0.0348325 0.0445372 0.0449871 0.187438 -0.00399022 0.263428
0.0375424 0.0340443 0.0428919 0.114025 -0.0205243 0.204891
0.0349112 0.0389954 0.0437237 0.165596 -0.0155108 0.19874
0.0327679 0.0344734 0.0409048 0.150209 -0.0221693 0.133604
0.0738472 0.0645044 0.0451251 0.00933053 0.00688904 0.152353
0.0691131 0.0518531 0.0461202 0.0195918 0.00255683 0.296089
0.0282467 0.0334158 0.0373089 0.175227 -0.0234656 0.0791665
0.0263232 0.0542829 0.0393729 0.284048 0.0132109 0.0909723
0.0303241 0.0535214 0.0423448 0.23483 0.0118793 0.165074
0.0285191 0.0567346 0.0402068 0.232896 0.0168482 0.129028
0.0665598 0.0279433 0.0450349 0.0115363 -0.00831137 0.166245
0.0517474 0.0315315 0.0447068 0.0436604 -0.0150694 0.297063
0.047147 0.0303087 0.0438606 0.0515356 -0.0184563 0.254374
0.0380789 0.066531 0.0401876 0.0872186 0.0250347 0.207872
0.042075 0.0658548 0.0418342 0.0748536 0.0232171 0.258507
0.05232 0.0815364 0.0405535 0.00600242 0.0162905 0.117282
0.0564873 0.0837207 0.0412146 0.00206074 0.0134988 0.0990638
0.0401677 0.082307 0.036254 0.00905265 0.0201802 0.0947744
0.0318068 0.061817 0.0397681 0.148172 0.0234169 0.177522
0.0289186 0.0597631 0.0392048 0.191481 0.0213523 0.13932
0.0156376 0.0791968 0.0180496 0.0215997 0.0146741 0.0281286
0.00980679 0.0729009 0.0124122 0.0478391 0.0114927 0.0207011
0.00763578 0.0762269 0.00987899 0.0200313 0.00828833 0.0182487
0.0630123 0.0700029 0.044378 0.0151021 0.01224 0.213479
0.0633923 0.075251 0.043527 0.00811591 0.0123133 0.148203
0.0541468 0.068755 0.0436346 0.0308217 0.0173374 0.277682
0.0688634 0.0207136 0.0444178 0.00460985 -0.00770895 0.0954671
0.0579116 0.021049 0.0433976 0.0108437 -0.0132467 0.132906
0.0617934 0.0221468 0.0440351 0.0102243 -0.0114154 0.138003
0.0814579 0.0655538 0.0449051 0.00514452 0.00520475 0.0872345
0.077066 0.0622037 0.045227 0.00846223 0.00558188 0.136813
0.0769375 0.0661097 0.0449551 0.00704574 0.00643696 0.119988
0.0209121 0.0323445 0.0288993 0.203353 -0.0218328 0.0320008
0.0184448 0.0391806 0.0305781 0.357293 -0.0150725 0.0218455
0.0207583 0.0419389 0.0345549 0.372182 -0.0115477 0.0292185
0.0170712 0.0426167 0.0308821 0.438888 -0.00957492 0.0178624
0.0759553 0.0900395 0.0430793 -0.001033 0.00445003 0.0357468
0.0569658 0.030195 0.0449179 0.0275916 -0.0127003 0.255544
0.0603985 0.0336345 0.0455749 0.0258972 -0.00916237 0.295523
0.0687955 0.0315726 0.0454813 0.0127785 -0.0062879 0.188906
0.0304398 0.0426072 0.0427832 0.241965 -0.00961001 0.129261
0.0280882 0.0280882 0.0343675 0.113628 -0.0257109 0.0704387
0.0315135 0.0309169 0.0385752 0.127362 -0.0250548 0.107197
0.020875 0.0155242 0.0230616 0.0241365 -0.017318 0.0284351
0.0258604 0.0167379 0.0280389 0.0301217 -0.0210681 0.0418154
0.0277395 0.00901726 0.0274166 0.00513797 -0.0150153 0.0346225
0.0240763 0.00752579 0.0246953 0.00135051 -0.0121377 0.0281224
0.0831267 0.0259035 0.0451339 0.00291163 -0.0031378 0.0601643
0.0923599 0.0237951 0.0450853 0.00108738 -0.00171544 0.032557
0.084018 0.0535079 0.0453363 0.0059142 0.00253201 0.090153
0.086636 0.0569405 0.0451623 0.00482481 0.00307512 0.0726946
0.082388 0.0575113 0.0452705 0.00630719 0.00352386 0.0979451
0.0536268 0.0160687 0.0417373 0.006708 -0.0141032 0.094533
0.0566276 0.0135138 0.0421008 0.00265791 -0.011063 0.0779265
0.05739 0.0174312 0.0427185 0.0065452 -0.0126409 0.102528
0.015954 0.0464795 0.0309693 0.494695 -0.00260938 0.0164355
0.0133136 0.0435544 0.0269141 0.516689 -0.00719221 0.0125258
0.0126411 0.0912371 0.0150616 -0.0121033 0.00658299 0.0188943
0.0114937 0.087124 0.0142605 -0.00783768 0.00801343 0.0194788
0.0159045 0.0890962 0.018076 -0.00939285 0.00838481 0.0226638
0.0154656 0.0165805 0.0175487 0.0248427 -0.0139411 0.0193765
0.0129697 0.0116086 0.0146459 0.00295409 -0.00930011 0.015593
0.00548729 0.0052812 0.00666393 -0.00608793 -0.00242106 0.0103114
0.0878644 0.0860396 0.043804 -9.46478e-005 0.00356257 0.0238524
0.0879214 0.0816852 0.0439917 0.000495748 0.00421892 0.0294268
0.0915032 0.0838699 0.0439456 0.00019613 0.00350161 0.0221025
0.0834965 0.0155186 0.0447539 0.000572802 -0.00283731 0.0331394
0.0883652 0.0129663 0.0447859 0.000231326 -0.00193413 0.0230379
0.0946897 0.00545991 0.044728 -1.0289e-005 -0.000790471 0.0146109
0.0786621 0.0579849 0.0453794 0.00818081 0.0041558 0.129048
0.0891582 0.0431079 0.0453693 0.00398416 0.000260658 0.0627708
0.0422201 0.0201434 0.0394308 0.0279775 -0.0218778 0.112627
0.0468122 0.0203629 0.0410425 0.0214888 -0.0196745 0.125307
0.0331346 0.0856705 0.0315927 0.00191754 0.0173748 0.0603418
0.0278223 0.0861687 0.0278235 -0.000383679 0.0154857 0.0459496
0.0311342 0.069304 0.0355682 0.085546 0.027235 0.125059
0.0334836 0.0723781 0.0356451 0.0589254 0.026523 0.123773
0.0292504 0.0722656 0.0328474 0.066764 0.0264985 0.0955826
0.0830453 0.0377734 0.0454911 0.00564923 -0.00145878 0.0919602
0.0782834 0.0453763 0.0457209 0.00927548 0.000107654 0.144871
0.0765951 0.0418026 0.0457757 0.010153 -0.000971858 0.159324
0.024088 0.0674383 0.0303148 0.12584 0.0255268 0.0687573
0.0225371 0.0636583 0.030968 0.187285 0.0236811 0.0595637
0.0180631 0.0632966 0.0261985 0.207372 0.0211234 0.036273
0.0525484 0.0563254 0.045857 0.0620692 0.0109675 0.628267
0.0730242 0.0782751 0.0438007 0.0024505 0.00802308 0.079575
0.0350293 0.0900808 0.0320899 -0.00444107 0.0131268 0.0518519
0.0359321 0.0809622 0.0343922 0.015054 0.0216651 0.0880214
0.0282553 0.0132502 0.0289457 0.017568 -0.0193862 0.042702
0.030853 0.0893002 0.0294632 -0.00476128 0.0132508 0.0458282
0.0272468 0.0910734 0.0269053 -0.00756178 0.00996331 0.0364291
0.0507581 0.0606073 0.0450161 0.0604739 0.0152084 0.467419
0.0809572 0.0341358 0.0454587 0.00595668 -0.00255707 0.0994228
0.0748077 0.0381877 0.0457651 0.0107552 -0.00236234 0.168684
0.0771672 0.0349688 0.0455693 0.00797136 -0.0029546 0.129169
0.0592264 0.0734991 0.0433749 0.0131515 0.0144798 0.184287
0.0638596 0.0796431 0.0429444 0.0037027 0.0113688 0.108633
0.0605871 0.082831 0.0421303 0.0019939 0.0118835 0.0974062
0.04766 0.0341824 0.0448708 0.0618405 -0.0153728 0.338929
0.0456109 0.0467145 0.0463815 0.0992729 0.000239111 1
0.043274 0.0427647 0.0460724 0.107728 -0.00643676 0.538587
0.0634843 0.0367773 0.0459506 0.0238431 -0.00593914 0.315473
0.0918554 0.0387644 0.0453254 0.00279161 -0.000321825 0.0500083
0.0234902 0.0889992 0.0239263 -0.00703309 0.0107518 0.0325452
0.00665513 0.0796269 0.00876586 0.00521359 0.00656641 0.0170085
0.093467 0.0202459 0.0450122 0.000699735 -0.00166103 0.0271097
0.0204992 0.0066184 0.0217407 -0.00167566 -0.00960791 0.0228676
0.0886157 0.0689424 0.0446372 0.00279121 0.0044148 0.0487208
0.0850754 0.0681633 0.0447068 0.00351467 0.00486867 0.0620295
0.0688002 0.0115952 0.0436946 0.000209776 -0.0058139 0.0539601
0.0677676 0.0151787 0.0438222 0.00173636 -0.00732583 0.0698055
0.00919789 0.0317293 0.0132111 0.181637 -0.0126273 0.0123839
0.0734372 0.053447 0.0458233 0.0133829 0.0031487 0.207657
0.0697968 0.0572131 0.0457796 0.0167371 0.00568719 0.252248
0.0533813 0.0266593 0.0439398 0.0271584 -0.0158874 0.206925
0.0508037 0.0705712 0.0426161 0.0307523 0.0193975 0.242419
0.0516055 0.0666209 0.0438007 0.0419183 0.0180603 0.323345
0.0510004 0.0741312 0.0417403 0.0204564 0.0191517 0.188785
0.0835166 0.0838266 0.0437869 0.00014741 0.00459391 0.0335753
0.00891635 0.0120719 0.0101994 0.000792833 -0.0067068 0.0123063
0.0879039 0.00894538 0.0446924 -5.35705e-005 -0.0015035 0.0193143
0.0656519 0.0911077 0.0419419 -0.00190975 0.00612152 0.0503086
0.0670903 0.077305 0.0435516 0.00457344 0.0104059 0.112498
0.0490312 0.0538342 0.0460433 0.0805213 0.00943401 1
0.0533918 0.0517847 0.0464079 0.0639877 0.00600038 1
0.0244418 0.034087 0.0340801 0.212519 -0.0224407 0.049277
0.0176918 0.035572 0.0269086 0.279928 -0.0185784 0.0214576
0.0658447 0.0232701 0.0444841 0.00811664 -0.00923791 0.12782
0.065026 0.0184545 0.0438532 0.00454516 -0.00919497 0.0951727
0.0307053 0.0745855 0.0329629 0.0479579 0.0257499 0.093225
0.0452402 0.0902322 0.0367112 -0.00306439 0.0125126 0.0647391
0.051049 0.0942719 0.0380951 -0.00388563 0.00740547 0.0541148
0.0484394 0.0925213 0.0374277 -0.00388235 0.0095868 0.0582096
0.0443619 0.00867533 0.0372667 0.00095812 -0.0130647 0.0562528
0.00806199 0.0567974 0.0153186 0.419799 0.00944846 0.0122028
0.0246695 0.0590821 0.0358864 0.245707 0.0199306 0.0764466
0.0234411 0.050754 0.0379371 0.352398 0.00693292 0.0547733
0.0494481 0.0642445 0.0441137 0.0536656 0.0179931 0.368785
0.0250814 0.071854 0.0291746 0.0777677 0.0252094 0.0680147
0.0146273 0.0390824 0.0256066 0.392471 -0.013615 0.0145897
0.0493296 0.0886832 0.0383034 -0.00173017 0.0129572 0.0735338
0.0492896 0.0848109 0.0390892 0.00309213 0.0161032 0.0975862
0.080533 0.0802874 0.043894 0.000923569 0.00570888 0.0473602
0.0233334 0.0847915 0.0239492 0.00154282 0.0150116 0.0371619
0.0448975 0.0557252 0.0454653 0.0980011 0.0126338 0.594686
0.0394136 0.045215 0.0458815 0.142109 -0.0023266 0.458527
0.0389069 0.0412233 0.0454044 0.135199 -0.0104814 0.343792
0.0570618 0.0454535 0.0465748 0.0489673 -0.00104484 0.663581
0.0605699 0.0450568 0.0465103 0.0375663 -0.00105411 0.524753
0.0124018 0.0826375 0.0149381 0.00258799 0.0101435 0.0216491
0.0527579 0.0353283 0.0454372 0.0473289 -0.0120055 0.385032
0.0645398 0.0563577 0.0459854 0.026967 0.00684536 0.375823
0.0785398 0.0153981 0.0445895 0.000718404 -0.00386076 0.0427737
0.0155062 0.0212242 0.0183209 0.0569432 -0.0164162 0.0202222
0.0705976 0.0667345 0.0449621 0.0106321 0.00844211 0.170656
0.0676686 0.0692582 0.0446744 0.0115009 0.010087 0.181605
0.0409023 0.0159153 0.0376946 0.0163227 -0.020387 0.0825861
0.052229 0.0913311 0.0388158 -0.00329659 0.00968608 0.061789
0.0648621 0.0515966 0.0463404 0.0281143 0.00290646 0.409786
0.0559208 0.0345444 0.0455082 0.0381777 -0.0110102 0.353914
0.017339 0.0123906 0.0190766 0.00869288 -0.0126642 0.0206853
0.0877661 0.0173129 0.0448866 0.000701315 -0.00232891 0.0297345
0.0866295 0.0281888 0.0452014 0.00269546 -0.00238648 0.054186
0.0857766 0.0249503 0.0451011 0.00220026 -0.00273329 0.0492305
0.0620227 0.0409407 0.0462954 0.0305628 -0.00367347 0.414493
0.0648105 0.0326558 0.0455341 0.0176611 -0.0074864 0.235766
0.0460355 0.0866921 0.0375785 0.000467213 0.0156457 0.0821787
0.00593161 0.0296955 0.00797881 0.114301 -0.00872252 0.011023
0.0606027 0.0189632 0.0433821 0.00702921 -0.0116616 0.110716
0.0607909 0.0155784 0.0429874 0.00354936 -0.0103445 0.0857929
0.0807167 0.0608397 0.0452013 0.00662584 0.00437748 0.10562
0.0844259 0.0611226 0.0450735 0.00508088 0.00397866 0.0797317
0.0216716 0.0700096 0.0266393 0.10194 0.0240168 0.0521043
0.0211435 0.0732229 0.0248181 0.0689702 0.0224279 0.0473341
0.0112339 0.0410406 0.0223847 0.486513 -0.0101638 0.0110798
0.0220703 0.0373804 0.0335108 0.283853 -0.0182704 0.0365027
0.0266171 0.0240063 0.0315287 0.0811743 -0.0252156 0.0558918
0.0396203 0.00833521 0.0350463 0.00186769 -0.0138503 0.0511411
0.0221996 0.0811534 0.0237129 0.0162174 0.0180365 0.0405602
0.019069 0.0811469 0.020927 0.0142688 0.0160445 0.0330479
0.0205813 0.0604513 0.0309621 0.252765 0.0208503 0.045161
0.0422353 0.0459071 0.0462226 0.118772 -0.00101215 0.641679
0.0309831 0.00733848 0.0291026 0.00183559 -0.0133187 0.036505
0.0793411 0.047745 0.0456551 0.00860518 0.000796095 0.133827
0.078844 0.0380634 0.0456174 0.00784287 -0.00193317 0.125682
0.0228095 0.0551416 0.0360123 0.318773 0.0146533 0.0540262
0.0661595 0.0397443 0.0461225 0.0217403 -0.00343294 0.31226
0.00803693 0.0837134 0.0105168 -0.00338664 0.0067319 0.0172933
0.0919885 0.016265 0.0449055 0.00046494 -0.00178308 0.0238628
0.016412 0.00804282 0.0181392 -0.00163304 -0.00907896 0.0186983
0.0389449 0.0376917 0.0445058 0.121368 -0.0160132 0.278643
0.0915962 0.0880431 0.0438189 -0.00016038 0.00289707 0.0187916
0.0887521 0.0906922 0.043682 -0.000393972 0.00266756 0.0195815
0.0856711 0.0934413 0.0434966 -0.000587288 0.00227237 0.0208838
0.0367981 0.0698328 0.0384507 0.0703033 0.0262053 0.167616
0.03752 0.0724159 0.0377915 0.0500288 0.0257548 0.149785
0.0458931 0.0836555 0.0382303 0.00497124 0.0178765 0.100116
0.0918879 0.0790242 0.0441498 0.00083817 0.00395705 0.0270217
0.0506798 0.0345464 0.0451865 0.0513115 -0.0135386 0.360869
0.0760499 0.0262684 0.0451113 0.00508381 -0.0049507 0.0949386
