VARIABLES= "X", "Y", "P", "U", "V", "C"
0 0 0 0 0 0.0133447
0.005 0 0.00584543 0 0 0.0137394
0.01 0 0.00922905 0 0 0.0151475
0.015 0 0.0164827 0 0 0.0212309
0.02 0 0.0239905 0 0 0.0304542
0.025 0 0.0239905 0 0 0.0304542
0.03 0 0.0281802 0 0 0.0377112
0.035 0 0.0287048 0 0 0.0387451
0.04 0 0.0350995 0 0 0.051395
0.045 0 0.037351 0 0 0.054595
0.05 0 0.0378083 0 0 0.0553382
0.055 0 0.0435843 0 0 0.0576744
0.06 0 0.0444966 0 0 0.0531603
0.065 0 0.0449513 0 0 0.0518973
0.07 0 0.0452153 0 0 0.0481952
0.075 0 0.0460982 0 0 0.0387729
0.08 0 0.0465808 0 0 0.0279216
0.085 0 0.046695 0 0 0.0249068
0.09 0 0.046695 0 0 0.0249068
0.095 0 0.0468298 0 0 0.0212439
0.1 0 0.0468355 3.7413e-006 -0.000226138 0.0211272
0.1 0.005 0.0468522 2.00223e-005 -0.000752564 0.0212963
0.1 0.01 0.0469121 0.000135346 -0.00120019 0.022589
0.1 0.015 0.0470749 0.000516857 -0.00166458 0.0294765
0.1 0.02 0.0472707 0.000892096 -0.00144427 0.0382311
0.1 0.025 0.0473986 0 0 0.0429241
0.1 0.03 0.0473986 0 0 0.0429241
0.1 0.035 0.0474102 0 0 0.0451833
0.1 0.04 0.0474705 0.00268473 0.00029178 0.0540999
0.1 0.045 0.0474443 0.00322864 0.000815633 0.0555883
0.1 0.05 0.0474274 0.00351066 0.00110061 0.0565863
0.1 0.055 0.0470851 0.00371417 0.00355327 0.0530855
0.1 0.06 0.0469668 0.00344293 0.00403226 0.0503483
0.1 0.065 0.0468217 0.00302988 0.00444237 0.0473077
0.1 0.07 0.0467464 0.0027286 0.00453733 0.044415
0.1 0.075 0.046397 0.00151679 0.0046024 0.03557
0.1 0.08 0.0461289 0.000521529 0.00400286 0.0276379
0.1 0.085 0.0460326 0.000167276 0.00348856 0.0244013
0.1 0.09 0.0460326 0.000167276 0.00348856 0.0244013
0.1 0.095 0.0459099 -0.000138417 0.00195186 0.0214171
0.1 0.1 0.0459058 0 0 0.0213494
0.095 0.1 0.0458709 0 0 0.0217749
0.09 0.1 0.0455037 0 0 0.0277489
0.085 0.1 0.0454172 0 0 0.0294507
0.08 0.1 0.0450846 0 0 0.0354849
0.075 0.1 0.0440093 0 0 0.0480385
0.07 0.1 0.044181 0 0 0.0491575
0.065 0.1 0.043369 0 0 0.0537478
0.06 0.1 0.0412794 0 0 0.062287
0.055 0.1 0.0412794 0 0 0.062287
0.05 0.1 0.0388402 0 0 0.0620312
0.045 0.1 0.0359878 0 0 0.0573351
0.04 0.1 0.033197 0 0 0.0513586
0.035 0.1 0.033197 0 0 0.0513586
0.03 0.1 0.0290823 0 0 0.042778
0.025 0.1 0.0290823 0 0 0.042778
0.02 0.1 0.0246812 0 0 0.035179
0.015 0.1 0.0172735 0 0 0.0261249
0.01 0.1 0.0120835 0 0 0.0214794
0.005 0.1 0.00360624 0 0 0.0177289
0 0.1 0 0 0 0.0177289
0 0.095 0 0 0 0.0181448
0 0.09 0 0 0 0.0183437
0 0.085 0 0 0 0.0192967
0 0.08 0 0 0 0.0196364
0 0.075 0 0 0 0.0196364
0 0.07 0 0 0 0.01849
0 0.065 0 0 0 0.0145281
0 0.06 0 0 0 0.0145281
0 0.055 0 1 0 0.0132549
0 0.05 0 1 0 0.0129444
0 0.045 0 1 0 0.0117935
0 0.04 0 0 0 0.0120628
0 0.035 0 0 0 0.0127001
0 0.03 0 0 0 0.0126762
0 0.025 0 0 0 0.0137838
0 0.02 0 0 0 0.0135872
0 0.015 0 0 0 0.0134369
0 0.01 0 0 0 0.0134369
0 0.005 0 0 0 0.0133069
0.00447241 0.0874131 0.00657883 -0.00803364 0.00336865 0.0191262
0.00256 0.00353957 0.00396426 -0.00407448 -0.000963431 0.0133447
0.0974172 0.0964082 0.0458944 -0.00015491 0.00161333 0.0211613
0.0964604 0.00256 0.0468435 9.03834e-006 -0.000546311 0.020962
0.00238194 0.0976072 0.00360624 -0.00441548 0.000991804 0.0177289
0.0127849 0.0043896 0.0141689 -0.00542135 -0.00478609 0.0188287
0.00841917 0.00347932 0.00922905 -0.00580573 -0.00279417 0.0151475
0.095565 0.0127058 0.0470016 0.00035339 -0.00161902 0.026421
0.0964778 0.00852734 0.0469121 0.000135346 -0.00120019 0.022589
0.0231513 0.00368712 0.0239905 -0.00174719 -0.00658027 0.0304542
0.01796 0.00375851 0.0198143 -0.00369291 -0.00545233 0.0246899
0.015532 0.0251939 0.0192187 0.0992029 -0.0175449 0.0227859
0.0191958 0.023523 0.0230983 0.0848657 -0.020101 0.0301227
0.0187153 0.0281514 0.0241966 0.145083 -0.0206945 0.0286036
0.0964601 0.0230029 0.0472707 0.000892096 -0.00144427 0.0382311
0.0962468 0.0178699 0.0471417 0.000665875 -0.00170612 0.0322619
0.0747361 0.0159631 0.0464586 0.00184388 -0.00577818 0.0655793
0.0766718 0.0192818 0.0467585 0.00285211 -0.00556794 0.0715379
0.0722885 0.01904 0.0464919 0.00401569 -0.00717918 0.0876818
0.0272087 0.00239815 0.0263764 -0.00135665 -0.00541969 0.0341564
0.0309201 0.00344181 0.0287048 -0.000952554 -0.00780947 0.0387451
0.0273151 0.00550903 0.0269239 0.000586175 -0.0104155 0.0361751
0.00796538 0.0491288 0.0204656 0.68382 0.002852 0.0124396
0.0110744 0.0528307 0.0235172 0.530344 0.00796824 0.0147428
0.00670318 0.0530398 0.0159545 0.604732 0.00621166 0.0129273
0.0332769 0.013692 0.0333659 0.0218125 -0.0211923 0.0627495
0.0310268 0.0105883 0.0306025 0.0118856 -0.0179631 0.0494097
0.0346026 0.00967541 0.0332361 0.00800503 -0.0169912 0.0552829
0.00300337 0.0134889 0.00405813 0.000444871 -0.00279476 0.0134369
0.00506595 0.0100592 0.00618136 -0.00318957 -0.00335359 0.0138849
0.0756551 0.029422 0.0474116 0.00845721 -0.00517032 0.126372
0.0792233 0.027711 0.0473432 0.00609752 -0.00452247 0.0994265
0.0780819 0.0315933 0.0475443 0.00826482 -0.0040418 0.12277
0.0943956 0.0272441 0.0473458 0.00143467 -0.0014651 0.0440539
0.0926615 0.0309831 0.0474224 0.00227568 -0.00141156 0.0518296
0.0907561 0.0275749 0.0473484 0.002296 -0.00208426 0.0515969
0.0901909 0.0346583 0.0475091 0.00357019 -0.00124855 0.0638901
0.0892112 0.0309766 0.0474424 0.00330372 -0.0019643 0.0619673
0.0865167 0.00303925 0.046695 -0.000161547 -0.000821627 0.0249068
0.0899305 0.00507751 0.0467906 -6.43005e-005 -0.00104089 0.0234661
0.0962759 0.0391469 0.0474808 0.00240753 3.70218e-005 0.0535483
0.0697948 0.00669028 0.0454894 -0.000595234 -0.00379581 0.0503945
0.0750534 0.00540153 0.0460518 -0.000612683 -0.00234258 0.0398738
0.0748956 0.01106 0.0462313 0.000311556 -0.0045158 0.0510698
0.0939618 0.0428392 0.0474893 0.00358897 0.000495187 0.0596694
0.0973333 0.0427043 0.04746 0.00296654 0.000550774 0.0546607
0.0825327 0.00356626 0.0465808 -0.000288208 -0.00107657 0.0279216
0.078548 0.00330516 0.0463685 -0.000457603 -0.00126999 0.0323578
0.0620046 0.0055218 0.0444238 -0.00101949 -0.00460761 0.0569334
0.0652791 0.00446393 0.0449138 -0.000846531 -0.003302 0.0524239
0.0642685 0.00860859 0.0448263 -9.33584e-005 -0.00625795 0.062679
0.0824665 0.030027 0.0474576 0.00568126 -0.00340924 0.0918464
0.0394108 0.00363431 0.0347984 -0.00114636 -0.00784771 0.0510114
0.0058518 0.0251091 0.00713827 0.0586135 -0.0076106 0.0139783
0.0112986 0.0239063 0.0137328 0.075192 -0.0131611 0.0175903
0.00905501 0.0277984 0.011826 0.113232 -0.0119985 0.0152156
0.0965421 0.0462939 0.0474274 0.00351066 0.00110061 0.0565863
0.0602374 0.0112645 0.0442964 0.00153949 -0.0092249 0.0767619
0.0644835 0.0133983 0.0451333 0.00252962 -0.00896197 0.081641
0.0973543 0.0615249 0.0469668 0.00344293 0.00403226 0.0503483
0.0966422 0.0578627 0.0470851 0.00371417 0.00355327 0.0530855
0.069046 0.0176845 0.0460993 0.00413532 -0.00833901 0.0915222
0.0712847 0.0150357 0.0461128 0.00213444 -0.00690213 0.0732527
0.00345446 0.0175177 0.00442575 0.00775025 -0.0037219 0.0135872
0.00348997 0.0214972 0.004355 0.0192913 -0.00436871 0.013562
0.0434206 0.00533535 0.0370923 -0.000644323 -0.00982229 0.0569644
0.0428716 0.00242364 0.0364066 -0.00143377 -0.00531931 0.0530605
0.0561464 0.00882334 0.0430701 0.000175735 -0.00910036 0.0702829
0.0533474 0.00457687 0.0416124 -0.00162451 -0.00629476 0.0601741
0.05829 0.00403083 0.0435843 -0.00140262 -0.00436087 0.0576744
0.0825282 0.0696639 0.0467773 0.00490241 0.00652606 0.0830702
0.0856326 0.0715069 0.0466676 0.0036519 0.0060037 0.0660102
0.0823751 0.0726296 0.0465914 0.00405655 0.00677815 0.0763819
0.00582295 0.0379734 0.011956 0.369864 -0.00859878 0.0122135
0.0051111 0.0342613 0.0083894 0.196425 -0.00819476 0.0127143
0.00877978 0.036083 0.0148019 0.308269 -0.0116444 0.0131649
0.0332698 0.022241 0.0361235 0.0585713 -0.0255939 0.0884541
0.0299083 0.0244369 0.0344112 0.0820373 -0.026159 0.0740394
0.028224 0.0208593 0.0318563 0.0587029 -0.0244345 0.0601598
0.0887278 0.0610411 0.0471245 0.00494124 0.00438406 0.0712533
0.0907154 0.0650917 0.0469283 0.00387864 0.00470887 0.0589864
0.086503 0.0649858 0.0469992 0.00494519 0.00522656 0.0752833
0.0621152 0.00286001 0.0444966 -0.000999617 -0.00264451 0.0531603
0.0459507 0.00280405 0.0378083 -0.00155443 -0.005665 0.0553382
0.0131027 0.0344262 0.0196489 0.267553 -0.0154381 0.0163327
0.011204 0.0381221 0.0194878 0.384798 -0.012525 0.0135345
0.0167766 0.0318075 0.0230405 0.207684 -0.0189587 0.022358
0.0133839 0.0288861 0.0176455 0.15053 -0.0162504 0.0187821
0.0403732 0.0913366 0.0356997 -0.00321246 0.0126118 0.0670972
0.044335 0.0939135 0.0369782 -0.0038948 0.00922151 0.0637937
0.0402342 0.0957126 0.034878 -0.00424045 0.00704509 0.0564922
0.00289272 0.0378727 0.00645973 0.308065 -0.00513256 0.0120628
0.00408592 0.0417067 0.0122219 0.632427 -0.00469883 0.0117935
0.0950646 0.0647221 0.0468925 0.00331295 0.00435315 0.0500256
0.0921778 0.0616186 0.0470354 0.00401989 0.00417301 0.0581783
0.0329965 0.0969405 0.0313036 -0.00478508 0.00450697 0.0474572
0.0359633 0.0941456 0.0330513 -0.005348 0.0086709 0.0540474
0.0369214 0.0973654 0.033197 -0.00387143 0.00459986 0.0513586
0.00250092 0.0569438 0.00565746 0.340928 0.0045699 0.0135287
0.00315217 0.0535864 0.00921376 0.643083 0.00406108 0.0129444
0.0049815 0.0560931 0.0104939 0.451304 0.00673388 0.0134013
0.095866 0.0827474 0.0461289 0.000521529 0.00400286 0.0276379
0.0964367 0.0783855 0.0462982 0.0011293 0.00442459 0.0319868
0.0386573 0.0861702 0.03576 0.00383261 0.0181021 0.0828281
0.0429772 0.0846886 0.038131 0.00612057 0.0189858 0.0996993
0.0426567 0.0878239 0.0373716 0.000580217 0.0162174 0.083334
0.0932258 0.0697828 0.0467079 0.00277551 0.00481122 0.0470317
0.0946371 0.07473 0.0464798 0.00184192 0.00475159 0.0385767
0.089554 0.0738932 0.0465234 0.00241388 0.0053634 0.0490248
0.0970191 0.0867246 0.0460326 0.000167276 0.00348856 0.0244013
0.095234 0.089893 0.0459443 -7.22246e-005 0.00297869 0.0233626
0.00437094 0.0600395 0.00673689 0.236833 0.00667989 0.0145281
0.00561171 0.0649562 0.00710121 0.117527 0.0077534 0.017298
0.0942154 0.0862276 0.0460155 0.000153074 0.00364667 0.0257719
0.0479495 0.0964612 0.0380586 -0.00332891 0.00592973 0.0616334
0.0435037 0.0972175 0.0359878 -0.00329767 0.00515538 0.0573351
0.0851127 0.0753505 0.0464228 0.00266036 0.006196 0.0590906
0.0802988 0.0760908 0.0462949 0.00320245 0.0072842 0.0738778
0.0195127 0.0915991 0.0213258 -0.0100681 0.00685889 0.0316712
0.0231912 0.0930701 0.0248073 -0.00916469 0.00645556 0.036771
0.0206569 0.0943152 0.022917 -0.0102813 0.00466626 0.0329034
0.0903486 0.0954747 0.0457012 -0.000377513 0.00189337 0.024815
0.0946053 0.0944584 0.0458601 -0.000231529 0.00200883 0.0220562
0.0865886 0.0969786 0.0455037 -0.000451863 0.00151115 0.0277489
0.0810725 0.0919109 0.0453671 -0.000768766 0.00370428 0.0355331
0.0825644 0.0962798 0.0453104 -0.000654919 0.0019916 0.0315551
0.0774802 0.0955982 0.0448885 -0.000978205 0.0027571 0.038898
0.084643 0.0888865 0.0456733 -0.000349901 0.00411928 0.0338287
0.0801208 0.0872204 0.0455425 -0.000233657 0.00534133 0.0436702
0.0652115 0.0966771 0.043369 -0.00161344 0.00327798 0.0537478
0.0610973 0.0943457 0.0426144 -0.00243236 0.00584596 0.0613671
0.0587776 0.0870231 0.0428762 0.000146319 0.0119646 0.0895355
0.0633486 0.086782 0.0438212 2.81504e-005 0.0103932 0.0831352
0.0611855 0.0901683 0.0430093 -0.00181846 0.0089268 0.0717384
0.0566477 0.0961313 0.0412794 -0.00270434 0.00508135 0.062287
0.0525385 0.0968422 0.0398805 -0.00291044 0.0049793 0.0625606
0.0539556 0.094075 0.0405365 -0.0032863 0.00767677 0.0665989
0.0148211 0.054799 0.0278892 0.425604 0.0121357 0.0208156
0.0151628 0.0507962 0.0302388 0.488182 0.00576376 0.0197357
0.0189725 0.0537974 0.0330417 0.38582 0.0117503 0.0324859
0.0178948 0.0958187 0.0205903 -0.0100355 0.00351289 0.0295348
0.0222317 0.0965142 0.0246812 -0.00812673 0.00323792 0.035179
0.00887085 0.0610978 0.0136478 0.250224 0.0118819 0.0174254
0.012211 0.0577716 0.0218365 0.369657 0.0135817 0.0185723
0.0135558 0.0622684 0.0205359 0.237129 0.0168016 0.0242949
0.0140748 0.0715785 0.0176521 0.0801613 0.016298 0.0304577
0.0112023 0.0692102 0.014545 0.0973993 0.0137562 0.024748
0.0149757 0.0671527 0.0201426 0.142936 0.0183503 0.0310231
0.0123896 0.0954372 0.0144182 -0.0109064 0.00359471 0.0231895
0.0155444 0.0927335 0.0181637 -0.0118322 0.0057691 0.0270113
0.00250756 0.072792 0.00355125 0.0146851 0.00313597 0.0188697
0.00344776 0.0691236 0.00443682 0.0400342 0.00454737 0.0181228
0.00575746 0.0728544 0.00743696 0.0305674 0.0065638 0.0202428
0.0406101 0.0698863 0.040963 0.0670533 0.025792 0.20036
0.0464119 0.0681578 0.0435909 0.0573257 0.0227342 0.270707
0.0438925 0.0724901 0.0413467 0.04455 0.0245166 0.191948
0.0035661 0.0769646 0.00518688 0.00811122 0.00400104 0.0196364
0.00376064 0.0821437 0.00552371 -0.00192444 0.0035717 0.0194484
0.0276826 0.0765759 0.0305495 0.0478088 0.0244568 0.0767078
0.0305137 0.081341 0.0315224 0.0200103 0.0215742 0.0744904
0.0260492 0.081328 0.0276767 0.0201409 0.019948 0.0578773
0.003392 0.0919198 0.0053709 -0.00859558 0.0022744 0.0183437
0.0918006 0.0568457 0.04721 0.00454497 0.00342965 0.0639498
0.0958924 0.0534194 0.0472493 0.00390578 0.00264208 0.0562735
0.00872347 0.0442712 0.0215186 0.631743 -0.00450519 0.0121701
0.00424434 0.0467115 0.0144547 0.822757 -0.000318714 0.0119411
0.0518158 0.00852089 0.0413996 0.000439318 -0.0108479 0.0696999
0.0479065 0.0114209 0.0405526 0.00511587 -0.0150955 0.0798869
0.0482109 0.00597719 0.0394837 -0.000631063 -0.00942426 0.0619485
0.0851203 0.00655249 0.0466981 -0.00015613 -0.00150634 0.0272914
0.00794468 0.0965439 0.00962464 -0.00904737 0.00256973 0.0196784
0.0730592 0.0967472 0.0443634 -0.00111413 0.00263446 0.0449034
0.0920135 0.0513372 0.0473809 0.00463911 0.00221282 0.0658124
0.0886505 0.0481464 0.0475283 0.00568262 0.00150262 0.0804805
0.0926058 0.0470178 0.047458 0.00431985 0.00129845 0.0642359
0.00649642 0.0148678 0.00745343 0.00589748 -0.00553446 0.0145111
0.0487955 0.0271687 0.0447272 0.0457534 -0.0199435 0.220465
0.0455767 0.0238366 0.0429517 0.0407299 -0.0221866 0.166027
0.0499163 0.0231429 0.0439356 0.0296871 -0.0197265 0.169499
0.0478669 0.0582075 0.046566 0.0896405 0.015241 0.537833
0.0457658 0.0626467 0.0450759 0.0835513 0.0200696 0.376758
0.0438758 0.0593052 0.0455809 0.108267 0.0177886 0.433658
0.0954175 0.0496677 0.0473646 0.00389661 0.00182679 0.0579719
0.0745785 0.0458069 0.0480482 0.0158135 -0.000197062 0.21192
0.0766159 0.0494223 0.0479257 0.0135563 0.00143584 0.183835
0.072937 0.0494529 0.0481007 0.0182673 0.0013041 0.242208
0.0044491 0.0504713 0.0138274 0.77493 0.00298739 0.0123915
0.030565 0.0466251 0.0437375 0.259373 1.77382e-005 0.151275
0.0282123 0.0502294 0.0420155 0.288109 0.00703515 0.114299
0.0268113 0.0463475 0.0411508 0.315262 -0.00199924 0.0796233
0.0545495 0.0387553 0.0476965 0.0575251 -0.00865274 0.490928
0.0591059 0.0378218 0.0478727 0.0416417 -0.0074773 0.415478
0.0579841 0.0419195 0.0481925 0.0510198 -0.0039502 0.547404
0.0405952 0.0493968 0.046748 0.150294 0.00539411 0.575022
0.0362689 0.0507684 0.0456295 0.188552 0.00816956 0.323948
0.0367905 0.0478682 0.0460766 0.185379 0.00334756 0.345741
0.0579471 0.0690948 0.0457968 0.0284898 0.0165845 0.271219
0.0559838 0.0649124 0.046333 0.0436701 0.0163916 0.361685
0.0608385 0.0655295 0.0467941 0.0302932 0.0138475 0.313715
0.0538312 0.0474222 0.0481751 0.0730528 0.00114403 1
0.0495925 0.0494008 0.0478545 0.0934651 0.0042193 1
0.0502734 0.045168 0.0479621 0.0864516 -0.00188146 1
0.0439054 0.0356447 0.0459449 0.0943135 -0.0167457 0.330293
0.0422348 0.0386512 0.0462949 0.114744 -0.0140098 0.363437
0.0409462 0.035439 0.0452755 0.109718 -0.0182228 0.280572
0.0418897 0.0536847 0.0466069 0.133622 0.0113631 0.569164
0.0406619 0.0575687 0.0453789 0.135017 0.0162672 0.407987
0.0373826 0.0543515 0.0452398 0.17232 0.0128683 0.34205
0.0668673 0.0605436 0.0475592 0.0238892 0.00945013 0.291665
0.0660001 0.0651889 0.047092 0.0212287 0.0113424 0.257165
0.0629875 0.061354 0.0473416 0.0304139 0.0114822 0.338025
0.0683364 0.0859871 0.0446266 0.000173444 0.0089037 0.0743703
0.0647644 0.0833113 0.0444565 0.00212941 0.0113585 0.0969599
0.0677501 0.081277 0.0450653 0.00304388 0.0108014 0.099208
0.0352674 0.0639527 0.0406099 0.126007 0.0251979 0.196777
0.0342977 0.0679529 0.0386317 0.0980073 0.0271836 0.16074
0.0311916 0.0658612 0.0378154 0.122681 0.02687 0.144593
0.0562415 0.0595303 0.0472218 0.0540753 0.0131792 0.487331
0.0606579 0.0590472 0.0475025 0.0399815 0.0113529 0.420791
0.0593616 0.062024 0.0471404 0.0388051 0.0132667 0.384435
0.061729 0.0293209 0.0468641 0.022654 -0.0114903 0.227717
0.058452 0.0254011 0.0459922 0.0214769 -0.0142543 0.193405
0.0629231 0.025743 0.046466 0.0164644 -0.0118133 0.180246
0.0946079 0.0605148 0.0470343 0.00375089 0.00392177 0.0539233
0.070713 0.0621099 0.0474356 0.0165293 0.0083573 0.217692
0.0743412 0.0584498 0.0476464 0.0142803 0.00600556 0.193737
0.0739919 0.0618169 0.0474354 0.013263 0.00724472 0.182855
0.02966 0.037994 0.0408661 0.225268 -0.018328 0.0973668
0.025472 0.0414024 0.038876 0.305969 -0.012924 0.0578518
0.0259782 0.0368559 0.0373631 0.24774 -0.0197885 0.0597952
0.00452776 0.0954288 0.0063755 -0.00824984 0.00224772 0.0184339
0.00812658 0.0916129 0.0103348 -0.011009 0.00464681 0.0204532
0.00799073 0.0875019 0.0105572 -0.00935128 0.00571607 0.0210328
0.00248576 0.00680997 0.00368437 -0.00449334 -0.00137117 0.0132675
0.00939285 0.00779908 0.0108083 -0.00467407 -0.00523528 0.0161178
0.0127691 0.00791016 0.0145238 -0.00354238 -0.00716527 0.0190424
0.09319 0.00248576 0.046813 -2.67591e-005 -0.00055509 0.0215903
0.0921342 0.00947103 0.0469037 0.000161535 -0.00156758 0.0250204
0.0919971 0.0128103 0.0469728 0.000376139 -0.00191348 0.0281037
0.0974869 0.0931274 0.0459265 -0.00012078 0.00231388 0.0216906
0.0921574 0.0916891 0.0458404 -0.000271558 0.00274857 0.0241791
0.0475857 0.0732394 0.0423946 0.033195 0.0224748 0.200306
0.049221 0.0773171 0.0419681 0.019323 0.0207472 0.162561
0.0446354 0.0768512 0.040532 0.0265448 0.0230592 0.156117
0.0528389 0.0630842 0.046232 0.0586985 0.0171732 0.416551
0.03236 0.0570232 0.0426529 0.198856 0.0173775 0.200497
0.0337758 0.052999 0.0444607 0.207997 0.0115137 0.243109
0.0199051 0.0669914 0.0263333 0.146728 0.0228809 0.0473336
0.0181402 0.0705413 0.0228506 0.102253 0.0208508 0.0409065
0.0350137 0.0054052 0.0323821 0.000287653 -0.0111356 0.0476163
0.037724 0.0290111 0.0417273 0.0919978 -0.0246619 0.159874
0.0331357 0.027319 0.0383934 0.0975012 -0.0262511 0.109389
0.0365427 0.0251721 0.0397356 0.0712919 -0.0260206 0.126817
0.094571 0.0350387 0.0474753 0.00224067 -0.000647851 0.0525771
0.0730084 0.0334489 0.0476885 0.0132806 -0.00479428 0.178586
0.0719118 0.0280882 0.0472436 0.0102195 -0.00679464 0.145052
0.0309712 0.0933957 0.0299997 -0.00661442 0.00856736 0.0477155
0.040481 0.0743248 0.0394619 0.0417654 0.025403 0.157863
0.0401042 0.0785011 0.0381533 0.0243412 0.0236448 0.126322
0.0365749 0.0758863 0.0369885 0.0391516 0.025664 0.12544
0.0505943 0.0410199 0.0476972 0.0774896 -0.00746848 0.591502
0.0473337 0.0428691 0.0476214 0.0973298 -0.00571733 0.653239
0.0466624 0.0388952 0.0470021 0.0914754 -0.0117961 0.459961
0.0425701 0.0313564 0.0444317 0.082123 -0.0209 0.241334
0.0540798 0.0433677 0.0481059 0.0669065 -0.00358336 0.676648
0.0704923 0.0387382 0.0480293 0.0194772 -0.00327315 0.250309
0.0726831 0.0423085 0.0480817 0.0176192 -0.00146775 0.232746
0.0685109 0.0432751 0.0482335 0.0244522 -0.00153845 0.310567
0.0749158 0.0751536 0.046224 0.0049701 0.00893568 0.101001
0.0766004 0.0791797 0.0459142 0.00240934 0.00795881 0.0746902
0.0792255 0.023207 0.0470879 0.00407333 -0.00488961 0.079481
0.0739277 0.0231693 0.0469028 0.00588329 -0.00670625 0.102711
0.0232831 0.0208785 0.027069 0.0618892 -0.0220361 0.0420245
0.0232461 0.0262317 0.0289632 0.116507 -0.0237495 0.0440227
0.0732961 0.0935284 0.044597 -0.0013468 0.00420044 0.0458999
0.0701325 0.0789949 0.0455501 0.00398587 0.010348 0.102462
0.072882 0.0823495 0.0454148 0.00151043 0.0085703 0.0755678
0.0454167 0.051481 0.0473493 0.112295 0.00792535 1
0.0272739 0.0639245 0.0360487 0.162836 0.0252137 0.109713
0.0279453 0.0684014 0.0339225 0.107978 0.0270606 0.101486
0.0568282 0.0914548 0.0417318 -0.00248297 0.00916658 0.0718627
0.0537718 0.0869804 0.0415598 0.00112055 0.0139929 0.0956431
0.0570337 0.0543361 0.0479247 0.0594393 0.00838932 0.64192
0.0599685 0.0564134 0.0478214 0.0476405 0.00940123 0.512025
0.0533151 0.0769998 0.0431921 0.0160593 0.0189256 0.170164
0.0546851 0.0727393 0.0444233 0.0246214 0.0188322 0.221591
0.0567362 0.0761918 0.0442029 0.0143972 0.0171978 0.174983
0.0677844 0.0354647 0.047834 0.0211587 -0.00567965 0.258372
0.0506472 0.0188527 0.0430919 0.0172076 -0.0182201 0.127726
0.0547529 0.0191589 0.0441835 0.0133765 -0.0158603 0.130508
0.054189 0.022393 0.0447577 0.0206028 -0.016792 0.163101
0.0672226 0.0730983 0.0460792 0.0108177 0.0121345 0.163321
0.0717488 0.0712367 0.0465507 0.00935523 0.0100341 0.14595
0.0705902 0.0756979 0.0459601 0.00619064 0.0105206 0.120057
0.0807451 0.0506203 0.0477247 0.00990336 0.00217393 0.136386
0.0806892 0.0547335 0.0475843 0.00944026 0.00375098 0.130911
0.0774151 0.0541096 0.0477449 0.0122681 0.00379249 0.167856
0.0346058 0.0312163 0.0411778 0.122983 -0.0243984 0.141955
0.019121 0.04883 0.0343089 0.439185 0.00202407 0.026983
0.0190793 0.0452665 0.0337847 0.436703 -0.00541993 0.0239381
0.0224118 0.0457865 0.0372296 0.381495 -0.00431331 0.038697
0.0119758 0.0478132 0.0265084 0.583696 0.000540495 0.0139665
0.0169436 0.058629 0.0279581 0.315826 0.017267 0.0296424
0.0207953 0.0574203 0.0329941 0.30977 0.0176391 0.0435733
0.0880069 0.0526805 0.0474484 0.00596127 0.00259503 0.08304
0.0849227 0.0493053 0.0476106 0.0073526 0.00176602 0.102362
0.0820098 0.0459547 0.0477554 0.00905043 0.000736372 0.12565
0.085882 0.04571 0.0476377 0.00679703 0.000825778 0.0960678
0.0526361 0.0122109 0.0423496 0.00433574 -0.0135899 0.0854605
0.0426513 0.012308 0.0385899 0.00972639 -0.0181069 0.0784535
0.0458402 0.0162986 0.0409707 0.0163634 -0.0195074 0.103998
0.0239969 0.0784139 0.0265516 0.0370642 0.0215822 0.0565744
0.0129064 0.0755199 0.0157213 0.041687 0.0136627 0.0284691
0.0104503 0.0789826 0.0130013 0.0161932 0.00992523 0.0247665
0.0100962 0.0758776 0.0127365 0.0306085 0.0107265 0.0246105
0.0883637 0.0243979 0.0472527 0.00226424 -0.00270364 0.0519092
0.0848379 0.0213234 0.0471153 0.00219699 -0.00343676 0.0540682
0.089822 0.0205547 0.0471484 0.00135392 -0.0025112 0.0413935
0.096572 0.0309044 0.0474102 0.00119169 -0.000792896 0.0451833
0.0975642 0.0272045 0.0473614 0.000764409 -0.000855852 0.0416023
0.032482 0.0769549 0.0340726 0.0394971 0.0252756 0.0984008
0.0290592 0.0970975 0.0290823 -0.00554667 0.00367756 0.042778
0.0263283 0.0951514 0.0272631 -0.00751616 0.00522413 0.0401327
0.0308573 0.0175772 0.03261 0.0358895 -0.0231956 0.0632551
0.024174 0.0132227 0.0263004 0.0188406 -0.0179662 0.0391446
0.0211525 0.0104597 0.0230003 0.00769925 -0.0137042 0.0309746
0.0250852 0.0106338 0.0265882 0.00996007 -0.0160988 0.0386118
0.0436211 0.0811597 0.0391429 0.0142992 0.0213388 0.122499
0.0402359 0.0621477 0.0434317 0.113855 0.022244 0.294216
0.036167 0.05949 0.0431323 0.152531 0.0203998 0.261136
0.00824524 0.0399433 0.0172417 0.473543 -0.00945186 0.0122333
0.00297967 0.0282515 0.00399325 0.061034 -0.00483916 0.0129381
0.00280448 0.0314417 0.0044616 0.0991386 -0.00526169 0.0126762
0.0600703 0.00764565 0.0440549 -0.000588829 -0.00672653 0.063756
0.0717248 0.00305437 0.0456036 -0.000692271 -0.00186377 0.0440174
0.0684054 0.00285474 0.0452153 -0.000720304 -0.00206833 0.0481952
0.0969496 0.071612 0.0466168 0.0022694 0.00463645 0.0408193
0.097048 0.0682234 0.0467464 0.0027286 0.00453733 0.044415
0.072933 0.0868115 0.0450293 -0.00032856 0.00717735 0.0596759
0.0697073 0.0947218 0.0441368 -0.00151224 0.00408491 0.0501887
0.0710253 0.0902705 0.0445666 -0.00120349 0.00616235 0.0548342
0.069714 0.0242598 0.046772 0.00852557 -0.00837273 0.127987
0.0667467 0.0477937 0.0483437 0.0295908 0.000571323 0.372434
0.0707615 0.0467484 0.0482047 0.0213465 -3.04087e-005 0.278179
0.0366798 0.0179798 0.0368495 0.0316569 -0.0235346 0.0867812
0.0379622 0.0222597 0.0391747 0.0504619 -0.025248 0.116181
0.0410624 0.0255133 0.0418472 0.0603282 -0.0243019 0.1582
0.0450044 0.0275333 0.0439082 0.0563691 -0.0219645 0.206899
0.0171459 0.0745432 0.020452 0.0583314 0.0182428 0.0374067
0.0780998 0.0704656 0.0467208 0.00639168 0.00780477 0.107097
0.056613 0.0799997 0.043516 0.00844562 0.016283 0.1398
0.0599425 0.0779577 0.0445443 0.00942222 0.0150742 0.15077
0.0475421 0.0809262 0.0407218 0.0135309 0.0202506 0.134195
0.0505542 0.0371436 0.0471316 0.068158 -0.0121272 0.43965
0.0646264 0.0442626 0.048342 0.033609 -0.00127483 0.410193
0.0627559 0.0485162 0.0483931 0.0404342 0.00147883 0.491719
0.0581145 0.0492777 0.0482921 0.0574803 0.00275753 0.690513
0.0613695 0.0527954 0.0482313 0.0457318 0.00541712 0.538433
0.00758075 0.0691185 0.00969937 0.0762668 0.00940333 0.0205676
0.0102706 0.0656629 0.0139323 0.149598 0.0133003 0.0215772
0.0846688 0.0420358 0.0476821 0.00707476 -0.000216123 0.101567
0.0805646 0.0417365 0.0478033 0.00962302 -0.000701063 0.134645
0.0858432 0.033292 0.047532 0.00505382 -0.00220032 0.0817573
0.0874572 0.0381746 0.0475928 0.00517762 -0.000940358 0.0803134
0.0500043 0.0148613 0.0420638 0.0097608 -0.0167318 0.0994226
0.0379556 0.0129843 0.0363482 0.0151255 -0.0200584 0.0723749
0.0760702 0.0859031 0.0453722 -1.38918e-005 0.00664821 0.0548574
0.0782872 0.0831278 0.0456913 0.000761609 0.00678626 0.0567439
0.0742167 0.067821 0.0469355 0.0099488 0.00870251 0.148308
0.0805651 0.0188687 0.0469052 0.00206785 -0.00439017 0.0583925
0.0712105 0.0218921 0.0466697 0.00619215 -0.00777667 0.107447
0.018892 0.0194584 0.0218054 0.0493216 -0.0181594 0.0291842
0.0244707 0.0305719 0.0322029 0.168667 -0.0240218 0.0492861
0.0218893 0.0292645 0.0286164 0.1578 -0.0230576 0.0377671
0.0801537 0.00755803 0.0465143 -0.000275354 -0.00223777 0.0338034
0.0842106 0.0106022 0.0467559 0.000121733 -0.0024239 0.0325477
0.0802239 0.0120723 0.046634 0.000300263 -0.00337408 0.0409515
0.0877666 0.0779155 0.0462928 0.00164131 0.0055219 0.0456927
0.0842679 0.0793049 0.0461463 0.00156709 0.00610069 0.051906
0.00758684 0.0197148 0.00896134 0.0281226 -0.00811313 0.0151832
0.0105613 0.0157136 0.0121807 0.015067 -0.00937483 0.0173518
0.0121745 0.0194179 0.014183 0.0381186 -0.0122608 0.0188577
0.0199066 0.0871608 0.0209418 -0.0039005 0.0110091 0.0337705
0.0164497 0.0843406 0.0186134 0.00232541 0.0117233 0.0311263
0.0202823 0.0837036 0.021696 0.00536161 0.0144223 0.0375497
0.0204667 0.0775366 0.0233254 0.0397153 0.0195892 0.0455607
0.0235912 0.0754007 0.0269169 0.0553599 0.0229866 0.0589803
0.0328422 0.0494236 0.0447264 0.222743 0.00616205 0.232984
0.0348325 0.0445372 0.0455844 0.200977 -0.00403218 0.254243
0.0375424 0.0340443 0.0436767 0.125308 -0.0210231 0.202436
0.0349112 0.0389954 0.0443048 0.178005 -0.0157257 0.192638
0.0327679 0.0344734 0.0413969 0.160755 -0.0223874 0.130932
0.0738472 0.0645044 0.0472276 0.0120458 0.00805003 0.169842
0.0691131 0.0518531 0.048198 0.0246114 0.00302215 0.315662
0.0282467 0.0334158 0.0375753 0.183931 -0.0234646 0.0781232
0.0263232 0.0542829 0.039535 0.293268 0.0131485 0.0879172
0.0303241 0.0535214 0.0427162 0.24643 0.0119525 0.158851
0.0285191 0.0567346 0.0405104 0.243171 0.016883 0.124885
0.0665598 0.0279433 0.047006 0.0149897 -0.00931613 0.182747
0.0517474 0.0315315 0.0462274 0.0521606 -0.016103 0.306153
0.047147 0.0303087 0.0451841 0.0604761 -0.0195249 0.260751
0.0380789 0.066531 0.0410204 0.096753 0.025842 0.20879
0.042075 0.0658548 0.042859 0.0845585 0.0242531 0.260727
0.05232 0.0815364 0.0420633 0.00875619 0.0178202 0.130726
0.0564873 0.0837207 0.0428632 0.00389925 0.0149873 0.113121
0.0401677 0.082307 0.0373074 0.0123936 0.0212869 0.104854
0.0318068 0.061817 0.0403059 0.158585 0.0237704 0.174548
0.0289186 0.0597631 0.0395813 0.201463 0.0214809 0.136054
0.0156376 0.0791968 0.0182326 0.0237197 0.0144368 0.0325137
0.00980679 0.0729009 0.0124472 0.0495929 0.0111932 0.0241142
0.00763578 0.0762269 0.00992635 0.0212311 0.00804123 0.0220309
0.0630123 0.0700029 0.0462639 0.0192684 0.0137762 0.230077
0.0633923 0.075251 0.0453944 0.0109232 0.0139078 0.164064
0.0541468 0.068755 0.0452105 0.0374952 0.0188727 0.289916
0.0688634 0.0207136 0.0463912 0.00643929 -0.0087533 0.109963
0.0579116 0.021049 0.0451118 0.0143071 -0.0145815 0.147074
0.0617934 0.0221468 0.0458554 0.0135013 -0.0126769 0.152933
0.0814579 0.0655538 0.0470515 0.00670286 0.00620886 0.102107
0.077066 0.0622037 0.0473616 0.0109084 0.00658431 0.153981
0.0769375 0.0661097 0.0470735 0.00916808 0.00757809 0.13635
0.0209121 0.0323445 0.0289218 0.208634 -0.0216037 0.033129
0.0184448 0.0391806 0.0304905 0.361883 -0.0149155 0.022911
0.0207583 0.0419389 0.0344875 0.378018 -0.011446 0.0295598
0.0170712 0.0426167 0.0307672 0.442858 -0.00948574 0.0191582
0.0759553 0.0900395 0.0450735 -0.000892302 0.00523239 0.0462883
0.0569658 0.030195 0.0466452 0.0340391 -0.0138128 0.269111
0.0603985 0.0336345 0.0474277 0.0322066 -0.0100106 0.311143
0.0687955 0.0315726 0.047518 0.0164553 -0.00704916 0.206423
0.0304398 0.0426072 0.0430706 0.253435 -0.00964403 0.123739
0.0280882 0.0280882 0.0347088 0.120818 -0.0258149 0.071632
0.0315135 0.0309169 0.0390419 0.136538 -0.0252895 0.106556
0.020875 0.0155242 0.0233067 0.0268964 -0.0173182 0.0327269
0.0258604 0.0167379 0.0284292 0.0337959 -0.0212864 0.0465489
0.0277395 0.00901726 0.0279107 0.00712661 -0.0153255 0.0407402
0.0240763 0.00752579 0.0251003 0.00286936 -0.0123119 0.0338216
0.0831267 0.0259035 0.0472836 0.00390172 -0.00366782 0.0728192
0.0923599 0.0237951 0.0472569 0.00147347 -0.00203772 0.0426761
0.084018 0.0535079 0.0475231 0.00760709 0.00307305 0.105741
0.086636 0.0569405 0.0473446 0.00621545 0.00373011 0.087138
0.082388 0.0575113 0.0474467 0.00812021 0.00424096 0.113816
0.0536268 0.0160687 0.0432908 0.00934986 -0.0153717 0.107213
0.0566276 0.0135138 0.0437562 0.00439147 -0.012186 0.0907967
0.05739 0.0174312 0.0443982 0.00913437 -0.013918 0.116088
0.015954 0.0464795 0.030842 0.49822 -0.00259975 0.0178782
0.0133136 0.0435544 0.0267828 0.519148 -0.007129 0.0143269
0.0126411 0.0912371 0.0153223 -0.0116721 0.00648059 0.0244584
0.0114937 0.087124 0.0144691 -0.00707872 0.00785975 0.024623
0.0159045 0.0890962 0.0183942 -0.00862426 0.00827025 0.0284933
0.0154656 0.0165805 0.0176603 0.0269851 -0.0137857 0.0230347
0.0129697 0.0116086 0.0147651 0.00420661 -0.00918988 0.0195282
0.00548729 0.0052812 0.00671547 -0.00585004 -0.00237931 0.013922
0.0878644 0.0860396 0.0458938 6.4595e-005 0.00429619 0.032479
0.0879214 0.0816852 0.046095 0.000813478 0.00508229 0.0388436
0.0915032 0.0838699 0.0460515 0.000388952 0.0042461 0.0304612
0.0834965 0.0155186 0.0468706 0.000942897 -0.00334214 0.0429498
0.0883652 0.0129663 0.0469181 0.000422491 -0.00229891 0.0314938
0.0946897 0.00545991 0.0468604 3.03905e-005 -0.000947257 0.0216119
0.0786621 0.0579849 0.0475414 0.0105134 0.0049513 0.146214
0.0891582 0.0431079 0.0475707 0.00513754 0.000357819 0.0765794
0.0422201 0.0201434 0.040521 0.0333307 -0.0229954 0.120803
0.0468122 0.0203629 0.0423454 0.0264148 -0.0209644 0.135522
0.0331346 0.0856705 0.0323864 0.00421284 0.017975 0.0689951
0.0278223 0.0861687 0.0284341 0.00153436 0.0157648 0.0534329
0.0311342 0.069304 0.0361317 0.0932269 0.0276865 0.126742
0.0334836 0.0723781 0.0363354 0.0657467 0.0271757 0.127629
0.0292504 0.0722656 0.0333571 0.0729882 0.0268477 0.0987638
0.0830453 0.0377734 0.0476763 0.00731361 -0.00166285 0.107281
0.0782834 0.0453763 0.047898 0.0118901 0.000215435 0.162717
0.0765951 0.0418026 0.0479397 0.0130177 -0.00103682 0.177439
0.024088 0.0674383 0.0305503 0.131903 0.0254506 0.0701121
0.0225371 0.0636583 0.0310953 0.193464 0.0235037 0.0600725
0.0180631 0.0632966 0.0262134 0.211832 0.0208432 0.037736
0.0525484 0.0563254 0.0473742 0.0727042 0.0118931 0.634294
0.0730242 0.0782751 0.0458199 0.00362837 0.00934142 0.0934434
0.0350293 0.0900808 0.0329863 -0.00312079 0.0137074 0.0615125
0.0359321 0.0809622 0.0352608 0.0188458 0.0225235 0.0963751
0.0282553 0.0132502 0.0294376 0.0206713 -0.0197418 0.0483503
0.030853 0.0893002 0.0301986 -0.0033503 0.0136355 0.0543673
0.0272468 0.0910734 0.0275434 -0.00660311 0.0101369 0.0443937
0.0507581 0.0606073 0.0464542 0.0706174 0.0163539 0.47342
0.0809572 0.0341358 0.0476248 0.00775026 -0.00293989 0.114894
0.0748077 0.0381877 0.0479077 0.0138079 -0.0026367 0.186751
0.0771672 0.0349688 0.0477197 0.010324 -0.0033632 0.145913
0.0592264 0.0734991 0.045141 0.017039 0.0161202 0.199739
0.0638596 0.0796431 0.0448017 0.00555675 0.0128894 0.123559
0.0605871 0.082831 0.0439017 0.0036143 0.013366 0.111812
0.04766 0.0341824 0.0462228 0.0721344 -0.0162194 0.343265
0.0456109 0.0467145 0.0476113 0.112732 0.000372955 1
0.043274 0.0427647 0.0471858 0.121331 -0.00662549 0.532523
0.0634843 0.0367773 0.0478988 0.0298219 -0.00648919 0.332857
0.0918554 0.0387644 0.0475275 0.00361205 -0.000352615 0.0626632
0.0234902 0.0889992 0.0244265 -0.00591311 0.0108008 0.0395137
0.00665513 0.0796269 0.00882774 0.00607267 0.00636427 0.0210913
0.093467 0.0202459 0.0471765 0.000976743 -0.00197914 0.0364324
0.0204992 0.0066184 0.0220583 -0.000507312 -0.00966986 0.0280965
0.0886157 0.0689424 0.0467872 0.00366275 0.00533712 0.0607568
0.0850754 0.0681633 0.0468537 0.00461291 0.00585014 0.0751825
0.0688002 0.0115952 0.0456241 0.000914942 -0.00661648 0.0660942
0.0677676 0.0151787 0.0457429 0.00291412 -0.00830627 0.0829418
0.00919789 0.0317293 0.0131386 0.183389 -0.0124398 0.0145801
0.0734372 0.053447 0.0479612 0.0170178 0.00373162 0.22687
0.0697968 0.0572131 0.0478582 0.0211329 0.00658203 0.271392
0.0533813 0.0266593 0.0455267 0.0333501 -0.017166 0.218976
0.0508037 0.0705712 0.0440706 0.0372799 0.0209373 0.253446
0.0516055 0.0666209 0.045277 0.0499534 0.0194845 0.332975
0.0510004 0.0741312 0.0432056 0.025563 0.0207465 0.2011
0.0835166 0.0838266 0.0458639 0.000453863 0.0054877 0.0435037
0.00891635 0.0120719 0.0102563 0.00169245 -0.00658277 0.0158704
0.0879039 0.00894538 0.0468139 4.23224e-005 -0.00178922 0.0271687
0.0656519 0.0911077 0.0437835 -0.00163623 0.00700776 0.0626255
0.0670903 0.077305 0.0454863 0.00647766 0.011902 0.127732
0.0490312 0.0538342 0.0474123 0.0926122 0.0101429 1
0.0533918 0.0517847 0.0479631 0.0751133 0.00659481 1
0.0244418 0.034087 0.0341801 0.219643 -0.0222863 0.0492057
0.0176918 0.035572 0.0268406 0.284093 -0.0183603 0.0228181
0.0658447 0.0232701 0.0464113 0.0108419 -0.0103795 0.143209
0.065026 0.0184545 0.0457323 0.00649477 -0.0103318 0.109352
0.0307053 0.0745855 0.0335577 0.0535612 0.0262295 0.0978124
0.0452402 0.0902322 0.037962 -0.00191439 0.0134716 0.0765945
0.051049 0.0942719 0.0395211 -0.00352921 0.00811762 0.0664251
0.0484394 0.0925213 0.0387746 -0.00323592 0.0104247 0.0703813
0.0443619 0.00867533 0.0384365 0.00245993 -0.013943 0.0665744
0.00806199 0.0567974 0.0152235 0.420913 0.00934327 0.0144005
0.0246695 0.0590821 0.036034 0.253536 0.0198267 0.0751156
0.0234411 0.050754 0.0379559 0.359988 0.006851 0.0534434
0.0494481 0.0642445 0.0455124 0.062909 0.0192879 0.375715
0.0250814 0.071854 0.0295031 0.0830962 0.0252432 0.0708637
0.0146273 0.0390824 0.0254931 0.395441 -0.013469 0.0162787
0.0493296 0.0886832 0.0396874 -0.000423512 0.014091 0.0860837
0.0492896 0.0848109 0.0404794 0.00540765 0.0174694 0.110273
0.080533 0.0802874 0.0459669 0.00150142 0.00677206 0.0587835
0.0233334 0.0847915 0.0243866 0.00341508 0.0150503 0.0434164
0.0448975 0.0557252 0.0466481 0.110612 0.0133722 0.592051
0.0394136 0.045215 0.0467764 0.156252 -0.00233274 0.448997
0.0389069 0.0412233 0.0462647 0.148801 -0.0107352 0.335904
0.0570618 0.0454535 0.0482982 0.0587895 -0.000955451 0.674141
0.0605699 0.0450568 0.0483683 0.0458464 -0.000989154 0.539972
0.0124018 0.0826375 0.0151134 0.00385115 0.00992283 0.0263854
0.0527579 0.0353283 0.0470205 0.0566376 -0.0128154 0.39398
0.0645398 0.0563577 0.0479364 0.0333183 0.00775674 0.393566
0.0785398 0.0153981 0.0466692 0.00124699 -0.00450165 0.0536891
0.0155062 0.0212242 0.0183812 0.0596433 -0.0161941 0.0232944
0.0705976 0.0667345 0.0470157 0.0137062 0.00975351 0.188124
0.0676686 0.0692582 0.0466664 0.0148411 0.011532 0.198769
0.0409023 0.0159153 0.0387385 0.0201852 -0.0214397 0.0914462
0.052229 0.0913311 0.0402913 -0.00262977 0.0106432 0.0744468
0.0648621 0.0515966 0.0483194 0.034769 0.00338755 0.428142
0.0559208 0.0345444 0.0472017 0.0463331 -0.0118517 0.365853
0.017339 0.0123906 0.019267 0.0104984 -0.0125982 0.0249791
0.0877661 0.0173129 0.0470279 0.00103916 -0.00276065 0.0391833
0.0866295 0.0281888 0.0473706 0.00357024 -0.00279957 0.0664823
0.0857766 0.0249503 0.0472574 0.00296332 -0.00321229 0.0609607
0.0620227 0.0409407 0.0482088 0.0377494 -0.00391255 0.431272
0.0648105 0.0326558 0.0475 0.0224195 -0.00829577 0.253063
0.0460355 0.0866921 0.0388508 0.00241225 0.0168351 0.0942069
0.00593161 0.0296955 0.00792261 0.11542 -0.00857944 0.0133758
0.0606027 0.0189632 0.0451488 0.0096685 -0.0129293 0.124893
0.0607909 0.0155784 0.0447497 0.00539988 -0.0114981 0.0992914
0.0807167 0.0608397 0.0473643 0.00854839 0.00523146 0.121722
0.0844259 0.0611226 0.0472438 0.00656445 0.00479249 0.0944333
0.0216716 0.0700096 0.026831 0.106772 0.0238438 0.0544785
0.0211435 0.0732229 0.0250403 0.0730812 0.0222681 0.0505996
0.0112339 0.0410406 0.0222651 0.488325 -0.0100696 0.0130467
0.0220703 0.0373804 0.033505 0.290191 -0.0181015 0.0366552
0.0266171 0.0240063 0.0318642 0.0869645 -0.0253221 0.0585672
0.0396203 0.00833521 0.036025 0.00350598 -0.0146005 0.0603291
0.0221996 0.0811534 0.0240705 0.0188384 0.0180028 0.0458546
0.019069 0.0811469 0.0212062 0.0165009 0.0158994 0.0380276
0.0205813 0.0604513 0.0309943 0.258455 0.0206242 0.0456455
0.0422353 0.0459071 0.0472954 0.132788 -0.000962329 0.634334
0.0309831 0.00733848 0.0297053 0.00340799 -0.0137142 0.0433991
0.0793411 0.047745 0.0478369 0.0110349 0.00101886 0.151371
0.078844 0.0380634 0.0477857 0.0101233 -0.00218452 0.142506
0.0228095 0.0551416 0.0360485 0.325872 0.0145109 0.053174
0.0661595 0.0397443 0.0481397 0.0272954 -0.00372109 0.330874
0.00803693 0.0837134 0.0106324 -0.00265112 0.00655352 0.0218456
0.0919885 0.016265 0.0470556 0.000691034 -0.00212457 0.0325459
0.016412 0.00804282 0.0183543 -0.00049393 -0.00905005 0.023278
0.0389449 0.0376917 0.0453694 0.134025 -0.0164354 0.273421
0.0915962 0.0880431 0.0459156 -6.70021e-005 0.00351819 0.0266071
0.0887521 0.0906922 0.0457638 -0.000342156 0.00322534 0.0275765
0.0856711 0.0934413 0.0455571 -0.000576543 0.00273205 0.029198
0.0367981 0.0698328 0.039257 0.0785279 0.0270168 0.17047
0.03752 0.0724159 0.0386676 0.0570352 0.0266948 0.154957
0.0458931 0.0836555 0.0395049 0.00772628 0.0192014 0.112044
0.0918879 0.0790242 0.046271 0.00119 0.00479733 0.0361999
0.0506798 0.0345464 0.0466927 0.0608872 -0.0144032 0.368299
0.0760499 0.0262684 0.047212 0.00679759 -0.00569691 0.10979
