CHEXA          1       1       1       2      12      11     101     102
             112     111
CHEXA          2       1       2       3      13      12     102     103
             113     112
CHEXA          3       1       3       4      14      13     103     104
             114     113
CHEXA          4       1       4       5      15      14     104     105
             115     114
CHEXA          5       1       5       6      16      15     105     106
             116     115
CHEXA          6       1       6       7      17      16     106     107
             117     116
CHEXA          7       1       7       8      18      17     107     108
             118     117
CHEXA          8       1       8       9      19      18     108     109
             119     118
CHEXA          9       1       9      10      20      19     109     110
             120     119
CHEXA         10       1      11      12      22      21     111     112
             122     121
CHEXA         11       1      12      13      23      22     112     113
             123     122
CHEXA         12       1      13      14      24      23     113     114
             124     123
CHEXA         13       1      14      15      25      24     114     115
             125     124
CHEXA         14       1      15      16      26      25     115     116
             126     125
CHEXA         15       1      16      17      27      26     116     117
             127     126
CHEXA         16       1      17      18      28      27     117     118
             128     127
CHEXA         17       1      18      19      29      28     118     119
             129     128
CHEXA         18       1      19      20      30      29     119     120
             130     129
CHEXA         19       1      21      22      32      31     121     122
             132     131
CHEXA         20       1      22      23      33      32     122     123
             133     132
CHEXA         21       1      23      24      34      33     123     124
             134     133
CHEXA         22       1      24      25      35      34     124     125
             135     134
CHEXA         23       1      25      26      36      35     125     126
             136     135
CHEXA         24       1      26      27      37      36     126     127
             137     136
CHEXA         25       1      27      28      38      37     127     128
             138     137
CHEXA         26       1      28      29      39      38     128     129
             139     138
CHEXA         27       1      29      30      40      39     129     130
             140     139
CHEXA         28       1      31      32      42      41     131     132
             142     141
CHEXA         29       1      32      33      43      42     132     133
             143     142
CHEXA         30       1      33      34      44      43     133     134
             144     143
CHEXA         31       1      34      35      45      44     134     135
             145     144
CHEXA         32       1      35      36      46      45     135     136
             146     145
CHEXA         33       1      36      37      47      46     136     137
             147     146
CHEXA         34       1      37      38      48      47     137     138
             148     147
CHEXA         35       1      38      39      49      48     138     139
             149     148
CHEXA         36       1      39      40      50      49     139     140
             150     149
CHEXA         37       1      41      42      52      51     141     142
             152     151
CHEXA         38       1      42      43      53      52     142     143
             153     152
CHEXA         39       1      43      44      54      53     143     144
             154     153
CHEXA         40       1      44      45      55      54     144     145
             155     154
CHEXA         41       1      45      46      56      55     145     146
             156     155
CHEXA         42       1      46      47      57      56     146     147
             157     156
CHEXA         43       1      47      48      58      57     147     148
             158     157
CHEXA         44       1      48      49      59      58     148     149
             159     158
CHEXA         45       1      49      50      60      59     149     150
             160     159
CHEXA         46       1      51      52      62      61     151     152
             162     161
CHEXA         47       1      52      53      63      62     152     153
             163     162
CHEXA         48       1      53      54      64      63     153     154
             164     163
CHEXA         49       1      54      55      65      64     154     155
             165     164
CHEXA         50       1      55      56      66      65     155     156
             166     165
CHEXA         51       1      56      57      67      66     156     157
             167     166
CHEXA         52       1      57      58      68      67     157     158
             168     167
CHEXA         53       1      58      59      69      68     158     159
             169     168
CHEXA         54       1      59      60      70      69     159     160
             170     169
CHEXA         55       1      61      62      72      71     161     162
             172     171
CHEXA         56       1      62      63      73      72     162     163
             173     172
CHEXA         57       1      63      64      74      73     163     164
             174     173
CHEXA         58       1      64      65      75      74     164     165
             175     174
CHEXA         59       1      65      66      76      75     165     166
             176     175
CHEXA         60       1      66      67      77      76     166     167
             177     176
CHEXA         61       1      67      68      78      77     167     168
             178     177
CHEXA         62       1      68      69      79      78     168     169
             179     178
CHEXA         63       1      69      70      80      79     169     170
             180     179
CHEXA         64       1      71      72      82      81     171     172
             182     181
CHEXA         65       1      72      73      83      82     172     173
             183     182
CHEXA         66       1      73      74      84      83     173     174
             184     183
CHEXA         67       1      74      75      85      84     174     175
             185     184
CHEXA         68       1      75      76      86      85     175     176
             186     185
CHEXA         69       1      76      77      87      86     176     177
             187     186
CHEXA         70       1      77      78      88      87     177     178
             188     187
CHEXA         71       1      78      79      89      88     178     179
             189     188
CHEXA         72       1      79      80      90      89     179     180
             190     189
CHEXA         73       1      81      82      92      91     181     182
             192     191
CHEXA         74       1      82      83      93      92     182     183
             193     192
CHEXA         75       1      83      84      94      93     183     184
             194     193
CHEXA         76       1      84      85      95      94     184     185
             195     194
CHEXA         77       1      85      86      96      95     185     186
             196     195
CHEXA         78       1      86      87      97      96     186     187
             197     196
CHEXA         79       1      87      88      98      97     187     188
             198     197
CHEXA         80       1      88      89      99      98     188     189
             199     198
CHEXA         81       1      89      90     100      99     189     190
             200     199
CHEXA         82       1     101     102     112     111     201     202
             212     211
CHEXA         83       1     102     103     113     112     202     203
             213     212
CHEXA         84       1     103     104     114     113     203     204
             214     213
CHEXA         85       1     104     105     115     114     204     205
             215     214
CHEXA         86       1     105     106     116     115     205     206
             216     215
CHEXA         87       1     106     107     117     116     206     207
             217     216
CHEXA         88       1     107     108     118     117     207     208
             218     217
CHEXA         89       1     108     109     119     118     208     209
             219     218
CHEXA         90       1     109     110     120     119     209     210
             220     219
CHEXA         91       1     111     112     122     121     211     212
             222     221
CHEXA         92       1     112     113     123     122     212     213
             223     222
CHEXA         93       1     113     114     124     123     213     214
             224     223
CHEXA         94       1     114     115     125     124     214     215
             225     224
CHEXA         95       1     115     116     126     125     215     216
             226     225
CHEXA         96       1     116     117     127     126     216     217
             227     226
CHEXA         97       1     117     118     128     127     217     218
             228     227
CHEXA         98       1     118     119     129     128     218     219
             229     228
CHEXA         99       1     119     120     130     129     219     220
             230     229
CHEXA        100       1     121     122     132     131     221     222
             232     231
CHEXA        101       1     122     123     133     132     222     223
             233     232
CHEXA        102       1     123     124     134     133     223     224
             234     233
CHEXA        103       1     124     125     135     134     224     225
             235     234
CHEXA        104       1     125     126     136     135     225     226
             236     235
CHEXA        105       1     126     127     137     136     226     227
             237     236
CHEXA        106       1     127     128     138     137     227     228
             238     237
CHEXA        107       1     128     129     139     138     228     229
             239     238
CHEXA        108       1     129     130     140     139     229     230
             240     239
CHEXA        109       1     131     132     142     141     231     232
             242     241
CHEXA        110       1     132     133     143     142     232     233
             243     242
CHEXA        111       1     133     134     144     143     233     234
             244     243
CHEXA        112       1     134     135     145     144     234     235
             245     244
CHEXA        113       1     135     136     146     145     235     236
             246     245
CHEXA        114       1     136     137     147     146     236     237
             247     246
CHEXA        115       1     137     138     148     147     237     238
             248     247
CHEXA        116       1     138     139     149     148     238     239
             249     248
CHEXA        117       1     139     140     150     149     239     240
             250     249
CHEXA        118       1     141     142     152     151     241     242
             252     251
CHEXA        119       1     142     143     153     152     242     243
             253     252
CHEXA        120       1     143     144     154     153     243     244
             254     253
CHEXA        121       1     144     145     155     154     244     245
             255     254
CHEXA        122       1     145     146     156     155     245     246
             256     255
CHEXA        123       1     146     147     157     156     246     247
             257     256
CHEXA        124       1     147     148     158     157     247     248
             258     257
CHEXA        125       1     148     149     159     158     248     249
             259     258
CHEXA        126       1     149     150     160     159     249     250
             260     259
CHEXA        127       1     151     152     162     161     251     252
             262     261
CHEXA        128       1     152     153     163     162     252     253
             263     262
CHEXA        129       1     153     154     164     163     253     254
             264     263
CHEXA        130       1     154     155     165     164     254     255
             265     264
CHEXA        131       1     155     156     166     165     255     256
             266     265
CHEXA        132       1     156     157     167     166     256     257
             267     266
CHEXA        133       1     157     158     168     167     257     258
             268     267
CHEXA        134       1     158     159     169     168     258     259
             269     268
CHEXA        135       1     159     160     170     169     259     260
             270     269
CHEXA        136       1     161     162     172     171     261     262
             272     271
CHEXA        137       1     162     163     173     172     262     263
             273     272
CHEXA        138       1     163     164     174     173     263     264
             274     273
CHEXA        139       1     164     165     175     174     264     265
             275     274
CHEXA        140       1     165     166     176     175     265     266
             276     275
CHEXA        141       1     166     167     177     176     266     267
             277     276
CHEXA        142       1     167     168     178     177     267     268
             278     277
CHEXA        143       1     168     169     179     178     268     269
             279     278
CHEXA        144       1     169     170     180     179     269     270
             280     279
CHEXA        145       1     171     172     182     181     271     272
             282     281
CHEXA        146       1     172     173     183     182     272     273
             283     282
CHEXA        147       1     173     174     184     183     273     274
             284     283
CHEXA        148       1     174     175     185     184     274     275
             285     284
CHEXA        149       1     175     176     186     185     275     276
             286     285
CHEXA        150       1     176     177     187     186     276     277
             287     286
CHEXA        151       1     177     178     188     187     277     278
             288     287
CHEXA        152       1     178     179     189     188     278     279
             289     288
CHEXA        153       1     179     180     190     189     279     280
             290     289
CHEXA        154       1     181     182     192     191     281     282
             292     291
CHEXA        155       1     182     183     193     192     282     283
             293     292
CHEXA        156       1     183     184     194     193     283     284
             294     293
CHEXA        157       1     184     185     195     194     284     285
             295     294
CHEXA        158       1     185     186     196     195     285     286
             296     295
CHEXA        159       1     186     187     197     196     286     287
             297     296
CHEXA        160       1     187     188     198     197     287     288
             298     297
CHEXA        161       1     188     189     199     198     288     289
             299     298
CHEXA        162       1     189     190     200     199     289     290
             300     299
CHEXA        163       1     201     202     212     211     301     302
             312     311
CHEXA        164       1     202     203     213     212     302     303
             313     312
CHEXA        165       1     203     204     214     213     303     304
             314     313
CHEXA        166       1     204     205     215     214     304     305
             315     314
CHEXA        167       1     205     206     216     215     305     306
             316     315
CHEXA        168       1     206     207     217     216     306     307
             317     316
CHEXA        169       1     207     208     218     217     307     308
             318     317
CHEXA        170       1     208     209     219     218     308     309
             319     318
CHEXA        171       1     209     210     220     219     309     310
             320     319
CHEXA        172       1     211     212     222     221     311     312
             322     321
CHEXA        173       1     212     213     223     222     312     313
             323     322
CHEXA        174       1     213     214     224     223     313     314
             324     323
CHEXA        175       1     214     215     225     224     314     315
             325     324
CHEXA        176       1     215     216     226     225     315     316
             326     325
CHEXA        177       1     216     217     227     226     316     317
             327     326
CHEXA        178       1     217     218     228     227     317     318
             328     327
CHEXA        179       1     218     219     229     228     318     319
             329     328
CHEXA        180       1     219     220     230     229     319     320
             330     329
CHEXA        181       1     221     222     232     231     321     322
             332     331
CHEXA        182       1     222     223     233     232     322     323
             333     332
CHEXA        183       1     223     224     234     233     323     324
             334     333
CHEXA        184       1     224     225     235     234     324     325
             335     334
CHEXA        185       1     225     226     236     235     325     326
             336     335
CHEXA        186       1     226     227     237     236     326     327
             337     336
CHEXA        187       1     227     228     238     237     327     328
             338     337
CHEXA        188       1     228     229     239     238     328     329
             339     338
CHEXA        189       1     229     230     240     239     329     330
             340     339
CHEXA        190       1     231     232     242     241     331     332
             342     341
CHEXA        191       1     232     233     243     242     332     333
             343     342
CHEXA        192       1     233     234     244     243     333     334
             344     343
CHEXA        193       1     234     235     245     244     334     335
             345     344
CHEXA        194       1     235     236     246     245     335     336
             346     345
CHEXA        195       1     236     237     247     246     336     337
             347     346
CHEXA        196       1     237     238     248     247     337     338
             348     347
CHEXA        197       1     238     239     249     248     338     339
             349     348
CHEXA        198       1     239     240     250     249     339     340
             350     349
CHEXA        199       1     241     242     252     251     341     342
             352     351
CHEXA        200       1     242     243     253     252     342     343
             353     352
CHEXA        201       1     243     244     254     253     343     344
             354     353
CHEXA        202       1     244     245     255     254     344     345
             355     354
CHEXA        203       1     245     246     256     255     345     346
             356     355
CHEXA        204       1     246     247     257     256     346     347
             357     356
CHEXA        205       1     247     248     258     257     347     348
             358     357
CHEXA        206       1     248     249     259     258     348     349
             359     358
CHEXA        207       1     249     250     260     259     349     350
             360     359
CHEXA        208       1     251     252     262     261     351     352
             362     361
CHEXA        209       1     252     253     263     262     352     353
             363     362
CHEXA        210       1     253     254     264     263     353     354
             364     363
CHEXA        211       1     254     255     265     264     354     355
             365     364
CHEXA        212       1     255     256     266     265     355     356
             366     365
CHEXA        213       1     256     257     267     266     356     357
             367     366
CHEXA        214       1     257     258     268     267     357     358
             368     367
CHEXA        215       1     258     259     269     268     358     359
             369     368
CHEXA        216       1     259     260     270     269     359     360
             370     369
CHEXA        217       1     261     262     272     271     361     362
             372     371
CHEXA        218       1     262     263     273     272     362     363
             373     372
CHEXA        219       1     263     264     274     273     363     364
             374     373
CHEXA        220       1     264     265     275     274     364     365
             375     374
CHEXA        221       1     265     266     276     275     365     366
             376     375
CHEXA        222       1     266     267     277     276     366     367
             377     376
CHEXA        223       1     267     268     278     277     367     368
             378     377
CHEXA        224       1     268     269     279     278     368     369
             379     378
CHEXA        225       1     269     270     280     279     369     370
             380     379
CHEXA        226       1     271     272     282     281     371     372
             382     381
CHEXA        227       1     272     273     283     282     372     373
             383     382
CHEXA        228       1     273     274     284     283     373     374
             384     383
CHEXA        229       1     274     275     285     284     374     375
             385     384
CHEXA        230       1     275     276     286     285     375     376
             386     385
CHEXA        231       1     276     277     287     286     376     377
             387     386
CHEXA        232       1     277     278     288     287     377     378
             388     387
CHEXA        233       1     278     279     289     288     378     379
             389     388
CHEXA        234       1     279     280     290     289     379     380
             390     389
CHEXA        235       1     281     282     292     291     381     382
             392     391
CHEXA        236       1     282     283     293     292     382     383
             393     392
CHEXA        237       1     283     284     294     293     383     384
             394     393
CHEXA        238       1     284     285     295     294     384     385
             395     394
CHEXA        239       1     285     286     296     295     385     386
             396     395
CHEXA        240       1     286     287     297     296     386     387
             397     396
CHEXA        241       1     287     288     298     297     387     388
             398     397
CHEXA        242       1     288     289     299     298     388     389
             399     398
CHEXA        243       1     289     290     300     299     389     390
             400     399
CHEXA        244       1     301     302     312     311     401     402
             412     411
CHEXA        245       1     302     303     313     312     402     403
             413     412
CHEXA        246       1     303     304     314     313     403     404
             414     413
CHEXA        247       1     304     305     315     314     404     405
             415     414
CHEXA        248       1     305     306     316     315     405     406
             416     415
CHEXA        249       1     306     307     317     316     406     407
             417     416
CHEXA        250       1     307     308     318     317     407     408
             418     417
CHEXA        251       1     308     309     319     318     408     409
             419     418
CHEXA        252       1     309     310     320     319     409     410
             420     419
CHEXA        253       1     311     312     322     321     411     412
             422     421
CHEXA        254       1     312     313     323     322     412     413
             423     422
CHEXA        255       1     313     314     324     323     413     414
             424     423
CHEXA        256       1     314     315     325     324     414     415
             425     424
CHEXA        257       1     315     316     326     325     415     416
             426     425
CHEXA        258       1     316     317     327     326     416     417
             427     426
CHEXA        259       1     317     318     328     327     417     418
             428     427
CHEXA        260       1     318     319     329     328     418     419
             429     428
CHEXA        261       1     319     320     330     329     419     420
             430     429
CHEXA        262       1     321     322     332     331     421     422
             432     431
CHEXA        263       1     322     323     333     332     422     423
             433     432
CHEXA        264       1     323     324     334     333     423     424
             434     433
CHEXA        265       1     324     325     335     334     424     425
             435     434
CHEXA        266       1     325     326     336     335     425     426
             436     435
CHEXA        267       1     326     327     337     336     426     427
             437     436
CHEXA        268       1     327     328     338     337     427     428
             438     437
CHEXA        269       1     328     329     339     338     428     429
             439     438
CHEXA        270       1     329     330     340     339     429     430
             440     439
CHEXA        271       1     331     332     342     341     431     432
             442     441
CHEXA        272       1     332     333     343     342     432     433
             443     442
CHEXA        273       1     333     334     344     343     433     434
             444     443
CHEXA        274       1     334     335     345     344     434     435
             445     444
CHEXA        275       1     335     336     346     345     435     436
             446     445
CHEXA        276       1     336     337     347     346     436     437
             447     446
CHEXA        277       1     337     338     348     347     437     438
             448     447
CHEXA        278       1     338     339     349     348     438     439
             449     448
CHEXA        279       1     339     340     350     349     439     440
             450     449
CHEXA        280       1     341     342     352     351     441     442
             452     451
CHEXA        281       1     342     343     353     352     442     443
             453     452
CHEXA        282       1     343     344     354     353     443     444
             454     453
CHEXA        283       1     344     345     355     354     444     445
             455     454
CHEXA        284       1     345     346     356     355     445     446
             456     455
CHEXA        285       1     346     347     357     356     446     447
             457     456
CHEXA        286       1     347     348     358     357     447     448
             458     457
CHEXA        287       1     348     349     359     358     448     449
             459     458
CHEXA        288       1     349     350     360     359     449     450
             460     459
CHEXA        289       1     351     352     362     361     451     452
             462     461
CHEXA        290       1     352     353     363     362     452     453
             463     462
CHEXA        291       1     353     354     364     363     453     454
             464     463
CHEXA        292       1     354     355     365     364     454     455
             465     464
CHEXA        293       1     355     356     366     365     455     456
             466     465
CHEXA        294       1     356     357     367     366     456     457
             467     466
CHEXA        295       1     357     358     368     367     457     458
             468     467
CHEXA        296       1     358     359     369     368     458     459
             469     468
CHEXA        297       1     359     360     370     369     459     460
             470     469
CHEXA        298       1     361     362     372     371     461     462
             472     471
CHEXA        299       1     362     363     373     372     462     463
             473     472
CHEXA        300       1     363     364     374     373     463     464
             474     473
CHEXA        301       1     364     365     375     374     464     465
             475     474
CHEXA        302       1     365     366     376     375     465     466
             476     475
CHEXA        303       1     366     367     377     376     466     467
             477     476
CHEXA        304       1     367     368     378     377     467     468
             478     477
CHEXA        305       1     368     369     379     378     468     469
             479     478
CHEXA        306       1     369     370     380     379     469     470
             480     479
CHEXA        307       1     371     372     382     381     471     472
             482     481
CHEXA        308       1     372     373     383     382     472     473
             483     482
CHEXA        309       1     373     374     384     383     473     474
             484     483
CHEXA        310       1     374     375     385     384     474     475
             485     484
CHEXA        311       1     375     376     386     385     475     476
             486     485
CHEXA        312       1     376     377     387     386     476     477
             487     486
CHEXA        313       1     377     378     388     387     477     478
             488     487
CHEXA        314       1     378     379     389     388     478     479
             489     488
CHEXA        315       1     379     380     390     389     479     480
             490     489
CHEXA        316       1     381     382     392     391     481     482
             492     491
CHEXA        317       1     382     383     393     392     482     483
             493     492
CHEXA        318       1     383     384     394     393     483     484
             494     493
CHEXA        319       1     384     385     395     394     484     485
             495     494
CHEXA        320       1     385     386     396     395     485     486
             496     495
CHEXA        321       1     386     387     397     396     486     487
             497     496
CHEXA        322       1     387     388     398     397     487     488
             498     497
CHEXA        323       1     388     389     399     398     488     489
             499     498
CHEXA        324       1     389     390     400     399     489     490
             500     499
CHEXA        325       1     401     402     412     411     501     502
             512     511
CHEXA        326       1     402     403     413     412     502     503
             513     512
CHEXA        327       1     403     404     414     413     503     504
             514     513
CHEXA        328       1     404     405     415     414     504     505
             515     514
CHEXA        329       1     405     406     416     415     505     506
             516     515
CHEXA        330       1     406     407     417     416     506     507
             517     516
CHEXA        331       1     407     408     418     417     507     508
             518     517
CHEXA        332       1     408     409     419     418     508     509
             519     518
CHEXA        333       1     409     410     420     419     509     510
             520     519
CHEXA        334       1     411     412     422     421     511     512
             522     521
CHEXA        335       1     412     413     423     422     512     513
             523     522
CHEXA        336       1     413     414     424     423     513     514
             524     523
CHEXA        337       1     414     415     425     424     514     515
             525     524
CHEXA        338       1     415     416     426     425     515     516
             526     525
CHEXA        339       1     416     417     427     426     516     517
             527     526
CHEXA        340       1     417     418     428     427     517     518
             528     527
CHEXA        341       1     418     419     429     428     518     519
             529     528
CHEXA        342       1     419     420     430     429     519     520
             530     529
CHEXA        343       1     421     422     432     431     521     522
             532     531
CHEXA        344       1     422     423     433     432     522     523
             533     532
CHEXA        345       1     423     424     434     433     523     524
             534     533
CHEXA        346       1     424     425     435     434     524     525
             535     534
CHEXA        347       1     425     426     436     435     525     526
             536     535
CHEXA        348       1     426     427     437     436     526     527
             537     536
CHEXA        349       1     427     428     438     437     527     528
             538     537
CHEXA        350       1     428     429     439     438     528     529
             539     538
CHEXA        351       1     429     430     440     439     529     530
             540     539
CHEXA        352       1     431     432     442     441     531     532
             542     541
CHEXA        353       1     432     433     443     442     532     533
             543     542
CHEXA        354       1     433     434     444     443     533     534
             544     543
CHEXA        355       1     434     435     445     444     534     535
             545     544
CHEXA        356       1     435     436     446     445     535     536
             546     545
CHEXA        357       1     436     437     447     446     536     537
             547     546
CHEXA        358       1     437     438     448     447     537     538
             548     547
CHEXA        359       1     438     439     449     448     538     539
             549     548
CHEXA        360       1     439     440     450     449     539     540
             550     549
CHEXA        361       1     441     442     452     451     541     542
             552     551
CHEXA        362       1     442     443     453     452     542     543
             553     552
CHEXA        363       1     443     444     454     453     543     544
             554     553
CHEXA        364       1     444     445     455     454     544     545
             555     554
CHEXA        365       1     445     446     456     455     545     546
             556     555
CHEXA        366       1     446     447     457     456     546     547
             557     556
CHEXA        367       1     447     448     458     457     547     548
             558     557
CHEXA        368       1     448     449     459     458     548     549
             559     558
CHEXA        369       1     449     450     460     459     549     550
             560     559
CHEXA        370       1     451     452     462     461     551     552
             562     561
CHEXA        371       1     452     453     463     462     552     553
             563     562
CHEXA        372       1     453     454     464     463     553     554
             564     563
CHEXA        373       1     454     455     465     464     554     555
             565     564
CHEXA        374       1     455     456     466     465     555     556
             566     565
CHEXA        375       1     456     457     467     466     556     557
             567     566
CHEXA        376       1     457     458     468     467     557     558
             568     567
CHEXA        377       1     458     459     469     468     558     559
             569     568
CHEXA        378       1     459     460     470     469     559     560
             570     569
CHEXA        379       1     461     462     472     471     561     562
             572     571
CHEXA        380       1     462     463     473     472     562     563
             573     572
CHEXA        381       1     463     464     474     473     563     564
             574     573
CHEXA        382       1     464     465     475     474     564     565
             575     574
CHEXA        383       1     465     466     476     475     565     566
             576     575
CHEXA        384       1     466     467     477     476     566     567
             577     576
CHEXA        385       1     467     468     478     477     567     568
             578     577
CHEXA        386       1     468     469     479     478     568     569
             579     578
CHEXA        387       1     469     470     480     479     569     570
             580     579
CHEXA        388       1     471     472     482     481     571     572
             582     581
CHEXA        389       1     472     473     483     482     572     573
             583     582
CHEXA        390       1     473     474     484     483     573     574
             584     583
CHEXA        391       1     474     475     485     484     574     575
             585     584
CHEXA        392       1     475     476     486     485     575     576
             586     585
CHEXA        393       1     476     477     487     486     576     577
             587     586
CHEXA        394       1     477     478     488     487     577     578
             588     587
CHEXA        395       1     478     479     489     488     578     579
             589     588
CHEXA        396       1     479     480     490     489     579     580
             590     589
CHEXA        397       1     481     482     492     491     581     582
             592     591
CHEXA        398       1     482     483     493     492     582     583
             593     592
CHEXA        399       1     483     484     494     493     583     584
             594     593
CHEXA        400       1     484     485     495     494     584     585
             595     594
CHEXA        401       1     485     486     496     495     585     586
             596     595
CHEXA        402       1     486     487     497     496     586     587
             597     596
CHEXA        403       1     487     488     498     497     587     588
             598     597
CHEXA        404       1     488     489     499     498     588     589
             599     598
CHEXA        405       1     489     490     500     499     589     590
             600     599
CHEXA        406       1     501     502     512     511     601     602
             612     611
CHEXA        407       1     502     503     513     512     602     603
             613     612
CHEXA        408       1     503     504     514     513     603     604
             614     613
CHEXA        409       1     504     505     515     514     604     605
             615     614
CHEXA        410       1     505     506     516     515     605     606
             616     615
CHEXA        411       1     506     507     517     516     606     607
             617     616
CHEXA        412       1     507     508     518     517     607     608
             618     617
CHEXA        413       1     508     509     519     518     608     609
             619     618
CHEXA        414       1     509     510     520     519     609     610
             620     619
CHEXA        415       1     511     512     522     521     611     612
             622     621
CHEXA        416       1     512     513     523     522     612     613
             623     622
CHEXA        417       1     513     514     524     523     613     614
             624     623
CHEXA        418       1     514     515     525     524     614     615
             625     624
CHEXA        419       1     515     516     526     525     615     616
             626     625
CHEXA        420       1     516     517     527     526     616     617
             627     626
CHEXA        421       1     517     518     528     527     617     618
             628     627
CHEXA        422       1     518     519     529     528     618     619
             629     628
CHEXA        423       1     519     520     530     529     619     620
             630     629
CHEXA        424       1     521     522     532     531     621     622
             632     631
CHEXA        425       1     522     523     533     532     622     623
             633     632
CHEXA        426       1     523     524     534     533     623     624
             634     633
CHEXA        427       1     524     525     535     534     624     625
             635     634
CHEXA        428       1     525     526     536     535     625     626
             636     635
CHEXA        429       1     526     527     537     536     626     627
             637     636
CHEXA        430       1     527     528     538     537     627     628
             638     637
CHEXA        431       1     528     529     539     538     628     629
             639     638
CHEXA        432       1     529     530     540     539     629     630
             640     639
CHEXA        433       1     531     532     542     541     631     632
             642     641
CHEXA        434       1     532     533     543     542     632     633
             643     642
CHEXA        435       1     533     534     544     543     633     634
             644     643
CHEXA        436       1     534     535     545     544     634     635
             645     644
CHEXA        437       1     535     536     546     545     635     636
             646     645
CHEXA        438       1     536     537     547     546     636     637
             647     646
CHEXA        439       1     537     538     548     547     637     638
             648     647
CHEXA        440       1     538     539     549     548     638     639
             649     648
CHEXA        441       1     539     540     550     549     639     640
             650     649
CHEXA        442       1     541     542     552     551     641     642
             652     651
CHEXA        443       1     542     543     553     552     642     643
             653     652
CHEXA        444       1     543     544     554     553     643     644
             654     653
CHEXA        445       1     544     545     555     554     644     645
             655     654
CHEXA        446       1     545     546     556     555     645     646
             656     655
CHEXA        447       1     546     547     557     556     646     647
             657     656
CHEXA        448       1     547     548     558     557     647     648
             658     657
CHEXA        449       1     548     549     559     558     648     649
             659     658
CHEXA        450       1     549     550     560     559     649     650
             660     659
CHEXA        451       1     551     552     562     561     651     652
             662     661
CHEXA        452       1     552     553     563     562     652     653
             663     662
CHEXA        453       1     553     554     564     563     653     654
             664     663
CHEXA        454       1     554     555     565     564     654     655
             665     664
CHEXA        455       1     555     556     566     565     655     656
             666     665
CHEXA        456       1     556     557     567     566     656     657
             667     666
CHEXA        457       1     557     558     568     567     657     658
             668     667
CHEXA        458       1     558     559     569     568     658     659
             669     668
CHEXA        459       1     559     560     570     569     659     660
             670     669
CHEXA        460       1     561     562     572     571     661     662
             672     671
CHEXA        461       1     562     563     573     572     662     663
             673     672
CHEXA        462       1     563     564     574     573     663     664
             674     673
CHEXA        463       1     564     565     575     574     664     665
             675     674
CHEXA        464       1     565     566     576     575     665     666
             676     675
CHEXA        465       1     566     567     577     576     666     667
             677     676
CHEXA        466       1     567     568     578     577     667     668
             678     677
CHEXA        467       1     568     569     579     578     668     669
             679     678
CHEXA        468       1     569     570     580     579     669     670
             680     679
CHEXA        469       1     571     572     582     581     671     672
             682     681
CHEXA        470       1     572     573     583     582     672     673
             683     682
CHEXA        471       1     573     574     584     583     673     674
             684     683
CHEXA        472       1     574     575     585     584     674     675
             685     684
CHEXA        473       1     575     576     586     585     675     676
             686     685
CHEXA        474       1     576     577     587     586     676     677
             687     686
CHEXA        475       1     577     578     588     587     677     678
             688     687
CHEXA        476       1     578     579     589     588     678     679
             689     688
CHEXA        477       1     579     580     590     589     679     680
             690     689
CHEXA        478       1     581     582     592     591     681     682
             692     691
CHEXA        479       1     582     583     593     592     682     683
             693     692
CHEXA        480       1     583     584     594     593     683     684
             694     693
CHEXA        481       1     584     585     595     594     684     685
             695     694
CHEXA        482       1     585     586     596     595     685     686
             696     695
CHEXA        483       1     586     587     597     596     686     687
             697     696
CHEXA        484       1     587     588     598     597     687     688
             698     697
CHEXA        485       1     588     589     599     598     688     689
             699     698
CHEXA        486       1     589     590     600     599     689     690
             700     699
CHEXA        487       1     601     602     612     611     701     702
             712     711
CHEXA        488       1     602     603     613     612     702     703
             713     712
CHEXA        489       1     603     604     614     613     703     704
             714     713
CHEXA        490       1     604     605     615     614     704     705
             715     714
CHEXA        491       1     605     606     616     615     705     706
             716     715
CHEXA        492       1     606     607     617     616     706     707
             717     716
CHEXA        493       1     607     608     618     617     707     708
             718     717
CHEXA        494       1     608     609     619     618     708     709
             719     718
CHEXA        495       1     609     610     620     619     709     710
             720     719
CHEXA        496       1     611     612     622     621     711     712
             722     721
CHEXA        497       1     612     613     623     622     712     713
             723     722
CHEXA        498       1     613     614     624     623     713     714
             724     723
CHEXA        499       1     614     615     625     624     714     715
             725     724
CHEXA        500       1     615     616     626     625     715     716
             726     725
CHEXA        501       1     616     617     627     626     716     717
             727     726
CHEXA        502       1     617     618     628     627     717     718
             728     727
CHEXA        503       1     618     619     629     628     718     719
             729     728
CHEXA        504       1     619     620     630     629     719     720
             730     729
CHEXA        505       1     621     622     632     631     721     722
             732     731
CHEXA        506       1     622     623     633     632     722     723
             733     732
CHEXA        507       1     623     624     634     633     723     724
             734     733
CHEXA        508       1     624     625     635     634     724     725
             735     734
CHEXA        509       1     625     626     636     635     725     726
             736     735
CHEXA        510       1     626     627     637     636     726     727
             737     736
CHEXA        511       1     627     628     638     637     727     728
             738     737
CHEXA        512       1     628     629     639     638     728     729
             739     738
CHEXA        513       1     629     630     640     639     729     730
             740     739
CHEXA        514       1     631     632     642     641     731     732
             742     741
CHEXA        515       1     632     633     643     642     732     733
             743     742
CHEXA        516       1     633     634     644     643     733     734
             744     743
CHEXA        517       1     634     635     645     644     734     735
             745     744
CHEXA        518       1     635     636     646     645     735     736
             746     745
CHEXA        519       1     636     637     647     646     736     737
             747     746
CHEXA        520       1     637     638     648     647     737     738
             748     747
CHEXA        521       1     638     639     649     648     738     739
             749     748
CHEXA        522       1     639     640     650     649     739     740
             750     749
CHEXA        523       1     641     642     652     651     741     742
             752     751
CHEXA        524       1     642     643     653     652     742     743
             753     752
CHEXA        525       1     643     644     654     653     743     744
             754     753
CHEXA        526       1     644     645     655     654     744     745
             755     754
CHEXA        527       1     645     646     656     655     745     746
             756     755
CHEXA        528       1     646     647     657     656     746     747
             757     756
CHEXA        529       1     647     648     658     657     747     748
             758     757
CHEXA        530       1     648     649     659     658     748     749
             759     758
CHEXA        531       1     649     650     660     659     749     750
             760     759
CHEXA        532       1     651     652     662     661     751     752
             762     761
CHEXA        533       1     652     653     663     662     752     753
             763     762
CHEXA        534       1     653     654     664     663     753     754
             764     763
CHEXA        535       1     654     655     665     664     754     755
             765     764
CHEXA        536       1     655     656     666     665     755     756
             766     765
CHEXA        537       1     656     657     667     666     756     757
             767     766
CHEXA        538       1     657     658     668     667     757     758
             768     767
CHEXA        539       1     658     659     669     668     758     759
             769     768
CHEXA        540       1     659     660     670     669     759     760
             770     769
CHEXA        541       1     661     662     672     671     761     762
             772     771
CHEXA        542       1     662     663     673     672     762     763
             773     772
CHEXA        543       1     663     664     674     673     763     764
             774     773
CHEXA        544       1     664     665     675     674     764     765
             775     774
CHEXA        545       1     665     666     676     675     765     766
             776     775
CHEXA        546       1     666     667     677     676     766     767
             777     776
CHEXA        547       1     667     668     678     677     767     768
             778     777
CHEXA        548       1     668     669     679     678     768     769
             779     778
CHEXA        549       1     669     670     680     679     769     770
             780     779
CHEXA        550       1     671     672     682     681     771     772
             782     781
CHEXA        551       1     672     673     683     682     772     773
             783     782
CHEXA        552       1     673     674     684     683     773     774
             784     783
CHEXA        553       1     674     675     685     684     774     775
             785     784
CHEXA        554       1     675     676     686     685     775     776
             786     785
CHEXA        555       1     676     677     687     686     776     777
             787     786
CHEXA        556       1     677     678     688     687     777     778
             788     787
CHEXA        557       1     678     679     689     688     778     779
             789     788
CHEXA        558       1     679     680     690     689     779     780
             790     789
CHEXA        559       1     681     682     692     691     781     782
             792     791
CHEXA        560       1     682     683     693     692     782     783
             793     792
CHEXA        561       1     683     684     694     693     783     784
             794     793
CHEXA        562       1     684     685     695     694     784     785
             795     794
CHEXA        563       1     685     686     696     695     785     786
             796     795
CHEXA        564       1     686     687     697     696     786     787
             797     796
CHEXA        565       1     687     688     698     697     787     788
             798     797
CHEXA        566       1     688     689     699     698     788     789
             799     798
CHEXA        567       1     689     690     700     699     789     790
             800     799
CHEXA        568       1     701     702     712     711     801     802
             812     811
CHEXA        569       1     702     703     713     712     802     803
             813     812
CHEXA        570       1     703     704     714     713     803     804
             814     813
CHEXA        571       1     704     705     715     714     804     805
             815     814
CHEXA        572       1     705     706     716     715     805     806
             816     815
CHEXA        573       1     706     707     717     716     806     807
             817     816
CHEXA        574       1     707     708     718     717     807     808
             818     817
CHEXA        575       1     708     709     719     718     808     809
             819     818
CHEXA        576       1     709     710     720     719     809     810
             820     819
CHEXA        577       1     711     712     722     721     811     812
             822     821
CHEXA        578       1     712     713     723     722     812     813
             823     822
CHEXA        579       1     713     714     724     723     813     814
             824     823
CHEXA        580       1     714     715     725     724     814     815
             825     824
CHEXA        581       1     715     716     726     725     815     816
             826     825
CHEXA        582       1     716     717     727     726     816     817
             827     826
CHEXA        583       1     717     718     728     727     817     818
             828     827
CHEXA        584       1     718     719     729     728     818     819
             829     828
CHEXA        585       1     719     720     730     729     819     820
             830     829
CHEXA        586       1     721     722     732     731     821     822
             832     831
CHEXA        587       1     722     723     733     732     822     823
             833     832
CHEXA        588       1     723     724     734     733     823     824
             834     833
CHEXA        589       1     724     725     735     734     824     825
             835     834
CHEXA        590       1     725     726     736     735     825     826
             836     835
CHEXA        591       1     726     727     737     736     826     827
             837     836
CHEXA        592       1     727     728     738     737     827     828
             838     837
CHEXA        593       1     728     729     739     738     828     829
             839     838
CHEXA        594       1     729     730     740     739     829     830
             840     839
CHEXA        595       1     731     732     742     741     831     832
             842     841
CHEXA        596       1     732     733     743     742     832     833
             843     842
CHEXA        597       1     733     734     744     743     833     834
             844     843
CHEXA        598       1     734     735     745     744     834     835
             845     844
CHEXA        599       1     735     736     746     745     835     836
             846     845
CHEXA        600       1     736     737     747     746     836     837
             847     846
CHEXA        601       1     737     738     748     747     837     838
             848     847
CHEXA        602       1     738     739     749     748     838     839
             849     848
CHEXA        603       1     739     740     750     749     839     840
             850     849
CHEXA        604       1     741     742     752     751     841     842
             852     851
CHEXA        605       1     742     743     753     752     842     843
             853     852
CHEXA        606       1     743     744     754     753     843     844
             854     853
CHEXA        607       1     744     745     755     754     844     845
             855     854
CHEXA        608       1     745     746     756     755     845     846
             856     855
CHEXA        609       1     746     747     757     756     846     847
             857     856
CHEXA        610       1     747     748     758     757     847     848
             858     857
CHEXA        611       1     748     749     759     758     848     849
             859     858
CHEXA        612       1     749     750     760     759     849     850
             860     859
CHEXA        613       1     751     752     762     761     851     852
             862     861
CHEXA        614       1     752     753     763     762     852     853
             863     862
CHEXA        615       1     753     754     764     763     853     854
             864     863
CHEXA        616       1     754     755     765     764     854     855
             865     864
CHEXA        617       1     755     756     766     765     855     856
             866     865
CHEXA        618       1     756     757     767     766     856     857
             867     866
CHEXA        619       1     757     758     768     767     857     858
             868     867
CHEXA        620       1     758     759     769     768     858     859
             869     868
CHEXA        621       1     759     760     770     769     859     860
             870     869
CHEXA        622       1     761     762     772     771     861     862
             872     871
CHEXA        623       1     762     763     773     772     862     863
             873     872
CHEXA        624       1     763     764     774     773     863     864
             874     873
CHEXA        625       1     764     765     775     774     864     865
             875     874
CHEXA        626       1     765     766     776     775     865     866
             876     875
CHEXA        627       1     766     767     777     776     866     867
             877     876
CHEXA        628       1     767     768     778     777     867     868
             878     877
CHEXA        629       1     768     769     779     778     868     869
             879     878
CHEXA        630       1     769     770     780     779     869     870
             880     879
CHEXA        631       1     771     772     782     781     871     872
             882     881
CHEXA        632       1     772     773     783     782     872     873
             883     882
CHEXA        633       1     773     774     784     783     873     874
             884     883
CHEXA        634       1     774     775     785     784     874     875
             885     884
CHEXA        635       1     775     776     786     785     875     876
             886     885
CHEXA        636       1     776     777     787     786     876     877
             887     886
CHEXA        637       1     777     778     788     787     877     878
             888     887
CHEXA        638       1     778     779     789     788     878     879
             889     888
CHEXA        639       1     779     780     790     789     879     880
             890     889
CHEXA        640       1     781     782     792     791     881     882
             892     891
CHEXA        641       1     782     783     793     792     882     883
             893     892
CHEXA        642       1     783     784     794     793     883     884
             894     893
CHEXA        643       1     784     785     795     794     884     885
             895     894
CHEXA        644       1     785     786     796     795     885     886
             896     895
CHEXA        645       1     786     787     797     796     886     887
             897     896
CHEXA        646       1     787     788     798     797     887     888
             898     897
CHEXA        647       1     788     789     799     798     888     889
             899     898
CHEXA        648       1     789     790     800     799     889     890
             900     899
CHEXA        649       1     801     802     812     811     901     902
             912     911
CHEXA        650       1     802     803     813     812     902     903
             913     912
CHEXA        651       1     803     804     814     813     903     904
             914     913
CHEXA        652       1     804     805     815     814     904     905
             915     914
CHEXA        653       1     805     806     816     815     905     906
             916     915
CHEXA        654       1     806     807     817     816     906     907
             917     916
CHEXA        655       1     807     808     818     817     907     908
             918     917
CHEXA        656       1     808     809     819     818     908     909
             919     918
CHEXA        657       1     809     810     820     819     909     910
             920     919
CHEXA        658       1     811     812     822     821     911     912
             922     921
CHEXA        659       1     812     813     823     822     912     913
             923     922
CHEXA        660       1     813     814     824     823     913     914
             924     923
CHEXA        661       1     814     815     825     824     914     915
             925     924
CHEXA        662       1     815     816     826     825     915     916
             926     925
CHEXA        663       1     816     817     827     826     916     917
             927     926
CHEXA        664       1     817     818     828     827     917     918
             928     927
CHEXA        665       1     818     819     829     828     918     919
             929     928
CHEXA        666       1     819     820     830     829     919     920
             930     929
CHEXA        667       1     821     822     832     831     921     922
             932     931
CHEXA        668       1     822     823     833     832     922     923
             933     932
CHEXA        669       1     823     824     834     833     923     924
             934     933
CHEXA        670       1     824     825     835     834     924     925
             935     934
CHEXA        671       1     825     826     836     835     925     926
             936     935
CHEXA        672       1     826     827     837     836     926     927
             937     936
CHEXA        673       1     827     828     838     837     927     928
             938     937
CHEXA        674       1     828     829     839     838     928     929
             939     938
CHEXA        675       1     829     830     840     839     929     930
             940     939
CHEXA        676       1     831     832     842     841     931     932
             942     941
CHEXA        677       1     832     833     843     842     932     933
             943     942
CHEXA        678       1     833     834     844     843     933     934
             944     943
CHEXA        679       1     834     835     845     844     934     935
             945     944
CHEXA        680       1     835     836     846     845     935     936
             946     945
CHEXA        681       1     836     837     847     846     936     937
             947     946
CHEXA        682       1     837     838     848     847     937     938
             948     947
CHEXA        683       1     838     839     849     848     938     939
             949     948
CHEXA        684       1     839     840     850     849     939     940
             950     949
CHEXA        685       1     841     842     852     851     941     942
             952     951
CHEXA        686       1     842     843     853     852     942     943
             953     952
CHEXA        687       1     843     844     854     853     943     944
             954     953
CHEXA        688       1     844     845     855     854     944     945
             955     954
CHEXA        689       1     845     846     856     855     945     946
             956     955
CHEXA        690       1     846     847     857     856     946     947
             957     956
CHEXA        691       1     847     848     858     857     947     948
             958     957
CHEXA        692       1     848     849     859     858     948     949
             959     958
CHEXA        693       1     849     850     860     859     949     950
             960     959
CHEXA        694       1     851     852     862     861     951     952
             962     961
CHEXA        695       1     852     853     863     862     952     953
             963     962
CHEXA        696       1     853     854     864     863     953     954
             964     963
CHEXA        697       1     854     855     865     864     954     955
             965     964
CHEXA        698       1     855     856     866     865     955     956
             966     965
CHEXA        699       1     856     857     867     866     956     957
             967     966
CHEXA        700       1     857     858     868     867     957     958
             968     967
CHEXA        701       1     858     859     869     868     958     959
             969     968
CHEXA        702       1     859     860     870     869     959     960
             970     969
CHEXA        703       1     861     862     872     871     961     962
             972     971
CHEXA        704       1     862     863     873     872     962     963
             973     972
CHEXA        705       1     863     864     874     873     963     964
             974     973
CHEXA        706       1     864     865     875     874     964     965
             975     974
CHEXA        707       1     865     866     876     875     965     966
             976     975
CHEXA        708       1     866     867     877     876     966     967
             977     976
CHEXA        709       1     867     868     878     877     967     968
             978     977
CHEXA        710       1     868     869     879     878     968     969
             979     978
CHEXA        711       1     869     870     880     879     969     970
             980     979
CHEXA        712       1     871     872     882     881     971     972
             982     981
CHEXA        713       1     872     873     883     882     972     973
             983     982
CHEXA        714       1     873     874     884     883     973     974
             984     983
CHEXA        715       1     874     875     885     884     974     975
             985     984
CHEXA        716       1     875     876     886     885     975     976
             986     985
CHEXA        717       1     876     877     887     886     976     977
             987     986
CHEXA        718       1     877     878     888     887     977     978
             988     987
CHEXA        719       1     878     879     889     888     978     979
             989     988
CHEXA        720       1     879     880     890     889     979     980
             990     989
CHEXA        721       1     881     882     892     891     981     982
             992     991
CHEXA        722       1     882     883     893     892     982     983
             993     992
CHEXA        723       1     883     884     894     893     983     984
             994     993
CHEXA        724       1     884     885     895     894     984     985
             995     994
CHEXA        725       1     885     886     896     895     985     986
             996     995
CHEXA        726       1     886     887     897     896     986     987
             997     996
CHEXA        727       1     887     888     898     897     987     988
             998     997
CHEXA        728       1     888     889     899     898     988     989
             999     998
CHEXA        729       1     889     890     900     899     989     990
             1000     999