0.999456
0.998095
0.99681
0.996289
0.995919
0.995646
0.994673
0.993967
0.993644
0.993459
0.992496
0.991879
0.990428
0.990108
0.989785
0.989031
0.987259
0.987163
0.986437
0.984909
0.983466
0.983415
0.98273
0.98264
0.982199
0.981721
0.981243
0.980656
0.980148
0.979565
0.979387
0.978825
0.978681
0.977512
0.977215
0.977007
0.976863
0.976854
0.976831
0.976617
0.975412
0.974787
0.974518
0.974508
0.974459
0.974166
0.973954
0.973859
0.973399
0.973394
0.973275
0.973003
0.972865
0.971971
0.971744
0.971252
0.971166
0.971123
0.970726
0.970235
0.969804
0.968742
0.968131
0.968092
0.967769
0.966867
0.966173
0.96585
0.96575
0.965672
0.96535
0.964907
0.964836
0.964666
0.963785
0.963743
0.963238
0.963113
0.962829
0.961277
0.960699
0.960606
0.960538
0.959913
0.959495
0.959374
0.959056
0.958744
0.957656
0.957615
0.957443
0.957335
0.957334
0.957289
0.956763
0.956693
0.955255
0.954475
0.953925
0.953562
0.952752
0.952165
0.951846
0.951688
0.950804
0.95062
0.950363
0.949081
0.948897
0.94889
0.948204
0.947064
0.947033
0.946805
0.946446
0.946306
0.945816
0.943926
0.94376
0.943608
0.943583
0.943257
0.942777
0.941816
0.940452
0.939896
0.939546
0.939349
0.938859
0.938584
0.937667
0.937439
0.93713
0.936993
0.936499
0.935113
0.935064
0.934982
0.934492
0.93414
0.934119
0.934035
0.93381
0.932941
0.932727
0.93271
0.931716
0.931328
0.930643
0.930616
0.930242
0.930023
0.92999
0.929188
0.929178
0.928492
0.928088
0.928048
0.927855
0.927762
0.927661
0.927297
0.927013
0.926807
0.926579
0.926543
0.925853
0.925594
0.924872
0.924784
0.923203
0.92236
0.922312
0.92217
0.921725
0.920729
0.920676
0.920206
0.920169
0.920044
0.919498
0.919234
0.919084
0.919059
0.918712
0.918493
0.918455
0.918417
0.918289
0.918017
0.917993
0.917802
0.917729
0.917307
0.917202
0.91705
0.916991
0.91694
0.916849
0.916542
0.916504
0.916405
0.916399
0.916361
0.915914
0.915777
0.915763
0.915742
0.915489
0.915123
0.914835
0.914752
0.914589
0.914479
0.913045
0.912788
0.912538
0.912344
0.912297
0.912205
0.911534
0.910279
0.909983
0.909865
0.909691
0.909612
0.908846
0.908597
0.906575
0.905744
0.905314
0.904493
0.904346
0.904287
0.903057
0.902796
0.902639
0.902473
0.902074
0.901894
0.901837
0.901785
0.901716
0.901503
0.900707
0.900337
0.899479
0.898407
0.898217
0.897525
0.89748
0.897392
0.896423
0.895928
0.895555
0.89512
0.894684
0.894409
0.894404
0.894378
0.893669
0.893617
0.893345
0.892839
0.892559
0.892342
0.892018
0.890304
0.89027
0.889749
0.889313
0.889048
0.888982
0.888627
0.887526
0.887523
0.887207
0.886839
0.88633
0.885915
0.885042
0.88453
0.884167
0.883676
0.883673
0.883072
0.883063
0.882856
0.882765
0.882436
0.882215
0.882142
0.882118
0.881877
0.881439
0.880399
0.880095
0.879814
0.879715
0.878699
0.878022
0.877523
0.877411
0.87672
0.876575
0.87592
0.87564
0.87461
0.873852
0.87332
0.873196
0.871993
0.87197
0.869769
0.869527
0.869122
0.86909
0.868287
0.867486
0.867462
0.866713
0.866296
0.865945
0.865894
0.865267
0.86511
0.864938
0.864927
0.86443
0.863909
0.863652
0.862802
0.862217
0.861349
0.861101
0.861062
0.859753
0.859395
0.858881
0.858643
0.858341
0.857294
0.855732
0.855406
0.85412
0.852946
0.852824
0.852782
0.852537
0.851985
0.851984
0.851616
0.851188
0.850421
0.849941
0.849288
0.847039
0.846571
0.846235
0.843097
0.842434
0.842434
0.842271
0.842088
0.842079
0.841809
0.840757
0.840283
0.840087
0.839096
0.83843
0.838424
0.838354
0.838097
0.838094
0.836965
0.836654
0.835171
0.835083
0.834993
0.834539
0.834407
0.833861
0.833527
0.833179
0.833135
0.831349
0.829607
0.829476
0.829473
0.828079
0.827926
0.827
0.825771
0.825303
0.824736
0.824574
0.823641
0.82292
0.822598
0.821478
0.820693
0.82013
0.819691
0.818359
0.818288
0.816865
0.8163
0.816276
0.816109
0.814953
0.814826
0.814581
0.81443
0.814189
0.814154
0.814152
0.8137
0.813535
0.812992
0.812923
0.812612
0.811954
0.811908
0.811205
0.811003
0.81078
0.80984
0.809759
0.809511
0.809484
0.809106
0.808647
0.807422
0.807011
0.80695
0.806546
0.806335
0.806068
0.805476
0.804869
0.804143
0.802262
0.801589
0.801019
0.80063
0.798324
0.79682
0.796172
0.79583
0.795548
0.795313
0.794843
0.794054
0.793948
0.793682
0.793636
0.793281
0.790741
0.790024
0.7897
0.789203
0.788931
0.788055
0.788035
0.787975
0.78776
0.787196
0.786761
0.786499
0.78637
0.786287
0.785947
0.785671
0.78565
0.78533
0.784485
0.783571
0.783324
0.783191
0.781954
0.781462
0.780812
0.780145
0.78014
0.779156
0.779059
0.778913
0.778911
0.778173
0.777535
0.7768
0.776319
0.776167
0.774373
0.773856
0.773693
0.773282
0.773237
0.772837
0.772658
0.772345
0.77115
0.770889
0.770774
0.770138
0.76919
0.768358
0.768236
0.768125
0.767848
0.767757
0.767665
0.767489
0.767478
0.767252
0.767239
0.767218
0.766882
0.766079
0.765428
0.765408
0.765086
0.764933
0.764665
0.764238
0.763379
0.763207
0.762634
0.762628
0.761911
0.761889
0.761052
0.760964
0.76095
0.760461
0.760426
0.75997
0.757665
0.757177
0.756775
0.756547
0.756489
0.755521
0.754317
0.754256
0.754064
0.753903
0.752922
0.752763
0.752552
0.751856
0.751311
0.751288
0.750665
0.750196
0.75004
0.7486
0.748452
0.746999
0.746534
0.746271
0.746059
0.745559
0.745375
0.745205
0.743971
0.743944
0.743425
0.742466
0.742183
0.741632
0.740813
0.74008
0.739563
0.738282
0.737634
0.736987
0.73644
0.735831
0.735669
0.735009
0.734541
0.733965
0.733586
0.733117
0.732768
0.732055
0.731696
0.731561
0.731384
0.730722
0.730223
0.729504
0.729442
0.729398
0.72934
0.728843
0.7275
0.727342
0.727077
0.726842
0.726502
0.725839
0.725073
0.724051
0.722861
0.722523
0.722227
0.722146
0.721746
0.721138
0.721122
0.720424
0.720237
0.719271
0.718358
0.718256
0.718062
0.717169
0.716621
0.716351
0.714543
0.71454
0.713953
0.712893
0.712755
0.712334
0.712029
0.711124
0.71004
0.709447
0.708789
0.708343
0.707644
0.707219
0.706804
0.706696
0.706375
0.705273
0.705184
0.705103
0.704821
0.704671
0.704544
0.704264
0.704117
0.703871
0.703686
0.703317
0.702817
0.702767
0.70263
0.702353
0.701002
0.700588
0.699656
0.698963
0.698424
0.697681
0.696898
0.695636
0.695368
0.695216
0.695061
0.694874
0.694405
0.693686
0.693255
0.692983
0.692924
0.692701
0.690401
0.690401
0.689812
0.68974
0.689432
0.689427
0.688826
0.687557
0.68732
0.687143
0.685893
0.684819
0.684588
0.684141
0.6836
0.683116
0.681703
0.681509
0.678838
0.675565
0.675206
0.673511
0.673506
0.673406
0.670633
0.670455
0.670148
0.668944
0.668363
0.667771
0.667637
0.667259
0.665709
0.665242
0.664112
0.663618
0.663337
0.662066
0.661899
0.66126
0.66105
0.659927
0.659155
0.658664
0.658399
0.657631
0.65705
0.65612
0.654972
0.654624
0.65422
0.654035
0.653753
0.653721
0.653624
0.653411
0.652917
0.652711
0.650695
0.649471
0.648655
0.648648
0.648296
0.647161
0.646252
0.645898
0.64523
0.644384
0.643476
0.641326
0.64073
0.639706
0.639544
0.6377
0.637523
0.637449
0.637367
0.636444
0.635115
0.633951
0.633896
0.633746
0.633296
0.633062
0.632931
0.632886
0.632839
0.632648
0.632626
0.632434
0.632376
0.632338
0.632124
0.631394
0.630999
0.630416
0.629999
0.628283
0.627478
0.625806
0.625159
0.624991
0.624083
0.623805
0.62271
0.621355
0.62111
0.6211
0.620868
0.620244
0.620147
0.619967
0.619749
0.619704
0.619451
0.619434
0.618714
0.618341
0.617321
0.6163
0.615573
0.615196
0.614868
0.613566
0.613443
0.613229
0.612547
0.612366
0.612134
0.611522
0.611088
0.610598
0.609933
0.60991
0.609412
0.608568
0.607534
0.606787
0.606445
0.606215
0.606145
0.606098
0.606045
0.605887
0.605845
0.605535
0.605521
0.605472
0.604901
0.604846
0.604568
0.604157
0.603842
0.602879
0.601007
0.600966
0.600828
0.600788
0.598953
0.598431
0.598319
0.597745
0.597207
0.596633
0.596419
0.596128
0.596047
0.595833
0.595314
0.594931
0.594812
0.5948
0.593558
0.59352
0.59313
0.592221
0.591711
0.591099
0.588093
0.587932
0.586768
0.586544
0.586446
0.585591
0.584542
0.583481
0.583388
0.582967
0.582372
0.581793
0.581248
0.579695
0.578848
0.578654
0.578147
0.577571
0.576951
0.576382
0.576008
0.57587
0.573958
0.573683
0.572703
0.572565
0.572539
0.572172
0.571295
0.571199
0.571051
0.570888
0.570838
0.570793
0.570709
0.569851
0.569499
0.569368
0.566474
0.565246
0.56513
0.565094
0.564991
0.564916
0.564583
0.564215
0.563701
0.563642
0.562279
0.562137
0.561871
0.56089
0.560874
0.559908
0.55989
0.55906
0.558894
0.558609
0.558519
0.558395
0.557924
0.556643
0.554566
0.553469
0.551753
0.551702
0.551286
0.551111
0.550395
0.549623
0.546687
0.545426
0.54487
0.544861
0.544324
0.543882
0.543638
0.543244
0.543152
0.543039
0.541672
0.541118
0.540664
0.539274
0.538039
0.537469
0.536666
0.536389
0.536355
0.536286
0.536211
0.534288
0.533672
0.533055
0.532373
0.532315
0.531943
0.531833
0.531733
0.531272
0.530412
0.52994
0.529619
0.5286
0.528174
0.52656
0.525688
0.524931
0.524049
0.523943
0.523586
0.523327
0.523105
0.522619
0.521931
0.521392
0.519408
0.51802
0.518016
0.517686
0.517594
0.517115
0.51621
0.513183
0.51301
0.512732
0.512249
0.512041
0.512035
0.51151
0.508659
0.507881
0.506893
0.506846
0.502788
0.502023
0.501702
0.50102
0.500849
0.498699
0.497984
0.49734
0.496802
0.495556
0.495075
0.494647
0.494554
0.49416
0.494148
0.49397
0.491885
0.491698
0.490186
0.488763
0.488601
0.488509
0.487669
0.487081
0.486182
0.485972
0.485204
0.485189
0.484946
0.484889
0.483369
0.483368
0.483112
0.482968
0.481181
0.480674
0.480495
0.479855
0.478213
0.477753
0.477416
0.476487
0.475899
0.47523
0.474828
0.474467
0.473932
0.473769
0.472373
0.471839
0.470987
0.470688
0.470496
0.469847
0.469532
0.469397
0.469385
0.468261
0.468145
0.466699
0.466696
0.466626
0.466322
0.465261
0.464789
0.464606
0.463782
0.463646
0.462205
0.461302
0.461283
0.460972
0.460565
0.460479
0.460426
0.460001
0.459639
0.458804
0.458688
0.458459
0.45841
0.457622
0.457043
0.456864
0.455327
0.455037
0.455034
0.454978
0.454361
0.454061
0.45402
0.453553
0.452808
0.452695
0.452198
0.449554
0.449188
0.449186
0.449162
0.448684
0.447322
0.446553
0.446436
0.446403
0.446385
0.446337
0.446168
0.445954
0.444876
0.443622
0.443614
0.443593
0.443388
0.443364
0.443143
0.44251
0.44247
0.442345
0.442085
0.441791
0.440955
0.440727
0.4405
0.440122
0.439016
0.438959
0.438888
0.438266
0.435487
0.435246
0.434783
0.433895
0.433788
0.43367
0.432081
0.431404
0.430319
0.429737
0.429625
0.429186
0.427977
0.427793
0.426465
0.425959
0.425614
0.424804
0.424203
0.423016
0.422442
0.42232
0.422277
0.422188
0.421753
0.421677
0.420728
0.42
0.418768
0.41855
0.418504
0.417574
0.417351
0.416975
0.416921
0.416449
0.416398
0.416153
0.416062
0.4149
0.414846
0.414795
0.414597
0.414362
0.414081
0.413898
0.413802
0.411998
0.411585
0.411427
0.411174
0.41059
0.410455
0.410108
0.409939
0.409795
0.407889
0.406741
0.4066
0.406359
0.405979
0.40412
0.404103
0.404053
0.403904
0.403203
0.40274
0.402405
0.401928
0.400577
0.400328
0.397844
0.397438
0.397066
0.394052
0.39356
0.393431
0.393288
0.393015
0.390218
0.390099
0.389887
0.389457
0.388223
0.388021
0.387895
0.386591
0.386213
0.385868
0.385729
0.385689
0.385406
0.385356
0.384829
0.383947
0.383499
0.383278
0.38232
0.381674
0.381522
0.380876
0.380785
0.380433
0.37991
0.379876
0.379022
0.378132
0.378029
0.37782
0.376735
0.376522
0.376421
0.37615
0.37599
0.375809
0.375691
0.375208
0.375077
0.374809
0.373187
0.372272
0.37224
0.37215
0.370977
0.370806
0.370806
0.370332
0.368986
0.367978
0.36788
0.36763
0.367414
0.366765
0.366117
0.365917
0.365807
0.365617
0.365357
0.365106
0.363208
0.363028
0.362409
0.362372
0.362233
0.361715
0.361396
0.360606
0.360441
0.357679
0.357332
0.356671
0.356306
0.355874
0.355027
0.354108
0.35361
0.353592
0.352493
0.352347
0.351878
0.351278
0.350165
0.348983
0.348186
0.347553
0.347381
0.344206
0.34406
0.344001
0.343867
0.342853
0.342308
0.342069
0.340976
0.340635
0.34024
0.340064
0.339264
0.338351
0.337386
0.336131
0.335673
0.335527
0.335165
0.334936
0.334779
0.334745
0.334408
0.334146
0.334028
0.333927
0.333861
0.333333
0.332967
0.332872
0.332734
0.332551
0.332413
0.332269
0.331123
0.331094
0.330937
0.330673
0.330572
0.330288
0.330287
0.32992
0.329756
0.329746
0.329681
0.32941
0.32898
0.328896
0.32828
0.32822
0.327252
0.327127
0.32707
0.32606
0.325517
0.324957
0.321754
0.321735
0.321453
0.318821
0.318282
0.318249
0.318224
0.317825
0.315482
0.315205
0.313034
0.312405
0.311575
0.310469
0.310098
0.309502
0.309487
0.309187
0.308288
0.307898
0.306537
0.30641
0.305855
0.305444
0.303984
0.303445
0.303381
0.302955
0.302658
0.302326
0.302296
0.302091
0.301986
0.300765
0.298757
0.298666
0.297798
0.296065
0.295983
0.295441
0.293807
0.293561
0.293479
0.293231
0.292753
0.292457
0.291777
0.291667
0.291572
0.290988
0.290904
0.290181
0.289366
0.288637
0.287803
0.287476
0.286524
0.286388
0.285559
0.284967
0.284116
0.284084
0.283874
0.283597
0.283573
0.283532
0.283464
0.282249
0.281694
0.281515
0.281412
0.281106
0.280621
0.280346
0.28006
0.279849
0.279579
0.278389
0.2782
0.278124
0.277325
0.276481
0.275281
0.274953
0.274054
0.273948
0.273434
0.272311
0.272263
0.270465
0.2699
0.269589
0.26938
0.268938
0.268664
0.267663
0.266585
0.26657
0.26563
0.26443
0.263781
0.262831
0.262071
0.261982
0.261821
0.261053
0.260138
0.259787
0.259753
0.259515
0.258852
0.258756
0.258599
0.257559
0.257324
0.256852
0.256521
0.255972
0.255835
0.25527
0.255024
0.254218
0.253171
0.252393
0.251872
0.251683
0.251216
0.249855
0.249853
0.249529
0.248793
0.248661
0.248133
0.247485
0.247284
0.247284
0.247258
0.246761
0.24629
0.245582
0.245365
0.245075
0.244821
0.244644
0.244391
0.243316
0.242457
0.242313
0.242195
0.242017
0.24197
0.241387
0.239802
0.239638
0.239224
0.23795
0.23789
0.237663
0.237423
0.237273
0.236961
0.236261
0.23624
0.236038
0.235703
0.235651
0.234814
0.23385
0.233441
0.233247
0.233109
0.232792
0.232686
0.232668
0.232598
0.232534
0.232439
0.232294
0.231288
0.231183
0.230759
0.23035
0.230342
0.230257
0.229917
0.229893
0.229522
0.228773
0.227831
0.227798
0.227453
0.227374
0.227229
0.227135
0.227108
0.22707
0.226979
0.225614
0.225164
0.225111
0.224348
0.223849
0.221641
0.221203
0.220475
0.220463
0.219609
0.21861
0.218534
0.218428
0.218396
0.218286
0.216775
0.216747
0.216531
0.215854
0.215711
0.215669
0.214957
0.214006
0.213794
0.213736
0.213488
0.213478
0.213306
0.213273
0.213257
0.213218
0.213198
0.213052
0.212825
0.212381
0.212358
0.211863
0.211656
0.211631
0.211583
0.210748
0.210518
0.210516
0.210409
0.210394
0.21036
0.210306
0.20949
0.20891
0.208499
0.208342
0.20821
0.20802
0.207742
0.207038
0.206027
0.205832
0.205554
0.205378
0.205298
0.205143
0.204775
0.204718
0.204709
0.203186
0.203175
0.203141
0.202957
0.202306
0.202294
0.20022
0.199882
0.19976
0.199241
0.198907
0.198781
0.19872
0.19865
0.19776
0.197736
0.197516
0.197338
0.196384
0.19556
0.194366
0.193285
0.193121
0.192855
0.192813
0.192806
0.192637
0.192366
0.192125
0.191871
0.190691
0.190645
0.19061
0.190006
0.189799
0.189555
0.189458
0.189263
0.188579
0.188321
0.188236
0.187337
0.185867
0.185761
0.184828
0.184779
0.184642
0.184179
0.18394
0.183836
0.183492
0.183327
0.182314
0.181177
0.181101
0.180971
0.180937
0.180853
0.180604
0.180515
0.180437
0.180389
0.180109
0.179773
0.177923
0.177274
0.177216
0.176989
0.176509
0.175766
0.175222
0.175077
0.174549
0.174483
0.173962
0.173601
0.172831
0.17262
0.172355
0.172213
0.170891
0.170743
0.16941
0.169355
0.169093
0.168619
0.168527
0.167393
0.167307
0.167302
0.167129
0.166896
0.166137
0.166009
0.165757
0.165663
0.165591
0.165588
0.165429
0.165238
0.164295
0.164179
0.163969
0.16394
0.163721
0.163568
0.163476
0.163192
0.16307
0.162938
0.162545
0.162203
0.162111
0.161247
0.160991
0.160821
0.160779
0.160328
0.160219
0.160183
0.160062
0.15978
0.159533
0.159434
0.15922
0.158322
0.157597
0.157595
0.15746
0.157442
0.156938
0.156861
0.156533
0.156172
0.1557
0.155276
0.154797
0.154447
0.154426
0.154407
0.154004
0.153983
0.153688
0.153523
0.153459
0.153063
0.153051
0.153038
0.152695
0.152524
0.152042
0.151756
0.151209
0.15098
0.150306
0.1503
0.150025
0.148497
0.148016
0.147923
0.147908
0.147602
0.147475
0.147242
0.147145
0.146875
0.14642
0.146165
0.146065
0.14599
0.145842
0.145509
0.145349
0.145214
0.144297
0.144087
0.143756
0.14341
0.142884
0.141995
0.141661
0.141422
0.140484
0.139599
0.139563
0.139321
0.138834
0.138766
0.138213
0.137736
0.137478
0.137442
0.135803
0.135649
0.135417
0.13534
0.135244
0.134534
0.134374
0.133723
0.133607
0.133445
0.133376
0.132853
0.132668
0.132475
0.132464
0.132254
0.132091
0.131918
0.13168
0.131663
0.131481
0.131293
0.131212
0.130947
0.130706
0.130704
0.130695
0.130664
0.130441
0.129869
0.129489
0.129466
0.129424
0.129218
0.128707
0.128522
0.128451
0.128405
0.127953
0.127632
0.12742
0.127313
0.127013
0.126816
0.126747
0.126546
0.126044
0.125334
0.125326
0.12492
0.12475
0.124651
0.124631
0.124066
0.123849
0.123787
0.123648
0.123565
0.123017
0.122571
0.122247
0.122111
0.121879
0.121786
0.121658
0.121322
0.12093
0.119767
0.119653
0.119528
0.119273
0.119118
0.119067
0.118822
0.118808
0.118536
0.118506
0.118408
0.117863
0.117291
0.11727
0.117246
0.117222
0.116814
0.11656
0.116447
0.116388
0.11584
0.115283
0.114861
0.114854
0.114813
0.114807
0.114533
0.114358
0.114278
0.114103
0.11398
0.113937
0.113928
0.113603
0.113586
0.113456
0.113243
0.113204
0.113147
0.11272
0.112628
0.11256
0.11232
0.112313
0.112187
0.112046
0.111794
0.111701
0.11115
0.110781
0.110664
0.110404
0.110092
0.109952
0.109671
0.109092
0.108867
0.108115
0.107783
0.10733
0.106807
0.106803
0.106749
0.106506
0.106212
0.106021
0.105672
0.105419
0.105145
0.104959
0.104456
0.104395
0.104321
0.104022
0.103692
0.10356
0.103358
0.103322
0.102911
0.102697
0.10263
0.102512
0.102127
0.101913
0.101661
0.101471
0.101349
0.101334
0.101072
0.101038
0.100984
0.100698
0.10057
0.100235
0.099684
0.0996049
0.0993554
0.0992304
0.0991272
0.0989259
0.0988585
0.0988474
0.0986997
0.0986741
0.0985228
0.0983819
0.098234
0.0980403
0.0979979
0.0978034
0.0977549
0.0976602
0.0975601
0.0974773
0.0972332
0.0971265
0.0963099
0.0961592
0.0961348
0.09609
0.0959602
0.0959061
0.0954815
0.0952792
0.0951108
0.0950268
0.0946578
0.0946387
0.0944308
0.0941872
0.0939226
0.093778
0.0936518
0.0933461
0.0933198
0.0929573
0.0929478
0.0923725
0.0923054
0.0919978
0.0916318
0.0915365
0.0914379
0.0909982
0.0906841
0.0906708
0.0905147
0.0902513
0.090023
0.0899235
0.0898929
0.0895106
0.0894665
0.0893693
0.0891926
0.0891223
0.0890072
0.0889198
0.0888106
0.0887916
0.0883483
0.0883063
0.0880177
0.0879065
0.0876852
0.0871987
0.0870753
0.0867861
0.0866898
0.0866279
0.0866224
0.0862991
0.0858603
0.0856651
0.0855688
0.0855138
0.0853413
0.0850985
0.0848261
0.0847742
0.0847443
0.0845956
0.0844501
0.0843676
0.0843223
0.084041
0.0838371
0.0835895
0.0833492
0.0831474
0.0831349
0.0830954
0.0830864
0.083069
0.0828009
0.0824235
0.0821523
0.0820079
0.081974
0.0818089
0.0816147
0.0816026
0.0813349
0.0813291
0.0811485
0.08112
0.0808743
0.0808047
0.0803997
0.0797044
0.0792724
0.0792485
0.0791047
0.0788311
0.0788072
0.0787803
0.0787622
0.0787163
0.0779593
0.0778361
0.077722
0.0773823
0.0771129
0.0770465
0.0769499
0.0769196
0.0768591
0.0766727
0.0765145
0.0763822
0.0761032
0.0759516
0.0757984
0.07569
0.0755459
0.0755216
0.075305
0.0751271
0.0749701
0.0747528
0.0746878
0.0742046
0.0741641
0.0739697
0.0738184
0.0735307
0.0732492
0.0732378
0.0730483
0.0730074
0.0729222
0.0724849
0.07237
0.0721876
0.0719288
0.0719061
0.071761
0.0716809
0.0712758
0.0708674
0.0707256
0.0706782
0.0706453
0.0706049
0.0705656
0.0703415
0.0703334
0.0702519
0.0700821
0.0698184
0.0695527
0.0692766
0.0692755
0.0690225
0.0685943
0.0684692
0.0683619
0.0683449
0.0683436
0.0683213
0.0680563
0.067997
0.0679606
0.0679339
0.0677742
0.0677535
0.0676693
0.0673812
0.0673669
0.0672384
0.0667752
0.066721
0.0663867
0.0663209
0.0662476
0.0661868
0.0661755
0.0661667
0.0659829
0.0659004
0.0657324
0.0650155
0.0649955
0.0649081
0.0648267
0.064649
0.0642576
0.0639907
0.0638909
0.0638113
0.0638101
0.0637965
0.0633425
0.0632605
0.0628314
0.0627292
0.0626035
0.062578
0.0625317
0.0625085
0.0623453
0.0623076
0.0622678
0.0622118
0.0620781
0.0620611
0.0620256
0.0619797
0.0618642
0.0617803
0.0617128
0.0613672
0.0613268
0.0613097
0.0610862
0.061072
0.0610029
0.0609615
0.0609361
0.0608814
0.0607826
0.060534
0.0604808
0.0603456
0.0602506
0.0601405
0.0599562
0.0598384
0.0598205
0.0595707
0.0594865
0.0594806
0.0594562
0.0594335
0.0593871
0.0593759
0.0593683
0.0592502
0.059197
0.0591228
0.0589334
0.0588632
0.0587747
0.0585931
0.0585914
0.0585316
0.0585306
0.0583555
0.0583346
0.0583067
0.0581935
0.0578899
0.057866
0.057607
0.0575585
0.0574394
0.0574244
0.0573003
0.0568658
0.0562325
0.0560789
0.0560753
0.0560732
0.0559787
0.0559758
0.0558819
0.0558549
0.0558541
0.0556314
0.0553085
0.0551573
0.0550841
0.0549443
0.0549401
0.0546914
0.0546116
0.0545564
0.0545271
0.0543168
0.0542309
0.054221
0.05418
0.0541215
0.053856
0.0534628
0.0532804
0.0530678
0.0530511
0.0529457
0.0527635
0.0526727
0.0526168
0.0525275
0.052402
0.0523934
0.0523054
0.0522684
0.0521651
0.052146
0.0520529
0.052029
0.0519739
0.0519421
0.0518932
0.0518536
0.051796
0.0510819
0.0509625
0.0509309
0.0509214
0.0507318
0.0506436
0.0506135
0.0505507
0.0504004
0.050348
0.0500274
0.0498186
0.0498062
0.0497127
0.0494815
0.0494668
0.0494539
0.0491952
0.0491511
0.0491214
0.049118
0.049021
0.0489872
0.0489433
0.0488768
0.0486932
0.0485653
0.0485126
0.0484614
0.0484294
0.0483816
0.0479943
0.0478587
0.0478182
0.0476738
0.0476524
0.0475983
0.04758
0.047534
0.0474773
0.0473902
0.0473837
0.0471824
0.0471617
0.047161
0.047048
0.0468497
0.0467806
0.046715
0.0466773
0.0465812
0.0464713
0.0464075
0.0464038
0.0463695
0.0462588
0.0462575
0.046205
0.0460778
0.0460537
0.0458797
0.0458566
0.0456865
0.0456311
0.0455566
0.0455186
0.0453645
0.0451724
0.0450844
0.0450768
0.0450243
0.0450201
0.0449734
0.0449203
0.0448563
0.0448475
0.0448377
0.0448275
0.0448049
0.0443581
0.0443423
0.0443012
0.0442394
0.0441321
0.0439788
0.0439244
0.0437968
0.0434224
0.0433505
0.0432589
0.0429715
0.0429502
0.04285
0.0428168
0.0427551
0.0425067
0.0423528
0.0423468
0.0422779
0.0422196
0.0420702
0.0418557
0.0418262
0.0418182
0.0416982
0.0416505
0.0416238
0.0413111
0.0412321
0.0411641
0.041026
0.0410099
0.0408929
0.0408739
0.0408227
0.0408141
0.0406827
0.0405901
0.0405077
0.0403273
0.0402467
0.0402388
0.0401246
0.039962
0.0399034
0.0397697
0.0395305
0.0393959
0.038982
0.0389545
0.038678
0.0386689
0.038223
0.0380449
0.0378682
0.0377388
0.0377144
0.0375666
0.0375177
0.0374934
0.0374848
0.0371955
0.0371661
0.037065
0.0370346
0.0369829
0.0368733
0.0368611
0.0367285
0.0366083
0.0365667
0.0363293
0.0362903
0.0362162
0.0361151
0.0360401
0.0359359
0.035909
0.0357932
0.0357676
0.0357263
0.0354477
0.0354339
0.0353753
0.0352633
0.0352528
0.0352373
0.0351763
0.0350502
0.0350442
0.0350361
0.0349912
0.0349823
0.0348674
0.0348282
0.0348274
0.0347339
0.0346436
0.0345833
0.0345686
0.0345516
0.0345462
0.0342515
0.0342372
0.0341826
0.0341021
0.0340658
0.033892
0.033858
0.0338254
0.0336862
0.0336469
0.0335736
0.0335669
0.0335618
0.0335282
0.033518
0.0335122
0.0335047
0.0335017
0.0333806
0.0333057
0.0332915
0.033195
0.0331272
0.0330214
0.0329839
0.032981
0.0328959
0.032766
0.0327573
0.0327083
0.0323983
0.0323971
0.0323943
0.0323775
0.0321173
0.0321084
0.0318858
0.0317945
0.031693
0.0316483
0.0316247
0.0315679
0.0315551
0.0314985
0.0314816
0.0314012
0.0311752
0.0311025
0.0310458
0.0309582
0.0309069
0.0308024
0.030789
0.0307737
0.0307603
0.0306659
0.0306658
0.0304783
0.0303986
0.0302771
0.0302144
0.030199
0.0301662
0.030156
0.0301211
0.0298805
0.0296704
0.0296648
0.0294406
0.0293533
0.0293524
0.0293395
0.0293253
0.0292961
0.0292561
0.0290884
0.0289943
0.0289685
0.0289399
0.0289342
0.0287825
0.0286605
0.028552
0.0284289
0.0284271
0.0284152
0.0283963
0.0283904
0.0283572
0.0282674
0.0282317
0.0281919
0.0281529
0.0280878
0.0279523
0.0278848
0.0278398
0.027802
0.0276211
0.0275826
0.0275737
0.0274496
0.0274238
0.0273841
0.0273569
0.0271486
0.0270665
0.027043
0.0270069
0.026999
0.0268875
0.0268486
0.0268006
0.0267466
0.026714
0.0265839
0.0265572
0.0265087
0.0264673
0.0264477
0.026416
0.026382
0.0263508
0.026114
0.026059
0.0259966
0.0259545
0.0259275
0.0257804
0.0257054
0.0256688
0.025655
0.0256425
0.0254066
0.0253964
0.0253705
0.0253562
0.0252768
0.0252597
0.0252463
0.0252148
0.0252068
0.0250223
0.0248865
0.0248339
0.0248219
0.024752
0.0247137
0.0247072
0.0247035
0.0247016
0.0246424
0.0246287
0.0245099
0.0245032
0.0244096
0.024369
0.0241623
0.0241567
0.0241102
0.0240971
0.0240861
0.0238973
0.0238205
0.023746
0.0236957
0.0236914
0.0236288
0.023585
0.0235595
0.0235549
0.02354
0.0234134
0.0233206
0.0233202
0.0232831
0.0231644
0.0231579
0.0230995
0.0230842
0.0229516
0.0228039
0.0226709
0.0226705
0.0226228
0.0225891
0.0225809
0.0224565
0.022371
0.0223575
0.022332
0.0223292
0.0223066
0.0222735
0.0222692
0.0221805
0.0221741
0.0221391
0.0219801
0.0219272
0.0218717
0.0218375
0.0217531
0.0217068
0.0217029
0.0216751
0.0216329
0.0215353
0.0214508
0.0213894
0.0212449
0.0211021
0.0210948
0.0210564
0.0208412
0.0207364
0.020643
0.0205087
0.0204933
0.0204123
0.0203594
0.0201732
0.0201621
0.0200697
0.0200327
0.019923
0.0197803
0.0195025
0.0194958
0.0193591
0.0193246
0.0191961
0.019167
0.0191144
0.0190293
0.0189124
0.0188373
0.018835
0.0186449
0.0186224
0.0185786
0.0185019
0.0185016
0.0184732
0.0184178
0.0184096
0.0183482
0.018317
0.0182377
0.0182334
0.0181017
0.0179498
0.0179337
0.0179268
0.0178831
0.0178664
0.017751
0.017629
0.0175972
0.0175867
0.0175195
0.0175189
0.0174829
0.0174628
0.0174477
0.0174369
0.0173819
0.0173394
0.0172245
0.0172103
0.0171952
0.017092
0.0170516
0.0169235
0.0169203
0.0168438
0.0167306
0.0166945
0.0166877
0.0166687
0.0166672
0.0165938
0.0165375
0.0164743
0.0164316
0.016388
0.0163237
0.0162623
0.0162512
0.0162474
0.0161898
0.0161875
0.0161654
0.0160633
0.0160537
0.0160463
0.0160308
0.0160113
0.0160066
0.0159849
0.0159356
0.0158862
0.0158754
0.0157028
0.0156922
0.0156354
0.0156194
0.0155027
0.0154014
0.0152517
0.0152298
0.0151546
0.0151543
0.0150879
0.015031
0.0149926
0.0149296
0.0149042
0.0148743
0.0148421
0.0148395
0.0148342
0.0148234
0.014813
0.0147472
0.0146511
0.0146468
0.014629
0.0146155
0.0146024
0.0145796
0.0145788
0.0145558
0.014474
0.0143769
0.0142786
0.0142539
0.0142099
0.014161
0.0141496
0.0141375
0.0140859
0.0140469
0.0139956
0.0139736
0.0139478
0.0138728
0.0138383
0.0137706
0.0137405
0.0136779
0.0136714
0.0136605
0.0135703
0.0135198
0.0135083
0.0134502
0.0134402
0.0134393
0.0134378
0.0134267
0.013356
0.0133452
0.0133421
0.0132923
0.0131918
0.0131063
0.0130889
0.0130821
0.0130637
0.012971
0.0129294
0.0129144
0.0129038
0.0128577
0.0128232
0.0128024
0.0127686
0.0127085
0.0126959
0.0126842
0.0126648
0.012664
0.0125963
0.0125797
0.012565
0.0124978
0.0124847
0.0124668
0.0124648
0.0124553
0.0124449
0.0124228
0.0124215
0.0123745
0.0122996
0.01228
0.0122507
0.0122193
0.0122001
0.012169
0.0121032
0.0120966
0.012078
0.0120446
0.0120092
0.0119596
0.0118831
0.0118698
0.011691
0.0116443
0.0116411
0.0116409
0.0116222
0.0115895
0.0115773
0.0115531
0.011542
0.0115328
0.0115228
0.0114002
0.0113936
0.0113515
0.0113167
0.0112908
0.0112755
0.0112731
0.0112474
0.0111522
0.0111376
0.0111134
0.0111096
0.0110567
0.0110401
0.0109708
0.0109696
0.0109512
0.0109349
0.0109291
0.0109284
0.0108404
0.0108316
0.0107938
0.0107131
0.0106749
0.0106558
0.0105875
0.0105667
0.0105154
0.0105055
0.0104768
0.0104508
0.0103849
0.0103848
0.0102887
0.0102675
0.0102179
0.0102128
0.0101854
0.0101474
0.0101387
0.0100797
0.0100487
0.00996418
0.00993799
0.00992857
0.00991279
0.00985887
0.00985668
0.00983372
0.00981854
0.00968593
0.00967189
0.0096412
0.0095462
0.00946571
0.00942053
0.00938418
0.00936931
0.00931163
0.0092941
0.00925551
0.00925378
0.0092474
0.00924707
0.00923504
0.00917379
0.00917003
0.00916549
0.00910665
0.00905981
0.00905602
0.00899956
0.00898765
0.00894626
0.00893968
0.00891444
0.00883469
0.00877645
0.00875794
0.00866584
0.00865223
0.00856988
0.0085534
0.00852877
0.00852402
0.0084895
0.0084782
0.00845449
0.00845325
0.00845023
0.00844363
0.00842182
0.00831395
0.00830581
0.0082806
0.00826106
0.00824734
0.00823501
0.00821969
0.00818548
0.00817967
0.00816839
0.00815008
0.00801762
0.00801411
0.00798744
0.00795821
0.00793776
0.00791316
0.0078814
0.00768808
0.00766207
0.00761844
0.0075904
0.00757283
0.00748742
0.00748097
0.0074577
0.00744706
0.00744567
0.00740594
0.00735426
0.00731568
0.00730644
0.00729789
0.00726622
0.00725735
0.00721858
0.00718512
0.0071766
0.0071311
0.00708186
0.00708133
0.00707418
0.00706763
0.0070015
0.00698113
0.00691823
0.00688949
0.00688531
0.00687595
0.00679828
0.00679105
0.00675265
0.00671796
0.00670161
0.00669773
0.0065995
0.00658688
0.00651609
0.00650064
0.00647471
0.0064565
0.00641941
0.00638027
0.00636814
0.00635166
0.00631519
0.00630041
0.00628551
0.0062797
0.00627356
0.00620686
0.00618965
0.00618542
0.00618086
0.00617137
0.00615778
0.00613756
0.00612923
0.00612097
0.00610128
0.00604061
0.00600925
0.00599085
0.00590206
0.00587627
0.00581972
0.00575685
0.00575077
0.00574729
0.0057242
0.00570462
0.00566624
0.00564567
0.00560275
0.00556856
0.00554344
0.00554095
0.00553315
0.00549009
0.00543143
0.00537677
0.00534828
0.0053416
0.00533183
0.00531954
0.00527753
0.00527541
0.0052726
0.0052474
0.00523998
0.00523958
0.00520284
0.00512302
0.00508616
0.00507212
0.00506339
0.00505975
0.00504273
0.00504227
0.00503862
0.00496034
0.00493009
0.00480144
0.00479397
0.00479371
0.00478397
0.00478376
0.00475217
0.00470057
0.00466472
0.00460808
0.00454243
0.0045058
0.00450283
0.00447834
0.0044506
0.00442987
0.00441198
0.00437861
0.00437286
0.00437106
0.00432216
0.00430606
0.00430278
0.0042647
0.00425948
0.00425664
0.00425332
0.00420942
0.00418902
0.00418778
0.00418331
0.00415924
0.0041386
0.00406121
0.00403316
0.00403251
0.00396254
0.00395909
0.00394678
0.00390587
0.00389611
0.00387262
0.00377667
0.00373036
0.0036815
0.00364931
0.00362946
0.00361587
0.00358359
0.00356939
0.00354843
0.00350476
0.0034844
0.00346683
0.00337146
0.00334047
0.0033314
0.00330123
0.00323138
0.00321975
0.00321265
0.0031746
0.00311768
0.00310492
0.00310326
0.00305794
0.00304213
0.00303383
0.00302199
0.00299648
0.00297939
0.00297448
0.00294202
0.00286297
0.00283755
0.00283234
0.00283046
0.00275899
0.00268909
0.00264599
0.00262874
0.00262766
0.00259326
0.00256168
0.00250925
0.00249407
0.00245785
0.00245479
0.00244506
0.00241228
0.00236848
0.00230231
0.00227168
0.00227006
0.00222551
0.00221544
0.00216365
0.00216057
0.00215631
0.00207907
0.001983
0.00197759
0.0019647
0.00187576
0.00186714
0.00186335
0.00184814
0.00182684
0.00180399
0.00167462
0.00158385
0.00156841
0.00156447
0.00156
0.0014498
0.00142864
0.00140437
0.00138279
0.00136479
0.00129796
0.00128205
0.00125189
0.00107275
0.00103165
0.000989148
0.000966013
0.000960703
0.000936436
0.000923489
0.000912798
0.000859373
0.000851856
0.000836605
0.000673975
0.000638697
0.000637043
0.000570117
0.00044719
0.000443621
0.000408101
0.000280335
0.000268315
0.000239947
0.000238818
0.000232065
0.000170405
9.25369e-005
