VARIABLES= "X", "Y", "Z","P"
0 -1 0 0.138301
0 -0.974928 -0.222521 0.0433687
0 -0.900969 -0.433884 0.0191844
0 -0.781831 -0.62349 0.00616495
0 -0.62349 -0.781831 0.00965354
0 -0.433884 -0.900969 0.0131149
0 -0.222521 -0.974928 0.0250861
0 0 -1 0.0425391
0 0.222521 -0.974928 0.0771186
0 0.433884 -0.900969 0.0713703
0 0.62349 -0.781831 0.0601355
0 0.781831 -0.62349 0.0784534
0 0.900969 -0.433884 0.0699199
0 0.974928 -0.222521 0.0625074
0 1 0 0.0753218
0 0.974928 0.222521 0.0852456
0 0.900969 0.433884 0.0719363
0 0.781831 0.62349 0.087747
0 0.62349 0.781831 0.070878
0 0.433884 0.900969 0.0775722
0 0.222521 0.974928 0.128796
0 0 1 0.162103
0 -0.222521 0.974928 1
0 -0.433884 0.900969 1
0 -0.62349 0.781831 1
0 -0.781831 0.62349 1
0 -0.900969 0.433884 1
0 -0.974928 0.222521 1
0.431373 0.713683 0.551882 1
0.410527 0.552121 0.725693 1
0.577398 0.577266 0.577387 1
0.713827 0.551695 0.431374 1
0.552308 0.725527 0.410568 1
0.5518 0.431252 0.71382 1
0.725617 0.410402 0.552313 1
0.302657 0.672477 0.675406 1
0.67269 0.675201 0.302641 1
0.675269 0.302497 0.672686 1
0.781831 0.62349 0 1
0.818804 0.529022 0.222941 1
0.900969 0.433884 0 1
0.433884 0.900969 0 1
0.529183 0.818726 0.22283 1
0.62349 0.781831 0 1
0.222914 0.818629 0.529297 1
0.222792 0.528965 0.81888 1
0.900969 0 0.433884 1
0.818778 0.222586 0.529209 1
0.781831 0 0.62349 1
0.62349 0 0.781831 1
0.529138 0.222658 0.818802 1
0.433884 0 0.900969 1
0.222521 0 0.974928 1
0.241183 0.241114 0.94005 1
0.974928 0.222521 0 1
0.940031 0.241053 0.241319 1
1 0 0 1
0.241322 0.939971 0.241285 1
0.222521 0.974928 0 1
0.974928 0 0.222521 1
0.379749 0.383092 0.842041 1
0.383277 0.841925 0.379818 1
0.842017 0.379598 0.383297 1
0.700315 0.700205 0.138824 1
0.138874 0.700112 0.700398 1
0.700249 0.138692 0.700297 1
0.387172 0.173116 0.90561 1
0.173181 0.387048 0.90565 1
0.173401 0.905483 0.387338 1
0.387274 0.905524 0.173325 1
0.905562 0.173125 0.38728 1
0.905596 0.387072 0.173413 1
0.669465 0.321849 -0.6695 1
0.535752 0.407095 -0.73976 1
0.585939 0.556326 -0.589217 1
0.739565 0.406807 -0.536238 1
0.432124 0.549983 -0.714694 1
0.411434 0.72377 -0.553966 1
0.302675 0.67526 -0.672616 1
0.529183 0.818738 -0.222789 1
0.433884 0 -0.900969 1
0.5293 0.222712 -0.818682 1
0.62349 0 -0.781831 1
0.818836 0.529085 -0.222665 1
0.222985 0.529103 -0.818736 1
0.781831 0 -0.62349 1
0.818875 0.222755 -0.528989 1
0.900969 0 -0.433884 1
0.222858 0.818764 -0.529115 1
0.940088 0.241097 -0.241055 1
0.241383 0.241187 -0.939981 1
0.222521 0 -0.974928 1
0.241364 0.940018 -0.241058 1
0.974928 0 -0.222521 1
0.550068 0.711917 -0.436578 1
0.714977 0.54692 -0.435531 1
0.6729 0.672795 -0.307495 1
0.842065 0.379706 -0.383085 1
0.383348 0.379696 -0.841947 1
0.379809 0.841988 -0.383149 1
0.700343 0.700219 -0.138611 1
0.138816 0.700281 -0.70024 1
0.700419 0.138735 -0.700119 1
0.38736 0.173194 -0.905512 1
0.173359 0.387169 -0.905563 1
0.90563 0.387116 -0.173136 1
0.173351 0.905595 -0.3871 1
0.905644 0.173205 -0.387051 1
0.387322 0.905533 -0.17318 1
0.321748 -0.669555 0.669458 1
0.407008 -0.739816 0.535739 1
0.556236 -0.589287 0.585954 1
0.406733 -0.536318 0.739548 1
0.54993 -0.714744 0.432109 1
0.723748 -0.553992 0.411439 1
0.675243 -0.672619 0.302705 1
0.529028 -0.222863 0.818817 1
0.222654 -0.529062 0.818852 1
0.222625 -0.818726 0.529272 1
0.818713 -0.222795 0.529223 1
0.900969 -0.433884 0 1
0.818748 -0.529115 0.222917 1
0.781831 -0.62349 0 1
0.62349 -0.781831 0 1
0.529098 -0.818755 0.222929 1
0.433884 -0.900969 0 1
0.222521 -0.974928 0 1
0.241166 -0.940028 0.241219 1
0.939973 -0.241232 0.241367 1
0.974928 -0.222521 0 1
0.240982 -0.241275 0.940061 1
0.711855 -0.43667 0.550074 1
0.546845 -0.435615 0.714983 1
0.672748 -0.307608 0.672895 1
0.841951 -0.3832 0.379843 1
0.379631 -0.842 0.383298 1
0.3796 -0.383212 0.842053 1
0.70021 -0.7003 0.138871 1
0.700188 -0.138756 0.700345 1
0.13862 -0.700195 0.700365 1
0.173128 -0.905573 0.387252 1
0.387182 -0.905563 0.173335 1
0.905535 -0.173196 0.38731 1
0.90557 -0.387184 0.173298 1
0.387032 -0.173338 0.905625 1
0.173064 -0.387191 0.90561 1
0.585949 -0.556301 -0.589231 0.0285626
0.669461 -0.321833 -0.669512 0.079828
0.7395 -0.406805 -0.536331 0.0619183
0.535743 -0.407144 -0.739738 0.0479854
0.432103 -0.550043 -0.71466 0.0330631
0.411443 -0.723856 -0.553848 0.0289675
0.302703 -0.675335 -0.672527 0.0238934
0.222935 -0.818819 -0.528996 0.0219537
0.52926 -0.222835 -0.818678 1
0.222938 -0.529223 -0.818672 0.0200717
0.818822 -0.529089 -0.222699 1
0.529232 -0.818742 -0.222661 1
0.818878 -0.2227 -0.529002 1
0.24139 -0.241226 -0.939969 1
0.241385 -0.939998 -0.241118 1
0.940066 -0.241162 -0.241074 1
0.714232 -0.547244 -0.436345 0.0463467
0.549957 -0.712461 -0.435828 0.0423228
0.672891 -0.672787 -0.307533 0.0609302
0.379876 -0.841977 -0.383107 0.0557889
0.84207 -0.379679 -0.383095 0.153553
0.383335 -0.379781 -0.841917 0.0421882
0.138889 -0.700321 -0.700186 0.0118917
0.700402 -0.138697 -0.700143 1
0.700324 -0.700223 -0.138687 1
0.905613 -0.387149 -0.17314 1
0.905653 -0.173171 -0.387041 1
0.387323 -0.90554 -0.173142 1
0.173384 -0.905603 -0.387069 0.0527172
0.173486 -0.387265 -0.905499 0.0210807
0.387366 -0.173339 -0.905484 1
-0.556351 0.589191 0.585941 0.0104007
-0.321875 0.669556 0.669396 0.0292955
-0.407196 0.739742 0.535701 0.0115468
-0.406824 0.536267 0.739535 0.0272126
-0.222864 0.818718 0.529181 0.0289924
-0.550095 0.714622 0.4321 0.0113434
-0.546942 0.435503 0.714976 0.0160526
-0.22278 0.529064 0.81882 0.0186057
-0.138716 0.700177 0.700364 0.056487
-0.379834 0.841904 0.383307 0.0136742
-0.723861 0.553857 0.411422 0.00881769
-0.711954 0.436539 0.55005 0.00803093
-0.379725 0.383094 0.842052 0.0251234
-0.173316 0.905513 0.387304 0.0375223
-0.675392 0.672473 0.302698 0.00850302
-0.529299 0.818626 0.222922 0.0123845
-0.672833 0.307467 0.672875 0.013751
-0.529113 0.222735 0.818799 0.0127483
-0.173278 0.387069 0.905623 0.0360992
-0.241311 0.939946 0.241394 0.0305911
-0.818865 0.528966 0.222841 0.00708922
-0.84204 0.383063 0.379781 0.0121096
-0.387338 0.905478 0.173421 0.0122765
-0.818796 0.22262 0.529164 0.00917475
-0.387218 0.173135 0.905586 0.012245
-0.241256 0.241048 0.940049 0.0341433
-0.700381 0.700127 0.138887 0.0116006
-0.433884 0.900969 0 0.00601385
-0.70024 0.138587 0.700327 0.0135755
-0.433884 0 0.900969 0.0240205
-0.222521 0.974928 0 0.0204582
-0.62349 0.781831 0 0.00173525
-0.781831 0.62349 0 0.0105159
-0.905655 0.387034 0.173189 0.00709489
-0.905603 0.173051 0.387216 0.00556067
-0.781831 0 0.62349 0.00585458
-0.62349 0 0.781831 0.0162234
-0.222521 0 0.974928 0.0511707
-0.900969 0.433884 0 0.0052975
-0.940031 0.241105 0.241268 0.0086869
-0.900969 0 0.433884 0.00421907
-0.52918 0.818748 -0.222763 0.00945496
-0.387271 0.905561 -0.173146 0.00746627
-0.528907 -0.222923 0.818879 0.0275693
-0.387054 -0.173258 0.905631 0.0578785
-0.241328 0.94 -0.241166 0.0208483
-0.700301 0.700256 -0.138638 0.00681743
-0.818821 0.529132 -0.222602 0.00489721
-0.974928 0.222521 0 0.00543313
-0.974928 0 0.222521 0.00281565
-0.818632 -0.222895 0.529304 0.00837865
-0.700111 -0.138845 0.700404 0.0176923
-0.241117 -0.241137 0.940062 1
-0.905629 0.387146 -0.173073 0.0051923
-1 0 0 0.00665938
-0.905474 -0.173396 0.387363 0.00979594
-0.383285 0.841988 -0.379674 0.00910594
-0.669669 0.669334 -0.321769 0.00721178
-0.672455 -0.302682 0.675417 0.0278204
-0.383032 -0.379814 0.842038 0.0847318
-0.173345 0.905576 -0.387148 0.0313367
-0.842068 0.383178 -0.379604 0.00545195
-0.940061 0.241158 -0.241099 0.00419745
-0.939985 -0.241249 0.241302 0.00637696
-0.536498 0.739397 -0.406771 0.00427104
-0.841913 -0.383296 0.379828 0.00771619
-0.553832 -0.411441 0.72387 0.0475965
-0.173132 -0.387187 0.905598 1
-0.739903 0.535612 -0.407017 0.00756318
-0.974928 0 -0.222521 0.00631846
-0.974928 -0.222521 0 0.0102731
-0.436522 0.714147 -0.547213 0.0110688
-0.589388 0.585847 -0.556241 0.0106865
-0.222917 0.818769 -0.529085 0.0225143
-0.714625 -0.43208 0.550108 0.0165291
-0.436508 -0.550073 0.711955 0.0661614
-0.222546 -0.529228 0.818774 1
-0.714828 0.431987 -0.549917 0.00933005
-0.905617 0.173229 -0.387104 0.00484199
-0.939998 -0.241307 -0.241192 0.00560158
-0.905512 -0.387289 0.173364 0.00616736
-0.739723 -0.535717 0.407207 0.0126678
-0.589174 -0.585927 0.556385 0.0200894
-0.818827 0.22276 -0.52906 0.00566417
-0.905587 -0.173365 -0.387114 0.00459627
-0.900969 0 -0.433884 0.00551402
-0.905551 -0.387294 -0.173151 0.00494566
-0.900969 -0.433884 0 0.00456471
-0.818675 -0.529265 0.222824 0.00916294
-0.307726 0.672834 -0.672755 0.0194165
-0.436006 0.549886 -0.712407 0.00819761
-0.307459 -0.672899 0.672812 0.0968693
-0.435513 -0.714961 0.546955 0.0430658
-0.138893 0.700295 -0.700211 0.0399719
-0.554039 0.411373 -0.72375 0.0114784
-0.672693 0.302584 -0.675224 0.00505179
-0.841963 -0.379899 -0.383114 0.00309619
-0.669482 -0.669438 0.321942 0.00905258
-0.13859 -0.700296 0.70027 1
-0.536223 -0.739544 0.406865 0.0261768
-0.700314 0.138734 -0.700224 0.00393838
-0.781831 0 -0.62349 0.00323398
-0.818823 -0.222946 -0.528985 0.00523811
-0.81872 -0.529276 -0.222637 0.0054774
-0.781831 -0.62349 0 0.00941177
-0.222965 0.52916 -0.818704 0.0226436
-0.383345 0.379788 -0.841907 0.0161062
-0.700138 -0.700374 0.138868 0.0129012
-0.222706 -0.818813 0.529106 1
-0.383096 -0.842036 0.379758 0.0909128
-0.529196 0.222853 -0.818711 0.00765526
-0.725608 -0.410647 -0.552142 0.00743243
-0.713715 -0.551923 -0.431269 0.00461327
-0.528996 -0.818849 0.222827 0.0169189
-0.62349 0 -0.781831 0.00632655
-0.700304 -0.138991 -0.700183 0.0060725
-0.675324 -0.302773 -0.672507 0.00888758
-0.672574 -0.675377 -0.302506 0.00950211
-0.700184 -0.700367 -0.138668 0.00779087
-0.62349 -0.781831 0 0.00997226
-0.173496 0.387248 -0.905502 0.0344192
-0.387306 0.173327 -0.90551 0.0138323
-0.173152 -0.905609 0.387158 1
-0.387092 -0.905609 0.173297 0.056523
-0.433884 0 -0.900969 0.00572304
-0.551778 -0.431468 -0.713706 0.0084563
-0.57727 -0.577499 -0.577283 0.0025635
-0.552168 -0.725723 -0.410412 0.00502482
-0.241345 0.241239 -0.939977 0.0282481
-0.433884 -0.900969 0 0.0296315
-0.241125 -0.940049 0.241178 1
-0.529217 -0.223003 -0.818658 0.00554142
-0.529052 -0.818857 -0.222662 0.0110515
-0.222521 0 -0.974928 0.0147407
-0.222521 -0.974928 0 0.041894
-0.387236 -0.173467 -0.905515 0.00556537
-0.379703 -0.383344 -0.841949 0.00895078
-0.410441 -0.552373 -0.72555 0.00848165
-0.43121 -0.71391 -0.551716 0.0060941
-0.383091 -0.8421 -0.379618 0.0100997
-0.387072 -0.905652 -0.173108 0.0160949
-0.241151 -0.241384 -0.939989 0.01685
-0.24108 -0.940077 -0.241112 0.0206449
-0.222733 -0.529216 -0.818735 0.00763358
-0.302477 -0.672737 -0.675228 0.00712694
-0.222683 -0.818854 -0.529047 0.0091761
-0.173139 -0.387315 -0.905544 0.00934334
-0.173152 -0.905632 -0.387099 0.015427
-0.138607 -0.700358 -0.700204 0.0113387
-0.593027 -0.220904 0.367333 0.0440061
-0.6729 -0.396678 0.3912 0.0184636
-0.600378 -0.521338 0.263809 0.0358389
-0.483837 -0.406853 0.409632 0.0736591
-0.387156 -0.345917 0.199112 0.13274
-0.336857 -0.153654 0.369945 0.159869
-0.487106 -0.176852 0.575014 0.0753425
-0.321915 -0.341113 0.641123 0.166227
-0.296192 -0.424823 0.430449 0.199319
-0.450851 -0.455541 0.566283 0.0731421
0.0427712 0.266672 0.390005 0.358524
0.283343 0.243996 0.141747 0.511003
0.208708 0.0100291 0.220179 0.460768
-0.0743568 0.242779 0.138133 0.268445
0.206102 0.433536 0.197395 0.497871
0.124709 0.44521 -0.0175317 0.391002
-0.0426984 0.510289 0.134597 0.262196
-0.183999 0.258894 -0.15285 0.171619
0.0587454 0.0529107 0.00234301 0.322889
-0.0200329 0.392031 -0.131367 0.253752
-0.224872 0.485335 0.0373428 0.136349
-0.275142 0.301361 0.0366184 0.135648
0.0740232 -0.318735 -0.509723 0.117742
0.255772 -0.396658 -0.401855 0.182332
0.262332 -0.216436 -0.393575 0.251708
0.0733114 -0.240137 -0.374786 0.195329
0.147468 -0.138726 -0.533717 0.216765
0.0594069 0.0210213 -0.433535 0.213525
-0.0209583 -0.11845 -0.594424 0.126979
-0.0851452 -0.16807 -0.309948 0.158061
-0.0360299 -0.323726 -0.226831 0.172362
-0.0998575 -0.366637 -0.407301 0.104238
0.446121 -0.138084 0.321437 0.66304
0.356289 -0.175877 0.112998 0.50781
0.564486 -0.178118 0.101964 0.629347
0.566153 -0.406916 0.290045 0.781671
0.753949 -0.323074 0.228851 0.775758
0.460067 -0.447085 0.112681 0.611996
0.654572 -0.530726 0.155651 0.82081
0.209321 -0.245483 0.270132 0.501574
0.315067 -0.494386 0.284304 0.665352
0.351699 -0.567187 -0.0196133 0.440038
0.390373 -0.38759 -0.0946829 0.417971
0.196605 -0.45735 0.118182 0.449637
0.527834 -0.586928 0.0273584 0.625635
0.425392 -0.622149 0.192764 0.743573
0.475213 0.133557 -0.369129 0.575943
0.498817 0.31852 -0.256027 0.654128
0.521167 0.269831 -0.481248 0.746889
0.316733 0.209434 -0.332652 0.479514
0.147411 0.198014 -0.429664 0.32595
0.161537 0.349659 -0.241059 0.411509
0.163302 0.195807 -0.198139 0.361233
0.260152 -0.00564526 -0.373155 0.350126
0.213379 -0.030059 -0.167536 0.34702
0.0104721 -0.446458 0.0021103 0.27277
0.198645 -0.437584 -0.196448 0.273401
0.0725134 -0.229007 -0.00724442 0.309993
0.179459 -0.551537 -0.0402382 0.319845
-0.0233983 -0.388057 0.12629 0.322423
0.190606 -0.404857 0.361917 0.571564
-0.0365665 -0.61223 0.128751 0.321621
0.119802 -0.741105 0.164622 0.493755
0.0381196 -0.541301 0.252064 0.461418
0.453472 0.0800275 0.203439 0.610138
0.254205 0.229554 0.399533 0.566673
0.0232309 -0.0793131 0.341162 0.360529
-0.0410001 0.0309075 -0.180584 0.220888
-0.315814 0.010095 -0.131318 0.117507
-0.259074 0.0269576 0.0906437 0.169196
-0.416598 0.278418 0.376694 0.09743
-0.165735 0.132489 0.401171 0.214348
0.310587 -0.628927 -0.364725 0.141283
-0.120739 -0.20886 0.188981 0.257003
-0.0627873 -0.0722321 0.234892 0.257129
-0.113083 -0.217493 -0.0262648 0.212548
0.451452 0.711761 0.0632247 0.785253
0.261762 -0.571946 -0.466857 0.078505
0.419462 -0.428117 -0.368697 0.187431
0.400521 -0.317359 -0.546745 0.153332
-0.313244 0.416086 -0.617161 0.047894
0.634057 0.167375 -0.545303 0.785918
0.259776 -0.343501 -0.737089 0.0979043
0.215597 -0.516992 -0.615272 0.0586472
0.401053 -0.507514 -0.564247 0.0682048
0.40849 -0.291974 -0.711508 0.154268
0.366356 -0.149885 -0.567104 0.306004
0.610278 -0.185814 -0.558341 0.307623
-0.671226 -0.389235 -0.388674 0.0131073
-0.714308 -0.238461 -0.332813 0.0152669
-0.768085 -0.338408 -0.106492 0.0142033
-0.795199 -0.0780552 -0.276929 0.0161428
-0.511142 -0.174634 -0.242782 0.0501211
-0.792145 -0.136515 -0.0564511 0.0240374
-0.610242 -0.297867 -0.170387 0.0353057
-0.574107 -0.415385 -0.0125643 0.0472523
-0.510349 -0.117613 -0.00217551 0.0735125
-0.291833 -0.303796 -0.0734558 0.110914
-0.644679 -0.546531 -0.162427 0.0177047
0.690628 -0.291181 0.424802 0.851604
-0.501195 -0.572343 -0.141183 0.0364719
-0.491263 -0.392391 -0.309399 0.0368985
0.278404 -0.232605 0.773604 0.577455
0.162149 -0.294922 0.590844 0.570044
0.0509987 -0.266934 0.724296 0.454455
0.103252 -0.11417 0.625988 0.445706
-0.15912 -0.495073 0.0200267 0.186008
-0.0212697 -0.460412 -0.187224 0.178681
-0.207864 -0.549469 0.224156 0.236345
0.261141 0.272575 0.775843 0.701956
-0.0723993 -0.712657 -0.455889 0.0276461
-0.39278 -0.522244 -0.56558 0.0164002
0.697223 0.25413 0.164592 0.767988
0.531373 0.214424 -0.00467878 0.622791
0.260075 0.381996 -0.421717 0.533532
0.397391 0.50671 -0.184221 0.665611
-0.0294511 0.185535 -0.381237 0.221977
0.305014 0.291896 -0.0538557 0.513257
0.331422 0.544119 -0.0185816 0.575545
0.392386 0.710755 -0.258822 0.797294
0.155566 0.810454 -0.175853 0.284234
0.437133 -0.48056 -0.164813 0.333959
0.169894 0.195595 0.576426 0.484268
0.0888789 0.411405 0.590214 0.374531
0.270012 0.406303 0.622228 0.682008
0.229407 0.419087 0.407015 0.576764
0.412247 0.438939 0.340893 0.705403
0.496255 0.364318 0.518122 0.830791
0.408089 0.500048 0.562717 0.845494
0.265731 0.631227 0.511212 0.674446
0.520528 0.548889 0.416367 0.872617
0.441768 0.607899 0.232171 0.761062
0.2695 0.705585 0.376685 0.659155
-0.756836 -0.396614 0.115984 0.0163426
-0.769877 0.400401 -0.140182 0.0123523
-0.519222 0.0549781 0.322414 0.068868
-0.283385 0.00831603 0.419505 0.152167
-0.516333 0.136872 0.0562456 0.0669625
0.476931 0.0738406 0.694232 0.836434
-0.430867 -0.603203 0.413656 0.0894325
-0.69693 -0.243399 0.163457 0.0304411
-0.143394 -0.798101 0.179073 0.258669
0.804144 -0.209592 -0.0823393 0.720693
0.760186 -0.307515 0.0770514 0.772101
0.225694 0.738592 -0.348165 0.525717
-0.371689 -0.275182 -0.69086 0.0220067
0.117673 -0.76203 -0.385423 0.0533356
-0.267706 -0.377538 -0.342567 0.0727008
-0.493001 -0.333671 -0.50442 0.0279173
-0.534406 -0.507244 -0.436593 0.0147996
-0.636651 -0.226465 -0.532997 0.0177774
0.246561 -0.056409 -0.672134 0.271346
0.111243 0.0538829 -0.640847 0.234235
0.185917 -0.285636 -0.616352 0.134699
0.116977 -0.245035 -0.816445 0.0663031
-0.105689 -0.0921468 -0.799688 0.0665828
-0.0914371 -0.320984 -0.727003 0.0408822
-0.186236 -0.0887592 -0.673606 0.0675248
-0.0675155 0.072541 -0.726356 0.118598
-0.266868 -0.41189 -0.594418 0.0390617
0.49325 -0.209133 -0.417347 0.262234
0.590042 -0.419907 -0.465128 0.0938523
-0.447442 0.648214 -0.347177 0.0235883
0.0758392 -0.46945 -0.432164 0.119588
0.102951 -0.572431 0.517307 0.547439
-0.0810517 -0.35801 0.373943 0.345391
0.254953 -0.465268 0.591442 0.791073
0.0555353 -0.298538 0.448419 0.47198
0.243923 -0.177121 0.501319 0.588774
-0.13676 0.590807 0.48883 0.126182
0.0195677 0.526215 0.342643 0.316334
0.0949526 0.55491 0.628733 0.343619
-0.143208 0.52525 0.665027 0.082642
0.0740809 0.431885 0.763124 0.265934
-0.133889 0.333757 0.566408 0.18386
0.645512 0.392562 -0.0635929 0.784849
0.72614 0.124778 -0.0940677 0.717974
0.503801 0.404537 0.0587273 0.693045
0.52122 -0.594641 -0.3219 0.111538
0.481825 -0.709639 -0.104295 0.471643
-0.436165 0.533042 -0.563709 0.0251321
-0.264476 0.34608 -0.395933 0.119893
-0.522448 0.468149 -0.41115 0.0342265
-0.31923 0.513126 -0.238514 0.0811573
-0.205851 0.548099 -0.422518 0.0974374
-0.284225 0.732211 -0.203982 0.0494338
-0.164374 0.516694 -0.177242 0.144371
-0.0850214 0.380993 -0.553013 0.159779
-0.156664 0.640266 -0.543198 0.0765656
0.0120965 0.495647 -0.346076 0.275021
0.284577 0.534413 -0.482802 0.664067
0.0942968 0.392232 -0.506667 0.339859
0.288275 0.45024 -0.663196 0.649746
0.172713 0.619497 -0.508059 0.445647
0.00162892 0.610668 -0.62209 0.177155
0.272962 0.251267 -0.600122 0.480216
0.0134447 0.211633 -0.54908 0.22385
0.77973 -0.238733 -0.272365 0.421599
-0.325502 -0.131146 -0.421435 0.0767211
-0.548544 0.160124 -0.171897 0.0570114
0.105932 0.806756 0.0762289 0.27727
0.307333 0.831475 0.0194288 0.562001
0.189157 0.564306 -0.248499 0.453025
-0.027399 0.719581 -0.390564 0.154119
0.0213273 0.629761 -0.074109 0.290444
0.302963 0.704108 -0.117873 0.566281
-0.404226 0.468702 -0.0918726 0.074766
-0.389562 0.257629 -0.674612 0.0351924
-0.391458 0.104734 -0.481806 0.0605887
-0.195605 0.183585 -0.554806 0.110048
-0.374286 0.239388 -0.36452 0.0764766
-0.629593 0.409849 -0.27489 0.0261454
-0.591538 0.229044 -0.404328 0.0287721
-0.539794 0.321581 -0.563242 0.02382
0.426241 0.115593 -0.186384 0.525281
0.309124 0.0836276 -0.0327893 0.475129
-0.595846 0.413883 -0.0492717 0.0395381
-0.556025 0.00448549 -0.411155 0.0356231
-0.758196 0.0909816 -0.3157 0.0156313
-0.755829 0.228552 -0.344443 0.013016
-0.766112 0.145849 -0.0935077 0.0198889
0.33128 0.193579 0.655668 0.705435
0.197541 0.0115756 0.416206 0.509878
-0.129615 0.103894 0.597516 0.225987
0.401765 0.0879876 0.433745 0.690575
0.135256 0.604595 0.148448 0.44791
-0.547577 0.123165 -0.586568 0.0179381
0.199167 -0.669438 0.437709 0.776729
-0.293262 -0.668677 0.482341 0.174677
-0.190086 0.110299 -0.351424 0.1384
0.258314 -0.755438 -0.225527 0.196257
-0.712846 0.486618 0.0855816 0.0152302
0.558901 0.0239969 -0.0678085 0.579778
0.47187 -0.159799 -0.096108 0.460523
0.656576 0.0756008 0.132691 0.696779
0.441911 -0.0678837 -0.274608 0.439375
0.409922 -0.284203 0.405575 0.708582
-0.212047 0.446993 0.308521 0.165263
0.379101 -0.102044 0.517167 0.69866
0.28201 0.0153443 0.622064 0.62045
-0.358343 -0.636617 0.0165503 0.0866192
-0.22304 -0.586966 -0.157698 0.09008
-0.48913 0.58442 -0.184372 0.0310232
0.715524 -0.0709207 -0.4677 0.624212
-0.255811 0.713061 -0.419698 0.0347008
-0.408734 -0.668514 -0.364187 0.0173173
-0.238126 -0.552131 -0.364092 0.0512814
-0.392916 0.260977 0.623853 0.0570362
-0.389864 0.133476 0.497094 0.0938024
-0.611385 0.285548 0.499422 0.0287342
0.653599 0.132574 0.536904 0.893399
-0.382078 0.0691184 0.662446 0.0710224
0.100866 -0.420969 0.740527 0.673783
-0.508615 0.135643 0.702448 0.0287719
0.555004 0.594343 0.0240564 0.81237
0.688235 0.522356 0.0948929 0.879631
0.558351 0.51604 -0.383956 0.84932
0.716021 0.400388 -0.272911 0.882622
-0.268455 -0.799605 -0.0201964 0.0698361
0.706695 0.241004 -0.359203 0.826302
0.613047 -0.00628406 0.321285 0.764935
-0.715047 0.185176 0.300643 0.0252558
-0.0730231 -0.470675 0.716372 0.594877
0.00732488 -0.459012 0.63878 0.49319
-0.231902 -0.502849 0.617176 0.27072
-0.79071 -0.00160236 0.314732 0.0150714
-0.00320861 -0.685971 -0.0574788 0.2042
0.29755 -0.756329 0.0515087 0.517794
-0.551439 -0.657209 -0.0673529 0.0258726
-0.4299 -0.509758 0.128263 0.0890558
-0.632285 -0.595065 0.0565911 0.025121
-0.0817152 -0.798988 -0.239391 0.0538138
-0.523227 -0.651734 0.164884 0.0356064
-0.1522 0.037387 -0.53595 0.124815
0.409655 -0.311207 0.674768 0.793058
0.142103 -0.850211 -0.142603 0.197061
0.000306354 -0.674623 -0.275382 0.0900289
0.799515 -0.100808 0.0863932 0.781014
0.811329 -0.0628679 0.272954 0.838851
-0.136191 -0.339149 0.72769 0.364421
0.592019 -0.403044 -0.0384632 0.57004
-0.667462 0.364292 0.205085 0.028956
-0.579417 0.442513 0.430139 0.0294752
-0.42356 0.418291 0.164636 0.075454
-0.648688 0.503917 0.271815 0.0208917
-0.512452 0.563105 0.114496 0.0401719
-0.515188 0.615343 0.297712 0.0310379
-0.675144 0.554649 -0.209009 0.0115659
-0.793307 0.290503 0.0318879 0.0155171
-0.299605 -0.0304236 -0.793775 0.0205532
-0.215458 0.114948 -0.78388 0.0500586
-0.535525 -0.138042 -0.689565 0.0114033
-0.353672 0.627153 0.421109 0.044962
-0.335288 0.466972 0.35105 0.0877033
-0.405272 0.485758 0.566845 0.0448542
-0.257698 0.398148 0.609341 0.0801771
0.264284 0.0432242 -0.501528 0.363616
-0.795973 -0.0572412 0.134293 0.01902
-0.712495 -0.0662485 -0.456027 0.0106471
-0.429394 -0.0161858 -0.653889 0.0297015
0.639527 -0.523815 -0.225373 0.292393
0.45976 -0.722058 0.0766567 0.747471
0.0679454 0.708 0.463112 0.267071
0.375243 -0.286998 -0.240055 0.318677
0.610244 -0.307761 -0.287028 0.312544
0.587824 0.627858 0.189665 0.892541
0.0410457 0.271441 0.74849 0.284871
-0.060222 0.0804239 0.784558 0.200182
-0.0948147 0.30658 0.785579 0.105682
-0.303173 0.220884 0.779686 0.0543151
-0.166078 -0.124649 0.79584 0.212118
0.0977237 -0.0944305 0.798276 0.353307
-0.115568 -0.139983 0.653655 0.282313
0.123781 0.13361 0.804978 0.435039
-0.0344751 -0.551592 -0.565036 0.0452708
0.0841203 -0.46764 -0.730792 0.0333789
-0.170007 -0.530017 -0.664773 0.0155266
0.669566 0.29004 0.437262 0.881082
0.637106 0.470371 0.277217 0.872264
0.795108 0.0885528 0.275182 0.872791
0.400144 -0.439085 0.429777 0.780922
0.274526 -0.779807 0.259974 0.79591
0.447046 -0.596853 0.439483 0.891418
0.488861 0.27701 0.661039 0.876796
-0.0892312 0.46722 -0.706866 0.0760891
-0.685889 0.107575 -0.51149 0.0109782
-0.381948 -0.729633 0.240673 0.119278
0.618756 0.0662382 -0.262655 0.63242
-0.689481 -0.0715613 0.490587 0.0211584
-0.36401 -0.546767 -0.219884 0.047093
-0.470648 0.702856 -0.013442 0.0193834
-0.127102 0.664544 0.0090018 0.137955
-0.0514051 -0.26823 0.536042 0.380724
-0.385598 -0.752959 -0.129967 0.0341639
-0.180175 -0.121804 0.470289 0.24474
0.635149 0.0139777 -0.456713 0.644225
0.433641 0.0182054 -0.548473 0.48343
0.719833 -0.272642 -0.408498 0.249799
0.598101 -0.149359 -0.298199 0.440027
-0.306443 0.625892 -0.0437181 0.0699851
-0.620723 0.0293401 -0.614476 0.0110456
0.549163 0.366825 -0.538482 0.897318
0.414872 -0.512102 0.596371 0.909082
0.562473 -0.411092 0.521634 0.819457
-0.0806382 -0.710953 0.411462 0.500433
0.114917 0.305563 -0.783991 0.26145
0.77383 -0.0517966 -0.316366 0.668042
-0.619319 0.0426846 0.599498 0.030126
0.70712 -0.0597288 0.469203 0.892964
0.581605 -0.195628 0.508828 0.8173
0.570683 0.00912361 0.567194 0.843241
0.822721 0.123323 0.100463 0.812011
0.423616 0.483609 -0.55954 0.829322
0.424774 0.281929 -0.691542 0.794121
0.831178 -0.0361599 -0.147284 0.703432
0.0450935 0.792665 0.296018 0.233886
0.102511 0.0394215 -0.835631 0.133083
0.459561 0.716061 -0.0664831 0.80894
-0.295117 -0.0553626 0.711039 0.122144
-0.328005 -0.245868 0.764597 0.130349
-0.455729 -0.0664409 0.717218 0.0417696
-0.255795 -0.639149 -0.513341 0.0191115
0.0742839 -0.656738 -0.569939 0.0287
0.302702 0.0311571 -0.802341 0.40216
0.801624 0.295888 -0.0640249 0.767841
-0.0430753 0.24448 -0.748908 0.125939
0.16328 0.181432 -0.724609 0.321891
0.331299 0.117144 -0.724618 0.538573
0.0904881 0.724378 -0.492285 0.229428
-0.0565892 0.79636 -0.134811 0.115162
-0.0598092 0.800908 0.080484 0.12135
-0.281406 0.774098 0.251357 0.039162
0.627055 0.560343 -0.123618 0.883153
-0.2421 -0.765203 -0.302418 0.0309469
-0.222435 0.599329 0.213223 0.110982
-0.100775 0.724852 0.256682 0.138704
0.79723 0.0567561 -0.29668 0.798947
0.290148 -0.0084012 0.799561 0.667112
0.400369 -0.122905 0.743261 0.793425
0.533947 -0.215373 0.635983 0.842258
0.45462 0.0416642 -0.714021 0.624591
0.573973 -0.0447854 -0.642922 0.528376
0.409963 -0.10145 -0.740575 0.464945
0.657113 -0.215969 -0.105482 0.571172
-0.101422 0.75489 0.436591 0.0856566
-0.242557 0.796617 0.119336 0.0521196
0.74611 -0.374337 -0.199903 0.50059
0.27435 0.775989 0.245987 0.663562
-0.218798 0.363725 -0.743226 0.0503759
-0.285155 0.801655 -0.0620374 0.036196
-0.387262 0.724207 0.138765 0.0313919
0.280328 0.304301 -0.792795 0.649699
