0.996348
0.996297
0.991446
0.991365
0.989087
0.989
0.98814
0.988055
0.987794
0.987719
0.987667
0.987611
0.987608
0.987589
0.98664
0.986604
0.98659
0.974231
0.973201
0.971794
0.971738
0.97155
0.965855
0.965795
0.964983
0.963831
0.963772
0.9632
0.963147
0.963008
0.962966
0.962945
0.962928
0.960937
0.954368
0.950552
0.948043
0.948024
0.948024
0.947987
0.945698
0.942864
0.941183
0.940563
0.939331
0.933625
0.931795
0.921732
0.917783
0.913034
0.912547
0.909105
0.907071
0.906478
0.906455
0.906448
0.906179
0.903285
0.898394
0.897686
0.896801
0.896413
0.894509
0.894178
0.893672
0.893653
0.893621
0.893127
0.893033
0.892431
0.891794
0.89033
0.890304
0.89011
0.890078
0.890005
0.889186
0.889158
0.888951
0.888928
0.88889
0.88888
0.888787
0.888129
0.887431
0.886377
0.886052
0.885666
0.885344
0.875971
0.873135
0.871597
0.871499
0.87142
0.86956
0.86648
0.865931
0.865251
0.862805
0.862734
0.859769
0.859504
0.859226
0.858691
0.856862
0.855863
0.853741
0.850632
0.848771
0.842015
0.838981
0.829796
0.829172
0.828587
0.826699
0.824154
0.823644
0.81752
0.817023
0.816328
0.814326
0.811102
0.808949
0.807571
0.805985
0.805512
0.804415
0.804336
0.803693
0.803614
0.803218
0.803034
0.801998
0.801928
0.798672
0.797552
0.797231
0.792196
0.791393
0.790921
0.790001
0.787805
0.78716
0.786611
0.786569
0.786329
0.781782
0.781776
0.781776
0.781746
0.777966
0.771271
0.770928
0.770848
0.770297
0.768944
0.764102
0.762793
0.75875
0.753091
0.751988
0.747609
0.747096
0.746762
0.746332
0.744213
0.743105
0.742605
0.742056
0.737914
0.737695
0.736818
0.735235
0.734796
0.734131
0.73369
0.733257
0.73279
0.732746
0.732447
0.732139
0.732025
0.73183
0.731688
0.728214
0.72582
0.724415
0.71109
0.708607
0.708135
0.699356
0.690693
0.690692
0.690684
0.690476
0.689329
0.68424
0.682067
0.678326
0.676954
0.673996
0.67201
0.67173
0.671681
0.671671
0.671668
0.671445
0.671131
0.670635
0.670567
0.66873
0.668077
0.668026
0.667988
0.667713
0.667703
0.666884
0.666875
0.666709
0.666702
0.666672
0.666669
0.666502
0.665085
0.664967
0.664088
0.663786
0.662698
0.662644
0.662466
0.660685
0.658978
0.657484
0.656589
0.651898
0.649868
0.646376
0.645904
0.645386
0.643757
0.64369
0.642858
0.640867
0.640797
0.637641
0.634375
0.632782
0.631727
0.629902
0.628766
0.627843
0.625829
0.624604
0.622749
0.62234
0.622259
0.621399
0.621033
0.618554
0.618066
0.616196
0.615599
0.615121
0.614721
0.614313
0.613536
0.612002
0.611706
0.6111
0.610987
0.610125
0.609318
0.608601
0.607938
0.607156
0.6069
0.606591
0.605971
0.605891
0.605875
0.605526
0.605398
0.605387
0.60458
0.598698
0.596719
0.596387
0.594795
0.593955
0.592715
0.591837
0.591734
0.591565
0.590196
0.589914
0.58933
0.589178
0.588668
0.586691
0.586141
0.586046
0.585953
0.585111
0.581209
0.581184
0.575782
0.571747
0.569939
0.569633
0.568809
0.568694
0.568487
0.568466
0.568466
0.568219
0.567787
0.566425
0.564858
0.559922
0.559703
0.556863
0.556047
0.555852
0.554649
0.554292
0.554139
0.553484
0.553374
0.553107
0.553034
0.552931
0.552885
0.552847
0.55282
0.552792
0.551594
0.551018
0.549517
0.548374
0.546508
0.546115
0.545311
0.543779
0.543642
0.543343
0.542809
0.542475
0.539524
0.539279
0.539138
0.536837
0.535974
0.532204
0.531976
0.530254
0.525369
0.525258
0.525089
0.525052
0.523156
0.521761
0.520719
0.520394
0.520211
0.519647
0.519622
0.518988
0.51881
0.515499
0.514491
0.51445
0.514155
0.509164
0.509068
0.507799
0.507596
0.507418
0.507118
0.506558
0.506081
0.505333
0.50417
0.50399
0.503691
0.50267
0.502566
0.502135
0.501464
0.501201
0.500438
0.500358
0.500126
0.499582
0.498275
0.493498
0.493129
0.491821
0.490591
0.490338
0.488856
0.487729
0.487543
0.486251
0.486227
0.485975
0.485705
0.484141
0.483966
0.483142
0.48219
0.481873
0.480918
0.476749
0.472093
0.470553
0.466894
0.465885
0.46541
0.464387
0.464149
0.463731
0.461807
0.460535
0.460485
0.460104
0.459196
0.459065
0.458962
0.458934
0.45794
0.457121
0.456935
0.456929
0.454758
0.454148
0.453309
0.452087
0.44855
0.448265
0.447493
0.447362
0.445473
0.445461
0.443653
0.443503
0.442807
0.442726
0.439911
0.437784
0.436703
0.436145
0.436085
0.435533
0.434897
0.434405
0.434264
0.433599
0.432205
0.4319
0.431412
0.431405
0.431268
0.430809
0.430408
0.429407
0.429249
0.428547
0.428274
0.428233
0.42822
0.428044
0.427936
0.427875
0.427537
0.426462
0.425092
0.423968
0.423507
0.422553
0.422438
0.421662
0.421392
0.421264
0.421032
0.420904
0.420665
0.420438
0.42035
0.419676
0.419116
0.418705
0.41716
0.41641
0.416408
0.416094
0.415307
0.414709
0.414258
0.414116
0.410712
0.4106
0.410496
0.410138
0.409395
0.409216
0.408283
0.406385
0.405984
0.405939
0.4044
0.404192
0.403345
0.402678
0.402462
0.401991
0.400315
0.397854
0.397813
0.397263
0.397119
0.396866
0.394545
0.393466
0.392275
0.392011
0.391536
0.391249
0.391078
0.3906
0.389702
0.389415
0.38893
0.388924
0.388684
0.388639
0.387602
0.385855
0.385531
0.383416
0.382896
0.382829
0.382801
0.381789
0.381561
0.381348
0.380986
0.380904
0.380258
0.379717
0.378639
0.378381
0.377553
0.377331
0.376415
0.376047
0.37564
0.375558
0.375498
0.375412
0.37504
0.374828
0.374794
0.374589
0.374165
0.373762
0.372896
0.372799
0.372642
0.370969
0.369487
0.369303
0.369176
0.369123
0.368709
0.368473
0.367942
0.367398
0.366931
0.366465
0.364463
0.364363
0.363596
0.363005
0.362937
0.362914
0.362745
0.362607
0.36226
0.361505
0.361303
0.36073
0.360054
0.359535
0.359259
0.359113
0.358682
0.358655
0.358529
0.358065
0.357536
0.356829
0.356172
0.355775
0.355674
0.355565
0.355317
0.35515
0.354682
0.354424
0.35401
0.353787
0.353586
0.353271
0.352905
0.352862
0.352362
0.350625
0.350563
0.349713
0.349138
0.348746
0.348127
0.347799
0.347727
0.347504
0.34619
0.346142
0.345225
0.344534
0.344504
0.34374
0.343317
0.343146
0.342976
0.342802
0.342477
0.342289
0.342209
0.341562
0.341449
0.341389
0.340971
0.340893
0.340785
0.340613
0.340398
0.34037
0.340278
0.33923
0.339012
0.338934
0.338245
0.338169
0.33797
0.335825
0.335787
0.335525
0.33528
0.335254
0.335244
0.335152
0.334794
0.333807
0.33373
0.333406
0.333397
0.333376
0.333141
0.332169
0.33216
0.332149
0.331769
0.33162
0.331372
0.330979
0.330224
0.329822
0.329771
0.329645
0.329157
0.329148
0.329123
0.329094
0.329062
0.329045
0.328979
0.328404
0.328309
0.327889
0.326923
0.326185
0.32503
0.324835
0.324737
0.323793
0.322268
0.321986
0.321616
0.321465
0.321438
0.32074
0.320351
0.319947
0.318997
0.317812
0.317687
0.317135
0.316635
0.315744
0.315648
0.314325
0.314282
0.314208
0.31346
0.313384
0.313113
0.312539
0.312186
0.311722
0.311416
0.3113
0.310518
0.308649
0.308148
0.307533
0.307421
0.306691
0.306601
0.305782
0.305521
0.305403
0.305121
0.305108
0.30393
0.303901
0.303844
0.303753
0.303068
0.302718
0.302393
0.30165
0.30094
0.300851
0.300694
0.300561
0.300338
0.300145
0.299921
0.299637
0.299211
0.298592
0.298193
0.298142
0.297776
0.297624
0.297495
0.297217
0.297153
0.297012
0.296884
0.296864
0.296702
0.296663
0.296269
0.295845
0.295798
0.295149
0.295135
0.293901
0.293448
0.292514
0.291971
0.29194
0.291932
0.291536
0.291332
0.290789
0.2905
0.2904
0.289725
0.289589
0.28923
0.289151
0.288553
0.288452
0.288359
0.287836
0.287786
0.286467
0.2862
0.285328
0.284904
0.284585
0.284548
0.284458
0.283545
0.283265
0.282948
0.282562
0.282396
0.280395
0.280187
0.279005
0.278322
0.278304
0.277747
0.277337
0.277309
0.277261
0.277096
0.276882
0.276647
0.276508
0.276382
0.276024
0.27599
0.275736
0.275657
0.275575
0.275134
0.27511
0.2749
0.274498
0.274307
0.27373
0.273699
0.273645
0.273458
0.273407
0.272995
0.272422
0.272131
0.27189
0.271626
0.270374
0.270275
0.270232
0.269637
0.269304
0.269197
0.269156
0.269059
0.26897
0.268304
0.268301
0.267836
0.267785
0.267463
0.266945
0.266262
0.26555
0.265451
0.265135
0.264879
0.26393
0.262842
0.262607
0.262381
0.262218
0.262056
0.260895
0.26079
0.26064
0.260517
0.26038
0.260331
0.259765
0.258498
0.258309
0.258158
0.25716
0.256495
0.256227
0.255935
0.255146
0.254212
0.25414
0.253772
0.253747
0.251237
0.250968
0.250886
0.250827
0.25072
0.250555
0.250287
0.249975
0.249818
0.249607
0.249561
0.248807
0.247891
0.247785
0.247595
0.247232
0.2472
0.246683
0.246306
0.245663
0.244788
0.244702
0.244178
0.243975
0.243869
0.241501
0.240566
0.240555
0.240281
0.240217
0.239915
0.239823
0.239431
0.239063
0.238791
0.238746
0.238237
0.23768
0.236484
0.236391
0.236293
0.236087
0.236048
0.23568
0.235596
0.235283
0.235279
0.235156
0.234615
0.234099
0.234079
0.233396
0.232749
0.232215
0.231924
0.231605
0.231426
0.231399
0.230915
0.230516
0.229512
0.229486
0.229277
0.228936
0.22886
0.228471
0.228003
0.227943
0.227834
0.227665
0.226996
0.226581
0.226511
0.226372
0.226196
0.225875
0.225543
0.225354
0.225241
0.225149
0.225013
0.224754
0.224657
0.224617
0.224289
0.224208
0.224088
0.22366
0.223603
0.222645
0.222078
0.221945
0.221249
0.221188
0.220548
0.220328
0.220313
0.219952
0.218365
0.218242
0.217999
0.217775
0.217173
0.21715
0.217118
0.216457
0.215888
0.215715
0.215707
0.215449
0.215413
0.21539
0.215151
0.215128
0.214852
0.214534
0.214246
0.214149
0.214142
0.213979
0.213782
0.213152
0.213127
0.212927
0.212618
0.212456
0.21239
0.212359
0.212053
0.211927
0.211857
0.211594
0.211546
0.211478
0.211432
0.211307
0.211278
0.211253
0.211234
0.211215
0.211179
0.210967
0.210908
0.210881
0.210743
0.210659
0.210647
0.210627
0.210333
0.210266
0.210026
0.209989
0.209459
0.209209
0.209142
0.208391
0.20803
0.208018
0.207459
0.207455
0.207324
0.207104
0.206442
0.206325
0.206173
0.204983
0.204949
0.204812
0.204781
0.204607
0.204564
0.204432
0.204334
0.204258
0.20386
0.203561
0.203272
0.203268
0.203012
0.202737
0.201232
0.201121
0.200917
0.200627
0.200623
0.20034
0.200255
0.200056
0.200037
0.19977
0.199366
0.199224
0.198972
0.198616
0.19854
0.198475
0.198443
0.198396
0.198181
0.198088
0.197916
0.197704
0.19754
0.197402
0.196686
0.196659
0.196296
0.196227
0.196022
0.195939
0.195329
0.195291
0.195168
0.195137
0.19463
0.19449
0.194168
0.19402
0.193537
0.193384
0.193009
0.192904
0.192782
0.192769
0.192671
0.192566
0.19248
0.192377
0.192354
0.192258
0.191799
0.191784
0.191366
0.191192
0.191072
0.190704
0.190531
0.190404
0.19036
0.190204
0.190196
0.189995
0.188956
0.188774
0.188273
0.18824
0.188177
0.187935
0.187921
0.187437
0.187083
0.187024
0.186983
0.186651
0.186371
0.186368
0.186272
0.186255
0.185721
0.185587
0.185369
0.185362
0.184914
0.184727
0.184672
0.184627
0.18383
0.183743
0.183552
0.183296
0.182911
0.182897
0.182856
0.182855
0.182455
0.181982
0.181903
0.18186
0.181752
0.181732
0.181579
0.181471
0.181197
0.181166
0.181124
0.18075
0.180606
0.180402
0.18034
0.180159
0.180095
0.179694
0.179635
0.179438
0.179317
0.178995
0.178615
0.178505
0.178492
0.178172
0.177989
0.177977
0.177663
0.177518
0.177515
0.177511
0.177256
0.177131
0.177054
0.176884
0.17661
0.176438
0.176124
0.176082
0.176038
0.175857
0.175662
0.175436
0.17536
0.175104
0.175015
0.17462
0.174025
0.173937
0.173354
0.17331
0.173013
0.172393
0.17186
0.17181
0.171778
0.171744
0.171657
0.171564
0.171498
0.171437
0.171325
0.171014
0.170864
0.170823
0.170801
0.170738
0.170649
0.170431
0.170147
0.169766
0.169492
0.169469
0.169256
0.169149
0.168725
0.168707
0.168684
0.168459
0.168201
0.168051
0.167795
0.167753
0.16764
0.167386
0.167265
0.167006
0.166947
0.166936
0.166868
0.166809
0.166667
0.166624
0.166411
0.166407
0.166261
0.165912
0.165584
0.16536
0.164106
0.164075
0.164053
0.163581
0.163523
0.161893
0.161543
0.161071
0.160953
0.160554
0.160152
0.159849
0.159726
0.159622
0.159557
0.159409
0.15919
0.158976
0.158779
0.158732
0.158562
0.158534
0.15832
0.157927
0.157629
0.157619
0.157559
0.157483
0.157462
0.157427
0.157389
0.157122
0.156768
0.156633
0.155879
0.155195
0.155154
0.155136
0.154976
0.15491
0.154295
0.154214
0.153813
0.153786
0.153087
0.153025
0.152939
0.152863
0.152642
0.152622
0.152256
0.152095
0.152093
0.151959
0.151803
0.151613
0.150669
0.150624
0.150596
0.150552
0.150321
0.150177
0.148918
0.148775
0.148756
0.148624
0.148313
0.148274
0.148249
0.148235
0.147939
0.147861
0.147451
0.146937
0.146833
0.146563
0.146324
0.145965
0.145888
0.145734
0.145721
0.145337
0.145328
0.145179
0.145013
0.144956
0.144945
0.144832
0.144798
0.14479
0.144674
0.144558
0.144453
0.144388
0.144231
0.144151
0.143962
0.14349
0.143434
0.143316
0.14327
0.143042
0.1429
0.142796
0.142702
0.142444
0.142097
0.141694
0.141346
0.141292
0.141281
0.141176
0.141109
0.141007
0.140966
0.140947
0.140913
0.140808
0.140394
0.139843
0.139807
0.13971
0.139622
0.139442
0.139142
0.138802
0.138762
0.138749
0.138639
0.138403
0.138153
0.137947
0.137808
0.137729
0.137708
0.137254
0.136887
0.136764
0.136649
0.136642
0.136492
0.136425
0.136335
0.136322
0.136235
0.136085
0.135883
0.135882
0.135859
0.135524
0.13546
0.135319
0.135132
0.134796
0.134778
0.134528
0.134521
0.134475
0.133911
0.133897
0.133775
0.133638
0.133605
0.133508
0.133443
0.133215
0.133165
0.133035
0.132968
0.132711
0.132583
0.132561
0.13251
0.132402
0.13236
0.132267
0.132019
0.13198
0.13168
0.131441
0.13128
0.131122
0.130654
0.130494
0.130424
0.13035
0.130046
0.130028
0.12991
0.129854
0.129753
0.129751
0.129557
0.129058
0.12902
0.128776
0.128701
0.12864
0.128141
0.128009
0.127874
0.127665
0.127235
0.126947
0.126942
0.126792
0.126784
0.126649
0.12644
0.126271
0.126215
0.126211
0.12615
0.12603
0.125954
0.125811
0.125643
0.125628
0.125332
0.125313
0.125254
0.125243
0.125106
0.125075
0.124812
0.124735
0.1245
0.124434
0.124356
0.124275
0.124267
0.123722
0.123575
0.123474
0.12322
0.123098
0.123086
0.123013
0.122494
0.122201
0.12213
0.122113
0.12142
0.121279
0.121263
0.121198
0.121044
0.121043
0.120935
0.120871
0.120831
0.120793
0.120749
0.120612
0.120543
0.120484
0.120478
0.120467
0.120457
0.120351
0.120102
0.12005
0.119922
0.119583
0.119378
0.119337
0.119127
0.11869
0.118615
0.118493
0.118037
0.117993
0.117531
0.117379
0.117253
0.11723
0.117009
0.116976
0.116667
0.116589
0.116418
0.11621
0.116002
0.115981
0.115875
0.11548
0.115119
0.114606
0.11444
0.114428
0.114426
0.114102
0.113762
0.113738
0.11369
0.113445
0.113376
0.113169
0.113134
0.112835
0.112778
0.112019
0.112012
0.111847
0.111831
0.111441
0.111366
0.111363
0.111267
0.111197
0.111156
0.111065
0.111032
0.111031
0.111018
0.110685
0.1106
0.110512
0.110202
0.110181
0.109719
0.109673
0.109658
0.109638
0.109637
0.109618
0.109583
0.109455
0.109381
0.109336
0.109185
0.109122
0.108967
0.108889
0.108838
0.108809
0.108763
0.108695
0.108615
0.108529
0.108523
0.108283
0.107997
0.107922
0.107882
0.107464
0.107393
0.107383
0.107173
0.107038
0.107013
0.10693
0.106582
0.106581
0.106344
0.106331
0.106327
0.106179
0.106142
0.106092
0.105947
0.105738
0.105507
0.105393
0.105379
0.105232
0.105143
0.105132
0.105068
0.105023
0.105013
0.10465
0.104636
0.104398
0.104382
0.104274
0.10426
0.104238
0.104085
0.104075
0.103973
0.103972
0.103428
0.103271
0.103199
0.103057
0.102693
0.102683
0.10231
0.102286
0.102124
0.102037
0.102009
0.101968
0.101955
0.101798
0.101728
0.101339
0.101334
0.101237
0.100941
0.100885
0.100448
0.100387
0.10037
0.100189
0.100164
0.100128
0.100026
0.100022
0.0999958
0.0999075
0.0998985
0.0994527
0.0994467
0.0992915
0.0989685
0.0989192
0.0987544
0.0983179
0.0982719
0.0982551
0.0981864
0.0981602
0.0980658
0.0979302
0.0978563
0.0973917
0.0973906
0.0973881
0.0970419
0.0969511
0.0967897
0.0966582
0.0966119
0.0965518
0.0965371
0.0962573
0.0961778
0.0960754
0.0959037
0.0958737
0.0957314
0.0956075
0.0954861
0.0949282
0.0948585
0.0948428
0.0946796
0.0946187
0.0945009
0.0944926
0.0944319
0.0943608
0.0943223
0.0943134
0.0942005
0.0940628
0.0940573
0.0939299
0.0938508
0.0937964
0.0936464
0.09364
0.0935249
0.0934583
0.0934423
0.0933937
0.0933607
0.0932232
0.0930929
0.0930175
0.092905
0.0929046
0.0927138
0.092633
0.0924094
0.092284
0.092226
0.092214
0.092058
0.0919985
0.0919451
0.0919099
0.0917498
0.0917495
0.0910984
0.0910731
0.0909804
0.0909546
0.0909367
0.0908164
0.0907191
0.0903998
0.0902567
0.0902434
0.0902404
0.0900858
0.0900171
0.0898413
0.0896877
0.0896869
0.0895458
0.0895173
0.0894813
0.0894088
0.0893026
0.0892135
0.0891811
0.0888276
0.0886002
0.0885619
0.0885428
0.0882669
0.0881019
0.0880838
0.0879389
0.0879379
0.0879174
0.0877432
0.0877113
0.0877099
0.087697
0.087305
0.0872453
0.087233
0.087194
0.0871474
0.0870746
0.0870365
0.0867851
0.0864132
0.0863137
0.0862397
0.0861424
0.0860094
0.0860016
0.0859768
0.0859493
0.0859202
0.0858542
0.0856987
0.0856931
0.0855213
0.0855153
0.0853194
0.0852771
0.0851762
0.0851587
0.0851444
0.0851328
0.0851113
0.0850397
0.085028
0.0849707
0.0847127
0.084471
0.0843879
0.0843339
0.0841675
0.0841398
0.0839901
0.0839117
0.0838667
0.0837204
0.0836503
0.0836395
0.0836261
0.0836044
0.0835669
0.0835638
0.0834539
0.0833477
0.0833429
0.0833173
0.0832656
0.0832617
0.0830729
0.0830133
0.0826996
0.0825129
0.082437
0.0823033
0.0822536
0.082006
0.0819119
0.0817994
0.0815266
0.0815027
0.0813481
0.0813195
0.081229
0.0812051
0.081027
0.0809165
0.0808849
0.08086
0.080858
0.0807529
0.080456
0.0802423
0.0801235
0.0798816
0.0798434
0.0797447
0.079422
0.0793725
0.0791551
0.0789755
0.0789564
0.0786148
0.078562
0.0784185
0.0782389
0.0781856
0.0780551
0.0780054
0.0779162
0.0778336
0.0777814
0.0775434
0.0773805
0.077333
0.0771426
0.0771042
0.0769602
0.0769587
0.0769463
0.0766979
0.0766052
0.0764705
0.076305
0.0762915
0.0762367
0.0761714
0.0761155
0.0760198
0.0760131
0.0759614
0.0759125
0.0758367
0.0756486
0.0756006
0.0755827
0.0753036
0.0752145
0.074975
0.0749671
0.0745273
0.0744934
0.0741528
0.0740963
0.0739466
0.0739431
0.0738053
0.0737491
0.0736719
0.07355
0.0734193
0.0728072
0.0727198
0.0727034
0.0726311
0.0722732
0.0722366
0.0722087
0.0721825
0.0721011
0.0719708
0.0718368
0.0718149
0.0716708
0.0716702
0.071555
0.0714412
0.0712288
0.0710774
0.0709524
0.0709371
0.0708845
0.0706441
0.0705935
0.0705222
0.0704792
0.0702398
0.0697886
0.0697192
0.0692645
0.0687746
0.0687521
0.0684896
0.0681714
0.0679266
0.0678198
0.067816
0.0677877
0.0677413
0.0675746
0.0673347
0.0673229
0.0672825
0.0672461
0.0669676
0.0669544
0.0668996
0.0666722
0.0666709
0.066373
0.0662855
0.0661565
0.066075
0.0659944
0.0659782
0.0658318
0.0655526
0.0655483
0.0655458
0.0652806
0.0651993
0.0651972
0.0651704
0.0650325
0.0649673
0.0649269
0.0648644
0.0647311
0.064574
0.0645304
0.0643672
0.0643345
0.0643155
0.0641859
0.0641428
0.0638872
0.0638637
0.0637148
0.0635149
0.0634579
0.0633953
0.0633614
0.0631439
0.0629058
0.0627688
0.0627466
0.0627465
0.0625526
0.0620284
0.0620225
0.0619349
0.0616857
0.061513
0.0612811
0.0611906
0.0611873
0.0611273
0.0610443
0.0604688
0.0602296
0.0601309
0.0600484
0.0598505
0.0598424
0.0590482
0.0588052
0.0585696
0.0583838
0.058327
0.057929
0.0576491
0.057412
0.0572931
0.057269
0.0571629
0.0570595
0.056904
0.0568895
0.0567464
0.0566924
0.0563357
0.0562867
0.0561281
0.0561205
0.0560736
0.0554938
0.0553156
0.0553034
0.0552167
0.0551815
0.0550529
0.0549323
0.0548763
0.0548515
0.0547825
0.0547286
0.054594
0.0545795
0.0544786
0.054464
0.05433
0.0540389
0.0540323
0.0535961
0.0530067
0.0529761
0.052152
0.0517491
0.0516478
0.0515991
0.051503
0.051384
0.0513443
0.051343
0.0511754
0.0510848
0.0506094
0.0505033
0.050466
0.0504529
0.0502462
0.0501391
0.0500758
0.0497625
0.0497434
0.0497284
0.0497023
0.0494657
0.0494444
0.0494383
0.049403
0.049299
0.0492714
0.0491243
0.0490781
0.0490178
0.0484506
0.0483629
0.0480621
0.0477677
0.0477624
0.0477192
0.0476887
0.0476386
0.0475432
0.0474969
0.0474292
0.0472879
0.0471643
0.0471187
0.0470521
0.0470163
0.0467333
0.0466637
0.0466116
0.0465505
0.0465187
0.0463372
0.0462212
0.0461094
0.0460897
0.0460501
0.0459834
0.0458065
0.0457756
0.0456063
0.0452888
0.0452268
0.0451849
0.0451403
0.0450969
0.0448431
0.0447295
0.044213
0.0441668
0.0441161
0.0439531
0.0439468
0.0435758
0.0433894
0.0433329
0.0433108
0.0432844
0.0431842
0.0430764
0.0428379
0.0426975
0.042666
0.0422813
0.0422226
0.0421854
0.042083
0.0420416
0.0419801
0.0418592
0.0417963
0.0417512
0.0413309
0.0412861
0.0408535
0.0408352
0.0407661
0.0406153
0.0405309
0.0404654
0.0404016
0.0401517
0.0400202
0.0400066
0.0399258
0.0398844
0.0396797
0.0393983
0.039285
0.0390912
0.0390315
0.03886
0.0387577
0.0387503
0.0386913
0.0386872
0.0385794
0.0384811
0.0381323
0.0378896
0.0377692
0.037674
0.0370384
0.0368857
0.0367778
0.0367617
0.0366964
0.0365997
0.0365489
0.0365067
0.0364917
0.0364823
0.0364422
0.0363294
0.0362735
0.0362706
0.036256
0.0362542
0.0362491
0.0359906
0.0358866
0.0357815
0.0357428
0.0356774
0.0354167
0.0349115
0.0347965
0.03469
0.0346364
0.0345851
0.0344735
0.0344235
0.0343771
0.0342031
0.0338135
0.0337845
0.0337163
0.0336835
0.0336354
0.0335586
0.0333938
0.0333116
0.0330505
0.0326776
0.0325865
0.0325828
0.0324464
0.0324445
0.0320237
0.0318694
0.0317153
0.0315918
0.031544
0.0314745
0.0311295
0.0310108
0.0309808
0.0307355
0.0302855
0.0302489
0.0301152
0.0299291
0.0296023
0.0294291
0.0293989
0.0291266
0.0289793
0.0289565
0.0288142
0.0285685
0.0284424
0.0283222
0.0279528
0.0279108
0.0278912
0.0278061
0.0276147
0.027478
0.0274367
0.0273871
0.0268704
0.0268205
0.0267576
0.0265749
0.0265564
0.0265534
0.0265154
0.0264806
0.0264098
0.0263347
0.0262702
0.0261518
0.0258373
0.0258048
0.0256365
0.0255941
0.0254886
0.0254722
0.0254427
0.0254065
0.0253773
0.025375
0.0253055
0.0252625
0.0250944
0.0248937
0.0248122
0.0246176
0.0245453
0.0245358
0.0245
0.0243425
0.0242957
0.0242339
0.024233
0.0240192
0.023859
0.0237918
0.0236946
0.023473
0.0234505
0.0234019
0.0233559
0.0233183
0.0232676
0.0229436
0.0227432
0.0224106
0.021915
0.0218216
0.0217346
0.0217334
0.0216937
0.0216631
0.0216613
0.0212785
0.0212538
0.0212207
0.0212001
0.0209357
0.0208525
0.0206944
0.0205436
0.0205174
0.0204769
0.020435
0.020356
0.0202404
0.020205
0.0201955
0.0201514
0.0201116
0.0197918
0.0195571
0.0195261
0.0193083
0.0192888
0.0192426
0.0191203
0.0190841
0.018812
0.018743
0.0187163
0.0185506
0.0184502
0.0183197
0.0181316
0.0177744
0.0175249
0.0175036
0.0172375
0.0172319
0.0170206
0.0169155
0.0167382
0.0166496
0.0164078
0.016244
0.0159609
0.0158581
0.0158384
0.0150346
0.0148411
0.0147218
0.0146788
0.0146275
0.0145742
0.0145204
0.0143502
0.0141156
0.0141062
0.013768
0.0137512
0.0137314
0.0136728
0.0136293
0.0135687
0.0132799
0.0132668
0.0132305
0.0132098
0.0131561
0.0129206
0.0128805
0.0126409
0.0124745
0.0124561
0.0124224
0.0123928
0.0123801
0.012303
0.0122543
0.0121595
0.012139
0.0121295
0.0121215
0.0120957
0.0120708
0.0120278
0.0119908
0.0119612
0.0119511
0.0118569
0.0117176
0.011716
0.0117106
0.0116668
0.0115146
0.0115129
0.0114645
0.0113788
0.0113308
0.0112726
0.0111879
0.0110499
0.0110088
0.0109941
0.0109431
0.0108566
0.010793
0.0107472
0.0105222
0.0104608
0.0104306
0.0103049
0.0102795
0.0101723
0.0100995
0.010037
0.00988232
0.00969113
0.00938709
0.00892273
0.00890955
0.00885129
0.00880913
0.00880605
0.00863207
0.00847369
0.00843255
0.0084214
0.00839823
0.00836611
0.00830721
0.00814551
0.00809198
0.00775963
0.00761011
0.00756384
0.00745373
0.00714031
0.0070045
0.00659138
0.00657455
0.00654116
0.00651493
0.00645637
0.00644837
0.00640403
0.00600345
0.00593071
0.00592929
0.00589247
0.00584376
0.00576818
0.00566538
0.0056557
0.00560138
0.00555281
0.00546075
0.00545278
0.00534335
0.00533039
0.00531484
0.00529959
0.00500623
0.00500474
0.00493585
0.00485382
0.00474623
0.0047389
0.00441782
0.00438058
0.00436231
0.00412764
0.00407954
0.00402928
0.00402384
0.00401948
0.00400447
0.00398146
0.00397125
0.00394931
0.00389179
0.00382318
0.00379679
0.00379119
0.00362341
0.00359983
0.00344072
0.00341301
0.00298163
0.00296833
0.00290478
0.00279917
0.00279568
0.00274342
0.00272044
0.00268637
0.0026727
0.0026403
0.00258988
0.00256518
0.0024977
0.00245643
0.00244561
0.00241793
0.00234428
0.00230051
0.00215013
0.00206433
0.00200772
0.00189145
0.00168665
0.00138469
0.00133425
0.00133139
0.00132955
0.00132152
0.00130748
0.00129551
0.00124566
0.00124462
0.00123005
0.00109643
0.00108106
0.00106359
0.00106209
0.00103731
0.00103555
0.00102174
0.000809421
0.000798321
0.000784722
0.000491111
0.000440505
0.000439091
0.00043849
0.000434475
0.000429201
0.000423108
0.000404244
0.00039675
0.000349559
0.000342442
0.000341632
0.000305645
0.000298227
0.00024799
0.00024102
0.000210125
0.000144914
0.000144254
0.000144123
0.000142226
0.000140455
0.000137532
0.000131026
0.000127396
0.000111534
0.000107684
9.22725e-005
8.85581e-005
7.75434e-005
7.41796e-005
4.74769e-005
4.71891e-005
4.71822e-005
4.63339e-005
4.58121e-005
4.44779e-005
4.23838e-005
4.0713e-005
3.8912e-005
3.56131e-005
3.38366e-005
2.83027e-005
2.65496e-005
2.4376e-005
2.28339e-005
8.77977e-006
7.99298e-006
5.12e-006
0
0
0
0
0
0
0
0
0
0
0
0
0
0
0
0
0
0
0
0
0
0
0
0
0
0
0
0
0
0
0
0
0
0
0
0
0
0
0
0
0
0
0
0
0
0
0
0
0
0
0
0
0
0
0
0
0
0
0
0
0
0
0
0
0
0
0
0
0
0
0
0
0
0
0
0
0
0
0
0
0
0
0
0
0
0
0
0
0
0
0
0
0
0
0
0
0
0
0
0
0
0
0
0
0
0
0
0
0
0
0
0
0
0
0
0
0
0
0
0
0
0
0
0
0
0
0
0
0
0
0
0
0
0
0
0
0
0
0
0
0
0
0
0
0
0
0
0
0
0
0
0
0
0
0
