VARIABLES= "X", "Y", "Z","U"
7 7 0 0
7 6.64286 0 0
7 6.28571 0 0
7 5.92857 0 0
7 5.57143 0 0
7 5.21429 0 0
7 4.85714 0 0
7 4.5 0 0
7 4.14286 0 0
7 3.78571 0 0
7 3.42857 0 0
7 3.07143 0 0
7 2.71429 0 0
7 2.35714 0 0
7 2 0 0
7 7 0.357143 0
7 6.64286 0.357143 0
7 6.28571 0.357143 0
7 5.92857 0.357143 0
7 5.57143 0.357143 0
7 5.21429 0.357143 0
7 4.85714 0.357143 0
7 4.5 0.357143 0
7 4.14286 0.357143 0
7 3.78571 0.357143 0
7 3.42857 0.357143 0
7 3.07143 0.357143 0
7 2.71429 0.357143 0
7 2.35714 0.357143 0
7 2 0.357143 0
7 7 0.714286 0
7 6.64286 0.714286 0
7 6.28571 0.714286 0
7 5.92857 0.714286 0
7 5.57143 0.714286 0
7 5.21429 0.714286 0
7 4.85714 0.714286 0
7 4.5 0.714286 0
7 4.14286 0.714286 0
7 3.78571 0.714286 0
7 3.42857 0.714286 0
7 3.07143 0.714286 0
7 2.71429 0.714286 0
7 2.35714 0.714286 0
7 2 0.714286 0
7 7 1.07143 0
7 6.64286 1.07143 0
7 6.28571 1.07143 0
7 5.92857 1.07143 0
7 5.57143 1.07143 0
7 5.21429 1.07143 0
7 4.85714 1.07143 0
7 4.5 1.07143 0
7 4.14286 1.07143 0
7 3.78571 1.07143 0
7 3.42857 1.07143 0
7 3.07143 1.07143 0
7 2.71429 1.07143 0
7 2.35714 1.07143 0
7 2 1.07143 0
7 7 1.42857 0
7 6.64286 1.42857 0
7 6.28571 1.42857 0
7 5.92857 1.42857 0
7 5.57143 1.42857 0
7 5.21429 1.42857 0
7 4.85714 1.42857 0
7 4.5 1.42857 0
7 4.14286 1.42857 0
7 3.78571 1.42857 0
7 3.42857 1.42857 0
7 3.07143 1.42857 0
7 2.71429 1.42857 0
7 2.35714 1.42857 0
7 2 1.42857 0
7 7 1.78571 0
7 6.64286 1.78571 0
7 6.28571 1.78571 0
7 5.92857 1.78571 0
7 5.57143 1.78571 0
7 5.21429 1.78571 0
7 4.85714 1.78571 0
7 4.5 1.78571 0
7 4.14286 1.78571 0
7 3.78571 1.78571 0
7 3.42857 1.78571 0
7 3.07143 1.78571 0
7 2.71429 1.78571 0
7 2.35714 1.78571 0
7 2 1.78571 0
7 7 2.14286 0
7 6.64286 2.14286 0
7 6.28571 2.14286 0
7 5.92857 2.14286 0
7 5.57143 2.14286 0
7 5.21429 2.14286 0
7 4.85714 2.14286 0
7 4.5 2.14286 0
7 4.14286 2.14286 0
7 3.78571 2.14286 0
7 3.42857 2.14286 0
7 3.07143 2.14286 0
7 2.71429 2.14286 0
7 2.35714 2.14286 0
7 2 2.14286 0
7 7 2.5 0
7 6.64286 2.5 0
7 6.28571 2.5 0
7 5.92857 2.5 0
7 5.57143 2.5 0
7 5.21429 2.5 0
7 4.85714 2.5 0
7 4.5 2.5 0
7 4.14286 2.5 0
7 3.78571 2.5 0
7 3.42857 2.5 0
7 3.07143 2.5 0
7 2.71429 2.5 0
7 2.35714 2.5 0
7 2 2.5 0
7 7 2.85714 0
7 6.64286 2.85714 0
7 6.28571 2.85714 0
7 5.92857 2.85714 0
7 5.57143 2.85714 0
7 5.21429 2.85714 0
7 4.85714 2.85714 0
7 4.5 2.85714 0
7 4.14286 2.85714 0
7 3.78571 2.85714 0
7 3.42857 2.85714 0
7 3.07143 2.85714 0
7 2.71429 2.85714 0
7 2.35714 2.85714 0
7 2 2.85714 0
7 7 3.21429 0
7 6.64286 3.21429 0
7 6.28571 3.21429 0
7 5.92857 3.21429 0
7 5.57143 3.21429 0
7 5.21429 3.21429 0
7 4.85714 3.21429 0
7 4.5 3.21429 0
7 4.14286 3.21429 0
7 3.78571 3.21429 0
7 3.42857 3.21429 0
7 3.07143 3.21429 0
7 2.71429 3.21429 0
7 2.35714 3.21429 0
7 2 3.21429 0
7 7 3.57143 0
7 6.64286 3.57143 0
7 6.28571 3.57143 0
7 5.92857 3.57143 0
7 5.57143 3.57143 0
7 5.21429 3.57143 0
7 4.85714 3.57143 0
7 4.5 3.57143 0
7 4.14286 3.57143 0
7 3.78571 3.57143 0
7 3.42857 3.57143 0
7 3.07143 3.57143 0
7 2.71429 3.57143 0
7 2.35714 3.57143 0
7 2 3.57143 0
7 7 3.92857 0
7 6.64286 3.92857 0
7 6.28571 3.92857 0
7 5.92857 3.92857 0
7 5.57143 3.92857 0
7 5.21429 3.92857 0
7 4.85714 3.92857 0
7 4.5 3.92857 0
7 4.14286 3.92857 1
7 3.78571 3.92857 1
7 3.42857 3.92857 1
7 3.07143 3.92857 1
7 2.71429 3.92857 1
7 2.35714 3.92857 1
7 2 3.92857 1
7 7 4.28571 1
7 6.64286 4.28571 1
7 6.28571 4.28571 1
7 5.92857 4.28571 1
7 5.57143 4.28571 1
7 5.21429 4.28571 1
7 4.85714 4.28571 1
7 4.5 4.28571 1
7 4.14286 4.28571 1
7 3.78571 4.28571 1
7 3.42857 4.28571 1
7 3.07143 4.28571 1
7 2.71429 4.28571 1
7 2.35714 4.28571 1
7 2 4.28571 1
7 7 4.64286 1
7 6.64286 4.64286 1
7 6.28571 4.64286 1
7 5.92857 4.64286 1
7 5.57143 4.64286 1
7 5.21429 4.64286 1
7 4.85714 4.64286 1
7 4.5 4.64286 1
7 4.14286 4.64286 1
7 3.78571 4.64286 1
7 3.42857 4.64286 1
7 3.07143 4.64286 1
7 2.71429 4.64286 1
7 2.35714 4.64286 1
7 2 4.64286 1
7 7 5 1
7 6.64286 5 1
7 6.28571 5 1
7 5.92857 5 1
7 5.57143 5 1
7 5.21429 5 1
7 4.85714 5 1
7 4.5 5 1
7 4.14286 5 1
7 3.78571 5 1
7 3.42857 5 1
7 3.07143 5 1
7 2.71429 5 1
7 2.35714 5 1
7 2 5 1
6.64286 7 0 1
6.64286 6.64286 0 1
6.64286 6.28571 0 1
6.64286 5.92857 0 1
6.64286 5.57143 0 1
6.64286 5.21429 0 1
6.64286 4.85714 0 1
6.64286 4.5 0 1
6.64286 4.14286 0 1
6.64286 3.78571 0 1
6.64286 3.42857 0 1
6.64286 3.07143 0 1
6.64286 2.71429 0 1
6.64286 2.35714 0 1
6.64286 2 0 1
6.64286 7 0.357143 1
6.64286 6.64286 0.357143 0
6.64286 6.28571 0.357143 0
6.64286 5.92857 0.357143 0
6.64286 5.57143 0.357143 0
6.64286 5.21429 0.357143 0
6.64286 4.85714 0.357143 0
6.64286 4.5 0.357143 0
6.64286 4.14286 0.357143 0
6.64286 3.78571 0.357143 0
6.64286 3.42857 0.357143 0
6.64286 3.07143 0.357143 0
6.64286 2.71429 0.357143 0
6.64286 2.35714 0.357143 0
6.64286 2 0.357143 1
6.64286 7 0.714286 1
6.64286 6.64286 0.714286 0
6.64286 6.28571 0.714286 0
6.64286 5.92857 0.714286 0
6.64286 5.57143 0.714286 0
6.64286 5.21429 0.714286 0
6.64286 4.85714 0.714286 0
6.64286 4.5 0.714286 0
6.64286 4.14286 0.714286 0
6.64286 3.78571 0.714286 0
6.64286 3.42857 0.714286 0
6.64286 3.07143 0.714286 0
6.64286 2.71429 0.714286 0
6.64286 2.35714 0.714286 0
6.64286 2 0.714286 1
6.64286 7 1.07143 1
6.64286 6.64286 1.07143 0
6.64286 6.28571 1.07143 0
6.64286 5.92857 1.07143 0
6.64286 5.57143 1.07143 0
6.64286 5.21429 1.07143 0
6.64286 4.85714 1.07143 0
6.64286 4.5 1.07143 0
6.64286 4.14286 1.07143 0
6.64286 3.78571 1.07143 0
6.64286 3.42857 1.07143 0
6.64286 3.07143 1.07143 0
6.64286 2.71429 1.07143 0
6.64286 2.35714 1.07143 0
6.64286 2 1.07143 1
6.64286 7 1.42857 1
6.64286 6.64286 1.42857 0
6.64286 6.28571 1.42857 0
6.64286 5.92857 1.42857 0
6.64286 5.57143 1.42857 0
6.64286 5.21429 1.42857 0
6.64286 4.85714 1.42857 0
6.64286 4.5 1.42857 0
6.64286 4.14286 1.42857 0
6.64286 3.78571 1.42857 0
6.64286 3.42857 1.42857 0
6.64286 3.07143 1.42857 0
6.64286 2.71429 1.42857 0
6.64286 2.35714 1.42857 0
6.64286 2 1.42857 1
6.64286 7 1.78571 1
6.64286 6.64286 1.78571 0
6.64286 6.28571 1.78571 0
6.64286 5.92857 1.78571 0
6.64286 5.57143 1.78571 0
6.64286 5.21429 1.78571 0
6.64286 4.85714 1.78571 0
6.64286 4.5 1.78571 0
6.64286 4.14286 1.78571 0
6.64286 3.78571 1.78571 0
6.64286 3.42857 1.78571 0
6.64286 3.07143 1.78571 0
6.64286 2.71429 1.78571 0
6.64286 2.35714 1.78571 0
6.64286 2 1.78571 1
6.64286 7 2.14286 1
6.64286 6.64286 2.14286 0
6.64286 6.28571 2.14286 0
6.64286 5.92857 2.14286 0
6.64286 5.57143 2.14286 0
6.64286 5.21429 2.14286 0
6.64286 4.85714 2.14286 0
6.64286 4.5 2.14286 0
6.64286 4.14286 2.14286 0
6.64286 3.78571 2.14286 0
6.64286 3.42857 2.14286 0
6.64286 3.07143 2.14286 0
6.64286 2.71429 2.14286 0
6.64286 2.35714 2.14286 0
6.64286 2 2.14286 1
6.64286 7 2.5 1
6.64286 6.64286 2.5 0
6.64286 6.28571 2.5 0
6.64286 5.92857 2.5 0
6.64286 5.57143 2.5 0
6.64286 5.21429 2.5 0
6.64286 4.85714 2.5 0
6.64286 4.5 2.5 0
6.64286 4.14286 2.5 0
6.64286 3.78571 2.5 0
6.64286 3.42857 2.5 0
6.64286 3.07143 2.5 0
6.64286 2.71429 2.5 0
6.64286 2.35714 2.5 0
6.64286 2 2.5 1
6.64286 7 2.85714 1
6.64286 6.64286 2.85714 0
6.64286 6.28571 2.85714 0
6.64286 5.92857 2.85714 0
6.64286 5.57143 2.85714 0
6.64286 5.21429 2.85714 0
6.64286 4.85714 2.85714 0
6.64286 4.5 2.85714 0
6.64286 4.14286 2.85714 0
6.64286 3.78571 2.85714 0
6.64286 3.42857 2.85714 0
6.64286 3.07143 2.85714 0
6.64286 2.71429 2.85714 0
6.64286 2.35714 2.85714 0
6.64286 2 2.85714 1
6.64286 7 3.21429 1
6.64286 6.64286 3.21429 0
6.64286 6.28571 3.21429 0
6.64286 5.92857 3.21429 0
6.64286 5.57143 3.21429 0
6.64286 5.21429 3.21429 0
6.64286 4.85714 3.21429 0
6.64286 4.5 3.21429 0
6.64286 4.14286 3.21429 0
6.64286 3.78571 3.21429 0
6.64286 3.42857 3.21429 0
6.64286 3.07143 3.21429 0
6.64286 2.71429 3.21429 0
6.64286 2.35714 3.21429 0
6.64286 2 3.21429 1
6.64286 7 3.57143 1
6.64286 6.64286 3.57143 0
6.64286 6.28571 3.57143 0
6.64286 5.92857 3.57143 0
6.64286 5.57143 3.57143 0
6.64286 5.21429 3.57143 0
6.64286 4.85714 3.57143 0
6.64286 4.5 3.57143 0
6.64286 4.14286 3.57143 0
6.64286 3.78571 3.57143 0
6.64286 3.42857 3.57143 0
6.64286 3.07143 3.57143 0
6.64286 2.71429 3.57143 0
6.64286 2.35714 3.57143 0
6.64286 2 3.57143 1
6.64286 7 3.92857 1
6.64286 6.64286 3.92857 0
6.64286 6.28571 3.92857 0
6.64286 5.92857 3.92857 0
6.64286 5.57143 3.92857 0
6.64286 5.21429 3.92857 0
6.64286 4.85714 3.92857 0
6.64286 4.5 3.92857 0
6.64286 4.14286 3.92857 0
6.64286 3.78571 3.92857 0
6.64286 3.42857 3.92857 0
6.64286 3.07143 3.92857 0
6.64286 2.71429 3.92857 0
6.64286 2.35714 3.92857 0
6.64286 2 3.92857 1
6.64286 7 4.28571 1
6.64286 6.64286 4.28571 0
6.64286 6.28571 4.28571 0
6.64286 5.92857 4.28571 0
6.64286 5.57143 4.28571 0
6.64286 5.21429 4.28571 0
6.64286 4.85714 4.28571 0
6.64286 4.5 4.28571 0
6.64286 4.14286 4.28571 0
6.64286 3.78571 4.28571 0
6.64286 3.42857 4.28571 0
6.64286 3.07143 4.28571 0
6.64286 2.71429 4.28571 0
6.64286 2.35714 4.28571 0
6.64286 2 4.28571 1
6.64286 7 4.64286 1
6.64286 6.64286 4.64286 0
6.64286 6.28571 4.64286 0
6.64286 5.92857 4.64286 0
6.64286 5.57143 4.64286 0
6.64286 5.21429 4.64286 0
6.64286 4.85714 4.64286 0
6.64286 4.5 4.64286 0
6.64286 4.14286 4.64286 0
6.64286 3.78571 4.64286 0
6.64286 3.42857 4.64286 0
6.64286 3.07143 4.64286 0
6.64286 2.71429 4.64286 0
6.64286 2.35714 4.64286 0
6.64286 2 4.64286 1
6.64286 7 5 1
6.64286 6.64286 5 1
6.64286 6.28571 5 1
6.64286 5.92857 5 1
6.64286 5.57143 5 1
6.64286 5.21429 5 1
6.64286 4.85714 5 1
6.64286 4.5 5 1
6.64286 4.14286 5 1
6.64286 3.78571 5 1
6.64286 3.42857 5 1
6.64286 3.07143 5 1
6.64286 2.71429 5 1
6.64286 2.35714 5 1
6.64286 2 5 1
6.28571 7 0 1
6.28571 6.64286 0 1
6.28571 6.28571 0 1
6.28571 5.92857 0 1
6.28571 5.57143 0 1
6.28571 5.21429 0 1
6.28571 4.85714 0 1
6.28571 4.5 0 1
6.28571 4.14286 0 1
6.28571 3.78571 0 1
6.28571 3.42857 0 1
6.28571 3.07143 0 1
6.28571 2.71429 0 1
6.28571 2.35714 0 1
6.28571 2 0 1
6.28571 7 0.357143 1
6.28571 6.64286 0.357143 0
6.28571 6.28571 0.357143 0
6.28571 5.92857 0.357143 0
6.28571 5.57143 0.357143 0
6.28571 5.21429 0.357143 0
6.28571 4.85714 0.357143 0
6.28571 4.5 0.357143 0
6.28571 4.14286 0.357143 0
6.28571 3.78571 0.357143 0
6.28571 3.42857 0.357143 0
6.28571 3.07143 0.357143 0
6.28571 2.71429 0.357143 0
6.28571 2.35714 0.357143 0
6.28571 2 0.357143 1
6.28571 7 0.714286 1
6.28571 6.64286 0.714286 0
6.28571 6.28571 0.714286 0
6.28571 5.92857 0.714286 0
6.28571 5.57143 0.714286 0
6.28571 5.21429 0.714286 0
6.28571 4.85714 0.714286 0
6.28571 4.5 0.714286 0
6.28571 4.14286 0.714286 0
6.28571 3.78571 0.714286 0
6.28571 3.42857 0.714286 0
6.28571 3.07143 0.714286 0
6.28571 2.71429 0.714286 0
6.28571 2.35714 0.714286 0
6.28571 2 0.714286 1
6.28571 7 1.07143 1
6.28571 6.64286 1.07143 0
6.28571 6.28571 1.07143 0
6.28571 5.92857 1.07143 0
6.28571 5.57143 1.07143 0
6.28571 5.21429 1.07143 0
6.28571 4.85714 1.07143 0
6.28571 4.5 1.07143 0
6.28571 4.14286 1.07143 0
6.28571 3.78571 1.07143 0
6.28571 3.42857 1.07143 0
6.28571 3.07143 1.07143 0
6.28571 2.71429 1.07143 0
6.28571 2.35714 1.07143 0
6.28571 2 1.07143 1
6.28571 7 1.42857 1
6.28571 6.64286 1.42857 0
6.28571 6.28571 1.42857 0
6.28571 5.92857 1.42857 0
6.28571 5.57143 1.42857 0
6.28571 5.21429 1.42857 0
6.28571 4.85714 1.42857 0
6.28571 4.5 1.42857 0
6.28571 4.14286 1.42857 0
6.28571 3.78571 1.42857 0
6.28571 3.42857 1.42857 0
6.28571 3.07143 1.42857 0
6.28571 2.71429 1.42857 0
6.28571 2.35714 1.42857 0
6.28571 2 1.42857 1
6.28571 7 1.78571 1
6.28571 6.64286 1.78571 0
6.28571 6.28571 1.78571 0
6.28571 5.92857 1.78571 0
6.28571 5.57143 1.78571 0
6.28571 5.21429 1.78571 0
6.28571 4.85714 1.78571 0
6.28571 4.5 1.78571 0
6.28571 4.14286 1.78571 0
6.28571 3.78571 1.78571 0
6.28571 3.42857 1.78571 0
6.28571 3.07143 1.78571 0
6.28571 2.71429 1.78571 0
6.28571 2.35714 1.78571 0
6.28571 2 1.78571 1
6.28571 7 2.14286 1
6.28571 6.64286 2.14286 0
6.28571 6.28571 2.14286 0
6.28571 5.92857 2.14286 0
6.28571 5.57143 2.14286 0
6.28571 5.21429 2.14286 0
6.28571 4.85714 2.14286 0
6.28571 4.5 2.14286 0
6.28571 4.14286 2.14286 0
6.28571 3.78571 2.14286 0
6.28571 3.42857 2.14286 0
6.28571 3.07143 2.14286 0
6.28571 2.71429 2.14286 0
6.28571 2.35714 2.14286 0
6.28571 2 2.14286 1
6.28571 7 2.5 1
6.28571 6.64286 2.5 0
6.28571 6.28571 2.5 0
6.28571 5.92857 2.5 0
6.28571 5.57143 2.5 0
6.28571 5.21429 2.5 0
6.28571 4.85714 2.5 0
6.28571 4.5 2.5 0
6.28571 4.14286 2.5 0
6.28571 3.78571 2.5 0
6.28571 3.42857 2.5 0
6.28571 3.07143 2.5 0
6.28571 2.71429 2.5 0
6.28571 2.35714 2.5 0
6.28571 2 2.5 1
6.28571 7 2.85714 1
6.28571 6.64286 2.85714 0
6.28571 6.28571 2.85714 0
6.28571 5.92857 2.85714 0
6.28571 5.57143 2.85714 0
6.28571 5.21429 2.85714 0
6.28571 4.85714 2.85714 0
6.28571 4.5 2.85714 0
6.28571 4.14286 2.85714 0
6.28571 3.78571 2.85714 0
6.28571 3.42857 2.85714 0
6.28571 3.07143 2.85714 0
6.28571 2.71429 2.85714 0
6.28571 2.35714 2.85714 0
6.28571 2 2.85714 1
6.28571 7 3.21429 1
6.28571 6.64286 3.21429 0
6.28571 6.28571 3.21429 0
6.28571 5.92857 3.21429 0
6.28571 5.57143 3.21429 0
6.28571 5.21429 3.21429 0
6.28571 4.85714 3.21429 0
6.28571 4.5 3.21429 0
6.28571 4.14286 3.21429 0
6.28571 3.78571 3.21429 0
6.28571 3.42857 3.21429 0
6.28571 3.07143 3.21429 0
6.28571 2.71429 3.21429 0
6.28571 2.35714 3.21429 0
6.28571 2 3.21429 1
6.28571 7 3.57143 1
6.28571 6.64286 3.57143 0
6.28571 6.28571 3.57143 0
6.28571 5.92857 3.57143 0
6.28571 5.57143 3.57143 0
6.28571 5.21429 3.57143 0
6.28571 4.85714 3.57143 0
6.28571 4.5 3.57143 0
6.28571 4.14286 3.57143 0
6.28571 3.78571 3.57143 0
6.28571 3.42857 3.57143 0
6.28571 3.07143 3.57143 0
6.28571 2.71429 3.57143 0
6.28571 2.35714 3.57143 0
6.28571 2 3.57143 1
6.28571 7 3.92857 1
6.28571 6.64286 3.92857 0
6.28571 6.28571 3.92857 0
6.28571 5.92857 3.92857 0
6.28571 5.57143 3.92857 0
6.28571 5.21429 3.92857 0
6.28571 4.85714 3.92857 0
6.28571 4.5 3.92857 0
6.28571 4.14286 3.92857 0
6.28571 3.78571 3.92857 0
6.28571 3.42857 3.92857 0
6.28571 3.07143 3.92857 0
6.28571 2.71429 3.92857 0
6.28571 2.35714 3.92857 0
6.28571 2 3.92857 1
6.28571 7 4.28571 1
6.28571 6.64286 4.28571 0
6.28571 6.28571 4.28571 0
6.28571 5.92857 4.28571 0
6.28571 5.57143 4.28571 0
6.28571 5.21429 4.28571 0
6.28571 4.85714 4.28571 0
6.28571 4.5 4.28571 0
6.28571 4.14286 4.28571 0
6.28571 3.78571 4.28571 0
6.28571 3.42857 4.28571 0
6.28571 3.07143 4.28571 0
6.28571 2.71429 4.28571 0
6.28571 2.35714 4.28571 0
6.28571 2 4.28571 1
6.28571 7 4.64286 1
6.28571 6.64286 4.64286 0
6.28571 6.28571 4.64286 0
6.28571 5.92857 4.64286 0
6.28571 5.57143 4.64286 0
6.28571 5.21429 4.64286 0
6.28571 4.85714 4.64286 0
6.28571 4.5 4.64286 0
6.28571 4.14286 4.64286 0
6.28571 3.78571 4.64286 0
6.28571 3.42857 4.64286 0
6.28571 3.07143 4.64286 0
6.28571 2.71429 4.64286 0
6.28571 2.35714 4.64286 0
6.28571 2 4.64286 1
6.28571 7 5 1
6.28571 6.64286 5 1
6.28571 6.28571 5 1
6.28571 5.92857 5 1
6.28571 5.57143 5 1
6.28571 5.21429 5 1
6.28571 4.85714 5 1
6.28571 4.5 5 1
6.28571 4.14286 5 1
6.28571 3.78571 5 1
6.28571 3.42857 5 1
6.28571 3.07143 5 1
6.28571 2.71429 5 1
6.28571 2.35714 5 1
6.28571 2 5 1
5.92857 7 0 1
5.92857 6.64286 0 1
5.92857 6.28571 0 1
5.92857 5.92857 0 1
5.92857 5.57143 0 1
5.92857 5.21429 0 1
5.92857 4.85714 0 1
5.92857 4.5 0 1
5.92857 4.14286 0 1
5.92857 3.78571 0 1
5.92857 3.42857 0 1
5.92857 3.07143 0 1
5.92857 2.71429 0 1
5.92857 2.35714 0 1
5.92857 2 0 1
5.92857 7 0.357143 1
5.92857 6.64286 0.357143 0
5.92857 6.28571 0.357143 0
5.92857 5.92857 0.357143 0
5.92857 5.57143 0.357143 0
5.92857 5.21429 0.357143 0
5.92857 4.85714 0.357143 0
5.92857 4.5 0.357143 0
5.92857 4.14286 0.357143 0
5.92857 3.78571 0.357143 0
5.92857 3.42857 0.357143 0
5.92857 3.07143 0.357143 0
5.92857 2.71429 0.357143 0
5.92857 2.35714 0.357143 0
5.92857 2 0.357143 1
5.92857 7 0.714286 1
5.92857 6.64286 0.714286 0
5.92857 6.28571 0.714286 0
5.92857 5.92857 0.714286 0
5.92857 5.57143 0.714286 0
5.92857 5.21429 0.714286 0
5.92857 4.85714 0.714286 0
5.92857 4.5 0.714286 0
5.92857 4.14286 0.714286 0
5.92857 3.78571 0.714286 0
5.92857 3.42857 0.714286 0
5.92857 3.07143 0.714286 0
5.92857 2.71429 0.714286 0
5.92857 2.35714 0.714286 0
5.92857 2 0.714286 1
5.92857 7 1.07143 1
5.92857 6.64286 1.07143 0
5.92857 6.28571 1.07143 0
5.92857 5.92857 1.07143 0
5.92857 5.57143 1.07143 0
5.92857 5.21429 1.07143 0
5.92857 4.85714 1.07143 0
5.92857 4.5 1.07143 0
5.92857 4.14286 1.07143 0
5.92857 3.78571 1.07143 0
5.92857 3.42857 1.07143 0
5.92857 3.07143 1.07143 0
5.92857 2.71429 1.07143 0
5.92857 2.35714 1.07143 0
5.92857 2 1.07143 1
5.92857 7 1.42857 1
5.92857 6.64286 1.42857 0
5.92857 6.28571 1.42857 0
5.92857 5.92857 1.42857 0
5.92857 5.57143 1.42857 0
5.92857 5.21429 1.42857 0
5.92857 4.85714 1.42857 0
5.92857 4.5 1.42857 0
5.92857 4.14286 1.42857 0
5.92857 3.78571 1.42857 0
5.92857 3.42857 1.42857 0
5.92857 3.07143 1.42857 0
5.92857 2.71429 1.42857 0
5.92857 2.35714 1.42857 0
5.92857 2 1.42857 1
5.92857 7 1.78571 1
5.92857 6.64286 1.78571 0
5.92857 6.28571 1.78571 0
5.92857 5.92857 1.78571 0
5.92857 5.57143 1.78571 0
5.92857 5.21429 1.78571 0
5.92857 4.85714 1.78571 0
5.92857 4.5 1.78571 0
5.92857 4.14286 1.78571 0
5.92857 3.78571 1.78571 0
5.92857 3.42857 1.78571 0
5.92857 3.07143 1.78571 0
5.92857 2.71429 1.78571 0
5.92857 2.35714 1.78571 0
5.92857 2 1.78571 1
5.92857 7 2.14286 1
5.92857 6.64286 2.14286 0
5.92857 6.28571 2.14286 0
5.92857 5.92857 2.14286 0
5.92857 5.57143 2.14286 0
5.92857 5.21429 2.14286 0
5.92857 4.85714 2.14286 0
5.92857 4.5 2.14286 0
5.92857 4.14286 2.14286 0
5.92857 3.78571 2.14286 0
5.92857 3.42857 2.14286 0
5.92857 3.07143 2.14286 0
5.92857 2.71429 2.14286 0
5.92857 2.35714 2.14286 0
5.92857 2 2.14286 1
5.92857 7 2.5 1
5.92857 6.64286 2.5 0
5.92857 6.28571 2.5 0
5.92857 5.92857 2.5 0
5.92857 5.57143 2.5 0
5.92857 5.21429 2.5 0
5.92857 4.85714 2.5 0
5.92857 4.5 2.5 0
5.92857 4.14286 2.5 0
5.92857 3.78571 2.5 0
5.92857 3.42857 2.5 0
5.92857 3.07143 2.5 0
5.92857 2.71429 2.5 0
5.92857 2.35714 2.5 0
5.92857 2 2.5 1
5.92857 7 2.85714 1
5.92857 6.64286 2.85714 0
5.92857 6.28571 2.85714 0
5.92857 5.92857 2.85714 0
5.92857 5.57143 2.85714 0
5.92857 5.21429 2.85714 0
5.92857 4.85714 2.85714 0
5.92857 4.5 2.85714 0
5.92857 4.14286 2.85714 0
5.92857 3.78571 2.85714 0
5.92857 3.42857 2.85714 0
5.92857 3.07143 2.85714 0
5.92857 2.71429 2.85714 0
5.92857 2.35714 2.85714 0
5.92857 2 2.85714 1
5.92857 7 3.21429 1
5.92857 6.64286 3.21429 0
5.92857 6.28571 3.21429 0
5.92857 5.92857 3.21429 0
5.92857 5.57143 3.21429 0
5.92857 5.21429 3.21429 0
5.92857 4.85714 3.21429 0
5.92857 4.5 3.21429 0
5.92857 4.14286 3.21429 0
5.92857 3.78571 3.21429 0
5.92857 3.42857 3.21429 0
5.92857 3.07143 3.21429 0
5.92857 2.71429 3.21429 0
5.92857 2.35714 3.21429 0
5.92857 2 3.21429 1
5.92857 7 3.57143 1
5.92857 6.64286 3.57143 0
5.92857 6.28571 3.57143 0
5.92857 5.92857 3.57143 0
5.92857 5.57143 3.57143 0
5.92857 5.21429 3.57143 0
5.92857 4.85714 3.57143 0
5.92857 4.5 3.57143 0
5.92857 4.14286 3.57143 0
5.92857 3.78571 3.57143 0
5.92857 3.42857 3.57143 0
5.92857 3.07143 3.57143 0
5.92857 2.71429 3.57143 0
5.92857 2.35714 3.57143 0
5.92857 2 3.57143 1
5.92857 7 3.92857 1
5.92857 6.64286 3.92857 0
5.92857 6.28571 3.92857 0
5.92857 5.92857 3.92857 0
5.92857 5.57143 3.92857 0
5.92857 5.21429 3.92857 0
5.92857 4.85714 3.92857 0
5.92857 4.5 3.92857 0
5.92857 4.14286 3.92857 0
5.92857 3.78571 3.92857 0
5.92857 3.42857 3.92857 0
5.92857 3.07143 3.92857 0
5.92857 2.71429 3.92857 0
5.92857 2.35714 3.92857 0
5.92857 2 3.92857 1
5.92857 7 4.28571 1
5.92857 6.64286 4.28571 0
5.92857 6.28571 4.28571 0
5.92857 5.92857 4.28571 0
5.92857 5.57143 4.28571 0
5.92857 5.21429 4.28571 0
5.92857 4.85714 4.28571 0
5.92857 4.5 4.28571 0
5.92857 4.14286 4.28571 0
5.92857 3.78571 4.28571 0
5.92857 3.42857 4.28571 0
5.92857 3.07143 4.28571 0
5.92857 2.71429 4.28571 0
5.92857 2.35714 4.28571 0
5.92857 2 4.28571 1
5.92857 7 4.64286 1
5.92857 6.64286 4.64286 0
5.92857 6.28571 4.64286 0
5.92857 5.92857 4.64286 0
5.92857 5.57143 4.64286 0
5.92857 5.21429 4.64286 0
5.92857 4.85714 4.64286 0
5.92857 4.5 4.64286 0
5.92857 4.14286 4.64286 0
5.92857 3.78571 4.64286 0
5.92857 3.42857 4.64286 0
5.92857 3.07143 4.64286 0
5.92857 2.71429 4.64286 0
5.92857 2.35714 4.64286 0
5.92857 2 4.64286 1
5.92857 7 5 1
5.92857 6.64286 5 1
5.92857 6.28571 5 1
5.92857 5.92857 5 1
5.92857 5.57143 5 1
5.92857 5.21429 5 1
5.92857 4.85714 5 1
5.92857 4.5 5 1
5.92857 4.14286 5 1
5.92857 3.78571 5 1
5.92857 3.42857 5 1
5.92857 3.07143 5 1
5.92857 2.71429 5 1
5.92857 2.35714 5 1
5.92857 2 5 1
5.57143 7 0 1
5.57143 6.64286 0 1
5.57143 6.28571 0 1
5.57143 5.92857 0 1
5.57143 5.57143 0 1
5.57143 5.21429 0 1
5.57143 4.85714 0 1
5.57143 4.5 0 1
5.57143 4.14286 0 1
5.57143 3.78571 0 1
5.57143 3.42857 0 1
5.57143 3.07143 0 1
5.57143 2.71429 0 1
5.57143 2.35714 0 1
5.57143 2 0 1
5.57143 7 0.357143 1
5.57143 6.64286 0.357143 0
5.57143 6.28571 0.357143 0
5.57143 5.92857 0.357143 0
5.57143 5.57143 0.357143 0
5.57143 5.21429 0.357143 0
5.57143 4.85714 0.357143 0
5.57143 4.5 0.357143 0
5.57143 4.14286 0.357143 0
5.57143 3.78571 0.357143 0
5.57143 3.42857 0.357143 0
5.57143 3.07143 0.357143 0
5.57143 2.71429 0.357143 0
5.57143 2.35714 0.357143 0
5.57143 2 0.357143 1
5.57143 7 0.714286 1
5.57143 6.64286 0.714286 0
5.57143 6.28571 0.714286 0
5.57143 5.92857 0.714286 0
5.57143 5.57143 0.714286 0
5.57143 5.21429 0.714286 0
5.57143 4.85714 0.714286 0
5.57143 4.5 0.714286 0
5.57143 4.14286 0.714286 0
5.57143 3.78571 0.714286 0
5.57143 3.42857 0.714286 0
5.57143 3.07143 0.714286 0
5.57143 2.71429 0.714286 0
5.57143 2.35714 0.714286 0
5.57143 2 0.714286 1
5.57143 7 1.07143 1
5.57143 6.64286 1.07143 0
5.57143 6.28571 1.07143 0
5.57143 5.92857 1.07143 0
5.57143 5.57143 1.07143 0
5.57143 5.21429 1.07143 0
5.57143 4.85714 1.07143 0
5.57143 4.5 1.07143 0
5.57143 4.14286 1.07143 0
5.57143 3.78571 1.07143 0
5.57143 3.42857 1.07143 0
5.57143 3.07143 1.07143 0
5.57143 2.71429 1.07143 0
5.57143 2.35714 1.07143 0
5.57143 2 1.07143 1
5.57143 7 1.42857 1
5.57143 6.64286 1.42857 0
5.57143 6.28571 1.42857 0
5.57143 5.92857 1.42857 0
5.57143 5.57143 1.42857 0
5.57143 5.21429 1.42857 0
5.57143 4.85714 1.42857 0
5.57143 4.5 1.42857 0
5.57143 4.14286 1.42857 0
5.57143 3.78571 1.42857 0
5.57143 3.42857 1.42857 0
5.57143 3.07143 1.42857 0
5.57143 2.71429 1.42857 0
5.57143 2.35714 1.42857 0
5.57143 2 1.42857 1
5.57143 7 1.78571 1
5.57143 6.64286 1.78571 0
5.57143 6.28571 1.78571 0
5.57143 5.92857 1.78571 0
5.57143 5.57143 1.78571 0
5.57143 5.21429 1.78571 0
5.57143 4.85714 1.78571 0
5.57143 4.5 1.78571 0
5.57143 4.14286 1.78571 0
5.57143 3.78571 1.78571 0
5.57143 3.42857 1.78571 0
5.57143 3.07143 1.78571 0
5.57143 2.71429 1.78571 0
5.57143 2.35714 1.78571 0
5.57143 2 1.78571 1
5.57143 7 2.14286 1
5.57143 6.64286 2.14286 0
5.57143 6.28571 2.14286 0
5.57143 5.92857 2.14286 0
5.57143 5.57143 2.14286 0
5.57143 5.21429 2.14286 0
5.57143 4.85714 2.14286 0
5.57143 4.5 2.14286 0
5.57143 4.14286 2.14286 0
5.57143 3.78571 2.14286 0
5.57143 3.42857 2.14286 0
5.57143 3.07143 2.14286 0
5.57143 2.71429 2.14286 0
5.57143 2.35714 2.14286 0
5.57143 2 2.14286 1
5.57143 7 2.5 1
5.57143 6.64286 2.5 0
5.57143 6.28571 2.5 0
5.57143 5.92857 2.5 0
5.57143 5.57143 2.5 0
5.57143 5.21429 2.5 0
5.57143 4.85714 2.5 0
5.57143 4.5 2.5 0
5.57143 4.14286 2.5 0
5.57143 3.78571 2.5 0
5.57143 3.42857 2.5 0
5.57143 3.07143 2.5 0
5.57143 2.71429 2.5 0
5.57143 2.35714 2.5 0
5.57143 2 2.5 1
5.57143 7 2.85714 1
5.57143 6.64286 2.85714 0
5.57143 6.28571 2.85714 0
5.57143 5.92857 2.85714 0
5.57143 5.57143 2.85714 0
5.57143 5.21429 2.85714 0
5.57143 4.85714 2.85714 0
5.57143 4.5 2.85714 0
5.57143 4.14286 2.85714 0
5.57143 3.78571 2.85714 0
5.57143 3.42857 2.85714 0
5.57143 3.07143 2.85714 0
5.57143 2.71429 2.85714 0
5.57143 2.35714 2.85714 0
5.57143 2 2.85714 1
5.57143 7 3.21429 1
5.57143 6.64286 3.21429 0
5.57143 6.28571 3.21429 0
5.57143 5.92857 3.21429 0
5.57143 5.57143 3.21429 0
5.57143 5.21429 3.21429 0
5.57143 4.85714 3.21429 0
5.57143 4.5 3.21429 0
5.57143 4.14286 3.21429 0
5.57143 3.78571 3.21429 0
5.57143 3.42857 3.21429 0
5.57143 3.07143 3.21429 0
5.57143 2.71429 3.21429 0
5.57143 2.35714 3.21429 0
5.57143 2 3.21429 1
5.57143 7 3.57143 1
5.57143 6.64286 3.57143 0
5.57143 6.28571 3.57143 0
5.57143 5.92857 3.57143 0
5.57143 5.57143 3.57143 0
5.57143 5.21429 3.57143 0
5.57143 4.85714 3.57143 0
5.57143 4.5 3.57143 0
5.57143 4.14286 3.57143 0
5.57143 3.78571 3.57143 0
5.57143 3.42857 3.57143 0
5.57143 3.07143 3.57143 0
5.57143 2.71429 3.57143 0
5.57143 2.35714 3.57143 0
5.57143 2 3.57143 1
5.57143 7 3.92857 1
5.57143 6.64286 3.92857 0
5.57143 6.28571 3.92857 0
5.57143 5.92857 3.92857 0
5.57143 5.57143 3.92857 0
5.57143 5.21429 3.92857 0
5.57143 4.85714 3.92857 0
5.57143 4.5 3.92857 0
5.57143 4.14286 3.92857 0
5.57143 3.78571 3.92857 0
5.57143 3.42857 3.92857 0
5.57143 3.07143 3.92857 0
5.57143 2.71429 3.92857 0
5.57143 2.35714 3.92857 0
5.57143 2 3.92857 1
5.57143 7 4.28571 1
5.57143 6.64286 4.28571 0
5.57143 6.28571 4.28571 0
5.57143 5.92857 4.28571 0
5.57143 5.57143 4.28571 0
5.57143 5.21429 4.28571 0
5.57143 4.85714 4.28571 0
5.57143 4.5 4.28571 0
5.57143 4.14286 4.28571 0
5.57143 3.78571 4.28571 0
5.57143 3.42857 4.28571 0
5.57143 3.07143 4.28571 0
5.57143 2.71429 4.28571 0
5.57143 2.35714 4.28571 0
5.57143 2 4.28571 1
5.57143 7 4.64286 1
5.57143 6.64286 4.64286 0
5.57143 6.28571 4.64286 0
5.57143 5.92857 4.64286 0
5.57143 5.57143 4.64286 0
5.57143 5.21429 4.64286 0
5.57143 4.85714 4.64286 0
5.57143 4.5 4.64286 0
5.57143 4.14286 4.64286 0
5.57143 3.78571 4.64286 0
5.57143 3.42857 4.64286 0
5.57143 3.07143 4.64286 0
5.57143 2.71429 4.64286 0
5.57143 2.35714 4.64286 0
5.57143 2 4.64286 1
5.57143 7 5 1
5.57143 6.64286 5 1
5.57143 6.28571 5 1
5.57143 5.92857 5 1
5.57143 5.57143 5 1
5.57143 5.21429 5 1
5.57143 4.85714 5 1
5.57143 4.5 5 1
5.57143 4.14286 5 1
5.57143 3.78571 5 1
5.57143 3.42857 5 1
5.57143 3.07143 5 1
5.57143 2.71429 5 1
5.57143 2.35714 5 1
5.57143 2 5 0
5.21429 7 0 1
5.21429 6.64286 0 1
5.21429 6.28571 0 1
5.21429 5.92857 0 1
5.21429 5.57143 0 1
5.21429 5.21429 0 1
5.21429 4.85714 0 1
5.21429 4.5 0 1
5.21429 4.14286 0 1
5.21429 3.78571 0 1
5.21429 3.42857 0 1
5.21429 3.07143 0 1
5.21429 2.71429 0 1
5.21429 2.35714 0 1
5.21429 2 0 1
5.21429 7 0.357143 1
5.21429 6.64286 0.357143 0
5.21429 6.28571 0.357143 0
5.21429 5.92857 0.357143 0
5.21429 5.57143 0.357143 0
5.21429 5.21429 0.357143 0
5.21429 4.85714 0.357143 0
5.21429 4.5 0.357143 0
5.21429 4.14286 0.357143 0
5.21429 3.78571 0.357143 0
5.21429 3.42857 0.357143 0
5.21429 3.07143 0.357143 0
5.21429 2.71429 0.357143 0
5.21429 2.35714 0.357143 0
5.21429 2 0.357143 1
5.21429 7 0.714286 1
5.21429 6.64286 0.714286 0
5.21429 6.28571 0.714286 0
5.21429 5.92857 0.714286 0
5.21429 5.57143 0.714286 0
5.21429 5.21429 0.714286 0
5.21429 4.85714 0.714286 0
5.21429 4.5 0.714286 0
5.21429 4.14286 0.714286 0
5.21429 3.78571 0.714286 0
5.21429 3.42857 0.714286 0
5.21429 3.07143 0.714286 0
5.21429 2.71429 0.714286 0
5.21429 2.35714 0.714286 0
5.21429 2 0.714286 1
5.21429 7 1.07143 1
5.21429 6.64286 1.07143 0
5.21429 6.28571 1.07143 0
5.21429 5.92857 1.07143 0
5.21429 5.57143 1.07143 0
5.21429 5.21429 1.07143 0
5.21429 4.85714 1.07143 0
5.21429 4.5 1.07143 0
5.21429 4.14286 1.07143 0
5.21429 3.78571 1.07143 0
5.21429 3.42857 1.07143 0
5.21429 3.07143 1.07143 0
5.21429 2.71429 1.07143 0
5.21429 2.35714 1.07143 0
5.21429 2 1.07143 1
5.21429 7 1.42857 1
5.21429 6.64286 1.42857 0
5.21429 6.28571 1.42857 0
5.21429 5.92857 1.42857 0
5.21429 5.57143 1.42857 0
5.21429 5.21429 1.42857 0
5.21429 4.85714 1.42857 0
5.21429 4.5 1.42857 0
5.21429 4.14286 1.42857 0
5.21429 3.78571 1.42857 0
5.21429 3.42857 1.42857 0
5.21429 3.07143 1.42857 0
5.21429 2.71429 1.42857 0
5.21429 2.35714 1.42857 0
5.21429 2 1.42857 1
5.21429 7 1.78571 1
5.21429 6.64286 1.78571 0
5.21429 6.28571 1.78571 0
5.21429 5.92857 1.78571 0
5.21429 5.57143 1.78571 0
5.21429 5.21429 1.78571 0
5.21429 4.85714 1.78571 0
5.21429 4.5 1.78571 0
5.21429 4.14286 1.78571 0
5.21429 3.78571 1.78571 0
5.21429 3.42857 1.78571 0
5.21429 3.07143 1.78571 0
5.21429 2.71429 1.78571 0
5.21429 2.35714 1.78571 0
5.21429 2 1.78571 1
5.21429 7 2.14286 1
5.21429 6.64286 2.14286 0
5.21429 6.28571 2.14286 0
5.21429 5.92857 2.14286 0
5.21429 5.57143 2.14286 0
5.21429 5.21429 2.14286 0
5.21429 4.85714 2.14286 0
5.21429 4.5 2.14286 0
5.21429 4.14286 2.14286 0
5.21429 3.78571 2.14286 0
5.21429 3.42857 2.14286 0
5.21429 3.07143 2.14286 0
5.21429 2.71429 2.14286 0
5.21429 2.35714 2.14286 0
5.21429 2 2.14286 1
5.21429 7 2.5 1
5.21429 6.64286 2.5 0
5.21429 6.28571 2.5 0
5.21429 5.92857 2.5 0
5.21429 5.57143 2.5 0
5.21429 5.21429 2.5 0
5.21429 4.85714 2.5 0
5.21429 4.5 2.5 0
5.21429 4.14286 2.5 0
5.21429 3.78571 2.5 0
5.21429 3.42857 2.5 0
5.21429 3.07143 2.5 0
5.21429 2.71429 2.5 0
5.21429 2.35714 2.5 0
5.21429 2 2.5 1
5.21429 7 2.85714 0
5.21429 6.64286 2.85714 0
5.21429 6.28571 2.85714 0
5.21429 5.92857 2.85714 0
5.21429 5.57143 2.85714 0
5.21429 5.21429 2.85714 0
5.21429 4.85714 2.85714 0
5.21429 4.5 2.85714 0
5.21429 4.14286 2.85714 0
5.21429 3.78571 2.85714 0
5.21429 3.42857 2.85714 0
5.21429 3.07143 2.85714 0
5.21429 2.71429 2.85714 0
5.21429 2.35714 2.85714 0
5.21429 2 2.85714 0
5.21429 7 3.21429 0
5.21429 6.64286 3.21429 0
5.21429 6.28571 3.21429 0
5.21429 5.92857 3.21429 0
5.21429 5.57143 3.21429 0
5.21429 5.21429 3.21429 0
5.21429 4.85714 3.21429 0
5.21429 4.5 3.21429 0
5.21429 4.14286 3.21429 0
5.21429 3.78571 3.21429 0
5.21429 3.42857 3.21429 0
5.21429 3.07143 3.21429 0
5.21429 2.71429 3.21429 0
5.21429 2.35714 3.21429 0
5.21429 2 3.21429 0
5.21429 7 3.57143 0
5.21429 6.64286 3.57143 0
5.21429 6.28571 3.57143 0
5.21429 5.92857 3.57143 0
5.21429 5.57143 3.57143 0
5.21429 5.21429 3.57143 0
5.21429 4.85714 3.57143 0
5.21429 4.5 3.57143 0
5.21429 4.14286 3.57143 0
5.21429 3.78571 3.57143 0
5.21429 3.42857 3.57143 0
5.21429 3.07143 3.57143 0
5.21429 2.71429 3.57143 0
5.21429 2.35714 3.57143 0
5.21429 2 3.57143 0
5.21429 7 3.92857 0
5.21429 6.64286 3.92857 0
5.21429 6.28571 3.92857 0
5.21429 5.92857 3.92857 0
5.21429 5.57143 3.92857 0
5.21429 5.21429 3.92857 0
5.21429 4.85714 3.92857 0
5.21429 4.5 3.92857 0
5.21429 4.14286 3.92857 0
5.21429 3.78571 3.92857 0
5.21429 3.42857 3.92857 0
5.21429 3.07143 3.92857 0
5.21429 2.71429 3.92857 0
5.21429 2.35714 3.92857 0
5.21429 2 3.92857 0
5.21429 7 4.28571 0
5.21429 6.64286 4.28571 0
5.21429 6.28571 4.28571 0
5.21429 5.92857 4.28571 0
5.21429 5.57143 4.28571 0
5.21429 5.21429 4.28571 0
5.21429 4.85714 4.28571 0
5.21429 4.5 4.28571 0
5.21429 4.14286 4.28571 0
5.21429 3.78571 4.28571 0
5.21429 3.42857 4.28571 0
5.21429 3.07143 4.28571 0
5.21429 2.71429 4.28571 0
5.21429 2.35714 4.28571 0
5.21429 2 4.28571 0
5.21429 7 4.64286 0
5.21429 6.64286 4.64286 0
5.21429 6.28571 4.64286 0
5.21429 5.92857 4.64286 0
5.21429 5.57143 4.64286 0
5.21429 5.21429 4.64286 0
5.21429 4.85714 4.64286 0
5.21429 4.5 4.64286 0
5.21429 4.14286 4.64286 0
5.21429 3.78571 4.64286 0
5.21429 3.42857 4.64286 0
5.21429 3.07143 4.64286 0
5.21429 2.71429 4.64286 0
5.21429 2.35714 4.64286 0
5.21429 2 4.64286 0
5.21429 7 5 0
5.21429 6.64286 5 0
5.21429 6.28571 5 0
5.21429 5.92857 5 0
5.21429 5.57143 5 0
5.21429 5.21429 5 0
5.21429 4.85714 5 0
5.21429 4.5 5 0
5.21429 4.14286 5 0
5.21429 3.78571 5 0
5.21429 3.42857 5 0
5.21429 3.07143 5 0
5.21429 2.71429 5 0
5.21429 2.35714 5 0
5.21429 2 5 0
4.85714 7 0 0
4.85714 6.64286 0 0
4.85714 6.28571 0 0
4.85714 5.92857 0 0
4.85714 5.57143 0 0
4.85714 5.21429 0 0
4.85714 4.85714 0 0
4.85714 4.5 0 0
4.85714 4.14286 0 0
4.85714 3.78571 0 0
4.85714 3.42857 0 0
4.85714 3.07143 0 0
4.85714 2.71429 0 0
4.85714 2.35714 0 0
4.85714 2 0 0
4.85714 7 0.357143 0
4.85714 6.64286 0.357143 0
4.85714 6.28571 0.357143 0
4.85714 5.92857 0.357143 0
4.85714 5.57143 0.357143 0
4.85714 5.21429 0.357143 0
4.85714 4.85714 0.357143 0
4.85714 4.5 0.357143 0
4.85714 4.14286 0.357143 0
4.85714 3.78571 0.357143 0
4.85714 3.42857 0.357143 0
4.85714 3.07143 0.357143 0
4.85714 2.71429 0.357143 0
4.85714 2.35714 0.357143 0
4.85714 2 0.357143 0
4.85714 7 0.714286 0
4.85714 6.64286 0.714286 0
4.85714 6.28571 0.714286 0
4.85714 5.92857 0.714286 0
4.85714 5.57143 0.714286 0
4.85714 5.21429 0.714286 0
4.85714 4.85714 0.714286 0
4.85714 4.5 0.714286 0
4.85714 4.14286 0.714286 0
4.85714 3.78571 0.714286 0
4.85714 3.42857 0.714286 0
4.85714 3.07143 0.714286 0
4.85714 2.71429 0.714286 0
4.85714 2.35714 0.714286 0
4.85714 2 0.714286 0
4.85714 7 1.07143 0
4.85714 6.64286 1.07143 0
4.85714 6.28571 1.07143 0
4.85714 5.92857 1.07143 0
4.85714 5.57143 1.07143 0
4.85714 5.21429 1.07143 0
4.85714 4.85714 1.07143 0
4.85714 4.5 1.07143 0
4.85714 4.14286 1.07143 0
4.85714 3.78571 1.07143 0
4.85714 3.42857 1.07143 0
4.85714 3.07143 1.07143 0
4.85714 2.71429 1.07143 0
4.85714 2.35714 1.07143 0
4.85714 2 1.07143 0
4.85714 7 1.42857 0
4.85714 6.64286 1.42857 0
4.85714 6.28571 1.42857 0
4.85714 5.92857 1.42857 0
4.85714 5.57143 1.42857 0
4.85714 5.21429 1.42857 0
4.85714 4.85714 1.42857 0
4.85714 4.5 1.42857 0
4.85714 4.14286 1.42857 0
4.85714 3.78571 1.42857 0
4.85714 3.42857 1.42857 0
4.85714 3.07143 1.42857 0
4.85714 2.71429 1.42857 0
4.85714 2.35714 1.42857 0
4.85714 2 1.42857 0
4.85714 7 1.78571 0
4.85714 6.64286 1.78571 0
4.85714 6.28571 1.78571 0
4.85714 5.92857 1.78571 0
4.85714 5.57143 1.78571 0
4.85714 5.21429 1.78571 0
4.85714 4.85714 1.78571 0
4.85714 4.5 1.78571 0
4.85714 4.14286 1.78571 0
4.85714 3.78571 1.78571 0
4.85714 3.42857 1.78571 0
4.85714 3.07143 1.78571 0
4.85714 2.71429 1.78571 0
4.85714 2.35714 1.78571 0
4.85714 2 1.78571 0
4.85714 7 2.14286 0
4.85714 6.64286 2.14286 0
4.85714 6.28571 2.14286 0
4.85714 5.92857 2.14286 0
4.85714 5.57143 2.14286 0
4.85714 5.21429 2.14286 0
4.85714 4.85714 2.14286 0
4.85714 4.5 2.14286 0
4.85714 4.14286 2.14286 0
4.85714 3.78571 2.14286 0
4.85714 3.42857 2.14286 0
4.85714 3.07143 2.14286 0
4.85714 2.71429 2.14286 0
4.85714 2.35714 2.14286 0
4.85714 2 2.14286 0
4.85714 7 2.5 0
4.85714 6.64286 2.5 0
4.85714 6.28571 2.5 0
4.85714 5.92857 2.5 0
4.85714 5.57143 2.5 0
4.85714 5.21429 2.5 0
4.85714 4.85714 2.5 0
4.85714 4.5 2.5 0
4.85714 4.14286 2.5 0
4.85714 3.78571 2.5 0
4.85714 3.42857 2.5 0
4.85714 3.07143 2.5 0
4.85714 2.71429 2.5 0
4.85714 2.35714 2.5 0
4.85714 2 2.5 0
4.85714 7 2.85714 0
4.85714 6.64286 2.85714 0
4.85714 6.28571 2.85714 0
4.85714 5.92857 2.85714 0
4.85714 5.57143 2.85714 0
4.85714 5.21429 2.85714 0
4.85714 4.85714 2.85714 0
4.85714 4.5 2.85714 0
4.85714 4.14286 2.85714 0
4.85714 3.78571 2.85714 0
4.85714 3.42857 2.85714 0
4.85714 3.07143 2.85714 0
4.85714 2.71429 2.85714 0
4.85714 2.35714 2.85714 0
4.85714 2 2.85714 0
4.85714 7 3.21429 0
4.85714 6.64286 3.21429 0
4.85714 6.28571 3.21429 0
4.85714 5.92857 3.21429 0
4.85714 5.57143 3.21429 0
4.85714 5.21429 3.21429 0
4.85714 4.85714 3.21429 0
4.85714 4.5 3.21429 0
4.85714 4.14286 3.21429 0
4.85714 3.78571 3.21429 0
4.85714 3.42857 3.21429 0
4.85714 3.07143 3.21429 0
4.85714 2.71429 3.21429 0
4.85714 2.35714 3.21429 0
4.85714 2 3.21429 0
4.85714 7 3.57143 0
4.85714 6.64286 3.57143 0
4.85714 6.28571 3.57143 0
4.85714 5.92857 3.57143 0
4.85714 5.57143 3.57143 0
4.85714 5.21429 3.57143 0
4.85714 4.85714 3.57143 0
4.85714 4.5 3.57143 0
4.85714 4.14286 3.57143 0
4.85714 3.78571 3.57143 0
4.85714 3.42857 3.57143 0
4.85714 3.07143 3.57143 0
4.85714 2.71429 3.57143 0
4.85714 2.35714 3.57143 0
4.85714 2 3.57143 0
4.85714 7 3.92857 0
4.85714 6.64286 3.92857 0
4.85714 6.28571 3.92857 0
4.85714 5.92857 3.92857 0
4.85714 5.57143 3.92857 0
4.85714 5.21429 3.92857 0
4.85714 4.85714 3.92857 0
4.85714 4.5 3.92857 0
4.85714 4.14286 3.92857 0
4.85714 3.78571 3.92857 0
4.85714 3.42857 3.92857 0
4.85714 3.07143 3.92857 0
4.85714 2.71429 3.92857 0
4.85714 2.35714 3.92857 0
4.85714 2 3.92857 0
4.85714 7 4.28571 0
4.85714 6.64286 4.28571 0
4.85714 6.28571 4.28571 0
4.85714 5.92857 4.28571 0
4.85714 5.57143 4.28571 0
4.85714 5.21429 4.28571 0
4.85714 4.85714 4.28571 0
4.85714 4.5 4.28571 0
4.85714 4.14286 4.28571 0
4.85714 3.78571 4.28571 0
4.85714 3.42857 4.28571 0
4.85714 3.07143 4.28571 0
4.85714 2.71429 4.28571 0
4.85714 2.35714 4.28571 0
4.85714 2 4.28571 0
4.85714 7 4.64286 0
4.85714 6.64286 4.64286 0
4.85714 6.28571 4.64286 0
4.85714 5.92857 4.64286 0
4.85714 5.57143 4.64286 0
4.85714 5.21429 4.64286 0
4.85714 4.85714 4.64286 0
4.85714 4.5 4.64286 0
4.85714 4.14286 4.64286 0
4.85714 3.78571 4.64286 0
4.85714 3.42857 4.64286 0
4.85714 3.07143 4.64286 0
4.85714 2.71429 4.64286 0
4.85714 2.35714 4.64286 0
4.85714 2 4.64286 0
4.85714 7 5 0
4.85714 6.64286 5 0
4.85714 6.28571 5 0
4.85714 5.92857 5 0
4.85714 5.57143 5 0
4.85714 5.21429 5 0
4.85714 4.85714 5 0
4.85714 4.5 5 0
4.85714 4.14286 5 0
4.85714 3.78571 5 0
4.85714 3.42857 5 0
4.85714 3.07143 5 0
4.85714 2.71429 5 0
4.85714 2.35714 5 0
4.85714 2 5 0
4.5 7 0 0
4.5 6.64286 0 0
4.5 6.28571 0 0
4.5 5.92857 0 0
4.5 5.57143 0 0
4.5 5.21429 0 0
4.5 4.85714 0 0
4.5 4.5 0 0
4.5 4.14286 0 0
4.5 3.78571 0 0
4.5 3.42857 0 0
4.5 3.07143 0 0
4.5 2.71429 0 0
4.5 2.35714 0 0
4.5 2 0 0
4.5 7 0.357143 0
4.5 6.64286 0.357143 0
4.5 6.28571 0.357143 0
4.5 5.92857 0.357143 0
4.5 5.57143 0.357143 0
4.5 5.21429 0.357143 0
4.5 4.85714 0.357143 0
4.5 4.5 0.357143 0
4.5 4.14286 0.357143 0
4.5 3.78571 0.357143 0
4.5 3.42857 0.357143 0
4.5 3.07143 0.357143 0
4.5 2.71429 0.357143 0
4.5 2.35714 0.357143 0
4.5 2 0.357143 0
4.5 7 0.714286 0
4.5 6.64286 0.714286 0
4.5 6.28571 0.714286 0
4.5 5.92857 0.714286 0
4.5 5.57143 0.714286 0
4.5 5.21429 0.714286 0
4.5 4.85714 0.714286 0
4.5 4.5 0.714286 0
4.5 4.14286 0.714286 0
4.5 3.78571 0.714286 0
4.5 3.42857 0.714286 0
4.5 3.07143 0.714286 0
4.5 2.71429 0.714286 0
4.5 2.35714 0.714286 0
4.5 2 0.714286 0
4.5 7 1.07143 0
4.5 6.64286 1.07143 0
4.5 6.28571 1.07143 0
4.5 5.92857 1.07143 0
4.5 5.57143 1.07143 0
4.5 5.21429 1.07143 0
4.5 4.85714 1.07143 0
4.5 4.5 1.07143 0
4.5 4.14286 1.07143 0
4.5 3.78571 1.07143 0
4.5 3.42857 1.07143 0
4.5 3.07143 1.07143 0
4.5 2.71429 1.07143 0
4.5 2.35714 1.07143 0
4.5 2 1.07143 0
4.5 7 1.42857 0
4.5 6.64286 1.42857 0
4.5 6.28571 1.42857 0
4.5 5.92857 1.42857 0
4.5 5.57143 1.42857 0
4.5 5.21429 1.42857 0
4.5 4.85714 1.42857 0
4.5 4.5 1.42857 0
4.5 4.14286 1.42857 0
4.5 3.78571 1.42857 0
4.5 3.42857 1.42857 0
4.5 3.07143 1.42857 0
4.5 2.71429 1.42857 0
4.5 2.35714 1.42857 0
4.5 2 1.42857 0
4.5 7 1.78571 0
4.5 6.64286 1.78571 0
4.5 6.28571 1.78571 0
4.5 5.92857 1.78571 0
4.5 5.57143 1.78571 0
4.5 5.21429 1.78571 0
4.5 4.85714 1.78571 0
4.5 4.5 1.78571 0
4.5 4.14286 1.78571 0
4.5 3.78571 1.78571 0
4.5 3.42857 1.78571 0
4.5 3.07143 1.78571 0
4.5 2.71429 1.78571 0
4.5 2.35714 1.78571 0
4.5 2 1.78571 0
4.5 7 2.14286 0
4.5 6.64286 2.14286 0
4.5 6.28571 2.14286 0
4.5 5.92857 2.14286 0
4.5 5.57143 2.14286 0
4.5 5.21429 2.14286 0
4.5 4.85714 2.14286 0
4.5 4.5 2.14286 0
4.5 4.14286 2.14286 0
4.5 3.78571 2.14286 0
4.5 3.42857 2.14286 0
4.5 3.07143 2.14286 0
4.5 2.71429 2.14286 0
4.5 2.35714 2.14286 0
4.5 2 2.14286 0
4.5 7 2.5 0
4.5 6.64286 2.5 0
4.5 6.28571 2.5 0
4.5 5.92857 2.5 0
4.5 5.57143 2.5 0
4.5 5.21429 2.5 0
4.5 4.85714 2.5 0
4.5 4.5 2.5 0
4.5 4.14286 2.5 0
4.5 3.78571 2.5 0
4.5 3.42857 2.5 0
4.5 3.07143 2.5 0
4.5 2.71429 2.5 0
4.5 2.35714 2.5 0
4.5 2 2.5 0
4.5 7 2.85714 0
4.5 6.64286 2.85714 0
4.5 6.28571 2.85714 0
4.5 5.92857 2.85714 0
4.5 5.57143 2.85714 0
4.5 5.21429 2.85714 0
4.5 4.85714 2.85714 0
4.5 4.5 2.85714 0
4.5 4.14286 2.85714 0
4.5 3.78571 2.85714 0
4.5 3.42857 2.85714 0
4.5 3.07143 2.85714 0
4.5 2.71429 2.85714 0
4.5 2.35714 2.85714 0
4.5 2 2.85714 0
4.5 7 3.21429 0
4.5 6.64286 3.21429 0
4.5 6.28571 3.21429 0
4.5 5.92857 3.21429 0
4.5 5.57143 3.21429 0
4.5 5.21429 3.21429 0
4.5 4.85714 3.21429 0
4.5 4.5 3.21429 0
4.5 4.14286 3.21429 0
4.5 3.78571 3.21429 0
4.5 3.42857 3.21429 0
4.5 3.07143 3.21429 0
4.5 2.71429 3.21429 0
4.5 2.35714 3.21429 0
4.5 2 3.21429 0
4.5 7 3.57143 0
4.5 6.64286 3.57143 0
4.5 6.28571 3.57143 0
4.5 5.92857 3.57143 0
4.5 5.57143 3.57143 0
4.5 5.21429 3.57143 0
4.5 4.85714 3.57143 0
4.5 4.5 3.57143 0
4.5 4.14286 3.57143 0
4.5 3.78571 3.57143 0
4.5 3.42857 3.57143 0
4.5 3.07143 3.57143 0
4.5 2.71429 3.57143 0
4.5 2.35714 3.57143 0
4.5 2 3.57143 0
4.5 7 3.92857 0
4.5 6.64286 3.92857 0
4.5 6.28571 3.92857 0
4.5 5.92857 3.92857 0
4.5 5.57143 3.92857 0
4.5 5.21429 3.92857 0
4.5 4.85714 3.92857 0
4.5 4.5 3.92857 0
4.5 4.14286 3.92857 0
4.5 3.78571 3.92857 0
4.5 3.42857 3.92857 0
4.5 3.07143 3.92857 0
4.5 2.71429 3.92857 0
4.5 2.35714 3.92857 0
4.5 2 3.92857 0
4.5 7 4.28571 0
4.5 6.64286 4.28571 0
4.5 6.28571 4.28571 0
4.5 5.92857 4.28571 0
4.5 5.57143 4.28571 0
4.5 5.21429 4.28571 0
4.5 4.85714 4.28571 0
4.5 4.5 4.28571 0
4.5 4.14286 4.28571 0
4.5 3.78571 4.28571 0
4.5 3.42857 4.28571 0
4.5 3.07143 4.28571 0
4.5 2.71429 4.28571 0
4.5 2.35714 4.28571 0
4.5 2 4.28571 0
4.5 7 4.64286 0
4.5 6.64286 4.64286 0
4.5 6.28571 4.64286 0
4.5 5.92857 4.64286 0
4.5 5.57143 4.64286 0
4.5 5.21429 4.64286 0
4.5 4.85714 4.64286 0
4.5 4.5 4.64286 0
4.5 4.14286 4.64286 0
4.5 3.78571 4.64286 0
4.5 3.42857 4.64286 0
4.5 3.07143 4.64286 0
4.5 2.71429 4.64286 0
4.5 2.35714 4.64286 0
4.5 2 4.64286 0
4.5 7 5 0
4.5 6.64286 5 0
4.5 6.28571 5 0
4.5 5.92857 5 0
4.5 5.57143 5 0
4.5 5.21429 5 0
4.5 4.85714 5 0
4.5 4.5 5 0
4.5 4.14286 5 0
4.5 3.78571 5 0
4.5 3.42857 5 0
4.5 3.07143 5 0
4.5 2.71429 5 0
4.5 2.35714 5 0
4.5 2 5 0
4.14286 7 0 0
4.14286 6.64286 0 0
4.14286 6.28571 0 0
4.14286 5.92857 0 0
4.14286 5.57143 0 0
4.14286 5.21429 0 0
4.14286 4.85714 0 0
4.14286 4.5 0 0
4.14286 4.14286 0 0
4.14286 3.78571 0 0
4.14286 3.42857 0 0
4.14286 3.07143 0 0
4.14286 2.71429 0 0
4.14286 2.35714 0 0
4.14286 2 0 0
4.14286 7 0.357143 0
4.14286 6.64286 0.357143 0
4.14286 6.28571 0.357143 0
4.14286 5.92857 0.357143 0
4.14286 5.57143 0.357143 0
4.14286 5.21429 0.357143 0
4.14286 4.85714 0.357143 0
4.14286 4.5 0.357143 0
4.14286 4.14286 0.357143 0
4.14286 3.78571 0.357143 0
4.14286 3.42857 0.357143 0
4.14286 3.07143 0.357143 0
4.14286 2.71429 0.357143 0
4.14286 2.35714 0.357143 0
4.14286 2 0.357143 0
4.14286 7 0.714286 0
4.14286 6.64286 0.714286 0
4.14286 6.28571 0.714286 0
4.14286 5.92857 0.714286 0
4.14286 5.57143 0.714286 0
4.14286 5.21429 0.714286 0
4.14286 4.85714 0.714286 0
4.14286 4.5 0.714286 0
4.14286 4.14286 0.714286 0
4.14286 3.78571 0.714286 0
4.14286 3.42857 0.714286 0
4.14286 3.07143 0.714286 0
4.14286 2.71429 0.714286 0
4.14286 2.35714 0.714286 0
4.14286 2 0.714286 0
4.14286 7 1.07143 0
4.14286 6.64286 1.07143 0
4.14286 6.28571 1.07143 0
4.14286 5.92857 1.07143 0
4.14286 5.57143 1.07143 0
4.14286 5.21429 1.07143 0
4.14286 4.85714 1.07143 0
4.14286 4.5 1.07143 0
4.14286 4.14286 1.07143 0
4.14286 3.78571 1.07143 0
4.14286 3.42857 1.07143 0
4.14286 3.07143 1.07143 0
4.14286 2.71429 1.07143 0
4.14286 2.35714 1.07143 0
4.14286 2 1.07143 0
4.14286 7 1.42857 0
4.14286 6.64286 1.42857 0
4.14286 6.28571 1.42857 0
4.14286 5.92857 1.42857 0
4.14286 5.57143 1.42857 0
4.14286 5.21429 1.42857 0
4.14286 4.85714 1.42857 0
4.14286 4.5 1.42857 0
4.14286 4.14286 1.42857 0
4.14286 3.78571 1.42857 0
4.14286 3.42857 1.42857 0
4.14286 3.07143 1.42857 0
4.14286 2.71429 1.42857 0
4.14286 2.35714 1.42857 0
4.14286 2 1.42857 0
4.14286 7 1.78571 0
4.14286 6.64286 1.78571 0
4.14286 6.28571 1.78571 0
4.14286 5.92857 1.78571 0
4.14286 5.57143 1.78571 0
4.14286 5.21429 1.78571 0
4.14286 4.85714 1.78571 0
4.14286 4.5 1.78571 0
4.14286 4.14286 1.78571 0
4.14286 3.78571 1.78571 0
4.14286 3.42857 1.78571 0
4.14286 3.07143 1.78571 0
4.14286 2.71429 1.78571 0
4.14286 2.35714 1.78571 0
4.14286 2 1.78571 0
4.14286 7 2.14286 0
4.14286 6.64286 2.14286 0
4.14286 6.28571 2.14286 0
4.14286 5.92857 2.14286 0
4.14286 5.57143 2.14286 0
4.14286 5.21429 2.14286 0
4.14286 4.85714 2.14286 0
4.14286 4.5 2.14286 0
4.14286 4.14286 2.14286 0
4.14286 3.78571 2.14286 0
4.14286 3.42857 2.14286 0
4.14286 3.07143 2.14286 0
4.14286 2.71429 2.14286 0
4.14286 2.35714 2.14286 0
4.14286 2 2.14286 0
4.14286 7 2.5 0
4.14286 6.64286 2.5 0
4.14286 6.28571 2.5 0
4.14286 5.92857 2.5 0
4.14286 5.57143 2.5 0
4.14286 5.21429 2.5 0
4.14286 4.85714 2.5 0
4.14286 4.5 2.5 0
4.14286 4.14286 2.5 0
4.14286 3.78571 2.5 0
4.14286 3.42857 2.5 0
4.14286 3.07143 2.5 0
4.14286 2.71429 2.5 0
4.14286 2.35714 2.5 0
4.14286 2 2.5 0
4.14286 7 2.85714 0
4.14286 6.64286 2.85714 0
4.14286 6.28571 2.85714 0
4.14286 5.92857 2.85714 0
4.14286 5.57143 2.85714 0
4.14286 5.21429 2.85714 0
4.14286 4.85714 2.85714 0
4.14286 4.5 2.85714 0
4.14286 4.14286 2.85714 0
4.14286 3.78571 2.85714 0
4.14286 3.42857 2.85714 0
4.14286 3.07143 2.85714 0
4.14286 2.71429 2.85714 0
4.14286 2.35714 2.85714 0
4.14286 2 2.85714 0
4.14286 7 3.21429 0
4.14286 6.64286 3.21429 0
4.14286 6.28571 3.21429 0
4.14286 5.92857 3.21429 0
4.14286 5.57143 3.21429 0
4.14286 5.21429 3.21429 0
4.14286 4.85714 3.21429 0
4.14286 4.5 3.21429 0
4.14286 4.14286 3.21429 0
4.14286 3.78571 3.21429 0
4.14286 3.42857 3.21429 0
4.14286 3.07143 3.21429 0
4.14286 2.71429 3.21429 0
4.14286 2.35714 3.21429 0
4.14286 2 3.21429 0
4.14286 7 3.57143 0
4.14286 6.64286 3.57143 0
4.14286 6.28571 3.57143 0
4.14286 5.92857 3.57143 0
4.14286 5.57143 3.57143 0
4.14286 5.21429 3.57143 0
4.14286 4.85714 3.57143 0
4.14286 4.5 3.57143 0
4.14286 4.14286 3.57143 0
4.14286 3.78571 3.57143 0
4.14286 3.42857 3.57143 0
4.14286 3.07143 3.57143 0
4.14286 2.71429 3.57143 0
4.14286 2.35714 3.57143 0
4.14286 2 3.57143 0
4.14286 7 3.92857 0
4.14286 6.64286 3.92857 0
4.14286 6.28571 3.92857 0
4.14286 5.92857 3.92857 0
4.14286 5.57143 3.92857 0
4.14286 5.21429 3.92857 0
4.14286 4.85714 3.92857 0
4.14286 4.5 3.92857 0
4.14286 4.14286 3.92857 0
4.14286 3.78571 3.92857 0
4.14286 3.42857 3.92857 0
4.14286 3.07143 3.92857 0
4.14286 2.71429 3.92857 0
4.14286 2.35714 3.92857 0
4.14286 2 3.92857 0
4.14286 7 4.28571 0
4.14286 6.64286 4.28571 0
4.14286 6.28571 4.28571 0
4.14286 5.92857 4.28571 0
4.14286 5.57143 4.28571 0
4.14286 5.21429 4.28571 0
4.14286 4.85714 4.28571 0
4.14286 4.5 4.28571 0
4.14286 4.14286 4.28571 0
4.14286 3.78571 4.28571 0
4.14286 3.42857 4.28571 0
4.14286 3.07143 4.28571 0
4.14286 2.71429 4.28571 0
4.14286 2.35714 4.28571 0
4.14286 2 4.28571 0
4.14286 7 4.64286 0
4.14286 6.64286 4.64286 0
4.14286 6.28571 4.64286 0
4.14286 5.92857 4.64286 0
4.14286 5.57143 4.64286 0
4.14286 5.21429 4.64286 0
4.14286 4.85714 4.64286 0
4.14286 4.5 4.64286 0
4.14286 4.14286 4.64286 0
4.14286 3.78571 4.64286 0
4.14286 3.42857 4.64286 0
4.14286 3.07143 4.64286 0
4.14286 2.71429 4.64286 0
4.14286 2.35714 4.64286 0
4.14286 2 4.64286 0
4.14286 7 5 0
4.14286 6.64286 5 0
4.14286 6.28571 5 0
4.14286 5.92857 5 0
4.14286 5.57143 5 0
4.14286 5.21429 5 0
4.14286 4.85714 5 0
4.14286 4.5 5 0
4.14286 4.14286 5 0
4.14286 3.78571 5 0
4.14286 3.42857 5 0
4.14286 3.07143 5 0
4.14286 2.71429 5 0
4.14286 2.35714 5 0
4.14286 2 5 0
3.78571 7 0 0
3.78571 6.64286 0 0
3.78571 6.28571 0 0
3.78571 5.92857 0 0
3.78571 5.57143 0 0
3.78571 5.21429 0 0
3.78571 4.85714 0 0
3.78571 4.5 0 0
3.78571 4.14286 0 0
3.78571 3.78571 0 0
3.78571 3.42857 0 0
3.78571 3.07143 0 0
3.78571 2.71429 0 0
3.78571 2.35714 0 0
3.78571 2 0 0
3.78571 7 0.357143 0
3.78571 6.64286 0.357143 0
3.78571 6.28571 0.357143 0
3.78571 5.92857 0.357143 0
3.78571 5.57143 0.357143 0
3.78571 5.21429 0.357143 0
3.78571 4.85714 0.357143 0
3.78571 4.5 0.357143 0
3.78571 4.14286 0.357143 0
3.78571 3.78571 0.357143 0
3.78571 3.42857 0.357143 0
3.78571 3.07143 0.357143 0
3.78571 2.71429 0.357143 0
3.78571 2.35714 0.357143 0
3.78571 2 0.357143 0
3.78571 7 0.714286 0
3.78571 6.64286 0.714286 0
3.78571 6.28571 0.714286 0
3.78571 5.92857 0.714286 0
3.78571 5.57143 0.714286 0
3.78571 5.21429 0.714286 0
3.78571 4.85714 0.714286 0
3.78571 4.5 0.714286 0
3.78571 4.14286 0.714286 0
3.78571 3.78571 0.714286 0
3.78571 3.42857 0.714286 0
3.78571 3.07143 0.714286 0
3.78571 2.71429 0.714286 0
3.78571 2.35714 0.714286 0
3.78571 2 0.714286 0
3.78571 7 1.07143 0
3.78571 6.64286 1.07143 0
3.78571 6.28571 1.07143 0
3.78571 5.92857 1.07143 0
3.78571 5.57143 1.07143 0
3.78571 5.21429 1.07143 0
3.78571 4.85714 1.07143 0
3.78571 4.5 1.07143 0
3.78571 4.14286 1.07143 0
3.78571 3.78571 1.07143 0
3.78571 3.42857 1.07143 0
3.78571 3.07143 1.07143 0
3.78571 2.71429 1.07143 0
3.78571 2.35714 1.07143 0
3.78571 2 1.07143 0
3.78571 7 1.42857 0
3.78571 6.64286 1.42857 0
3.78571 6.28571 1.42857 0
3.78571 5.92857 1.42857 0
3.78571 5.57143 1.42857 0
3.78571 5.21429 1.42857 0
3.78571 4.85714 1.42857 0
3.78571 4.5 1.42857 0
3.78571 4.14286 1.42857 0
3.78571 3.78571 1.42857 0
3.78571 3.42857 1.42857 0
3.78571 3.07143 1.42857 0
3.78571 2.71429 1.42857 0
3.78571 2.35714 1.42857 0
3.78571 2 1.42857 0
3.78571 7 1.78571 0
3.78571 6.64286 1.78571 0
3.78571 6.28571 1.78571 0
3.78571 5.92857 1.78571 0
3.78571 5.57143 1.78571 0
3.78571 5.21429 1.78571 0
3.78571 4.85714 1.78571 0
3.78571 4.5 1.78571 0
3.78571 4.14286 1.78571 0
3.78571 3.78571 1.78571 0
3.78571 3.42857 1.78571 0
3.78571 3.07143 1.78571 0
3.78571 2.71429 1.78571 0
3.78571 2.35714 1.78571 0
3.78571 2 1.78571 0
3.78571 7 2.14286 0
3.78571 6.64286 2.14286 0
3.78571 6.28571 2.14286 0
3.78571 5.92857 2.14286 0
3.78571 5.57143 2.14286 0
3.78571 5.21429 2.14286 0
3.78571 4.85714 2.14286 0
3.78571 4.5 2.14286 0
3.78571 4.14286 2.14286 0
3.78571 3.78571 2.14286 0
3.78571 3.42857 2.14286 0
3.78571 3.07143 2.14286 0
3.78571 2.71429 2.14286 0
3.78571 2.35714 2.14286 0
3.78571 2 2.14286 0
3.78571 7 2.5 0
3.78571 6.64286 2.5 0
3.78571 6.28571 2.5 0
3.78571 5.92857 2.5 0
3.78571 5.57143 2.5 0
3.78571 5.21429 2.5 0
3.78571 4.85714 2.5 0
3.78571 4.5 2.5 0
3.78571 4.14286 2.5 0
3.78571 3.78571 2.5 0
3.78571 3.42857 2.5 0
3.78571 3.07143 2.5 0
3.78571 2.71429 2.5 0
3.78571 2.35714 2.5 0
3.78571 2 2.5 0
3.78571 7 2.85714 0
3.78571 6.64286 2.85714 0
3.78571 6.28571 2.85714 0
3.78571 5.92857 2.85714 0
3.78571 5.57143 2.85714 0
3.78571 5.21429 2.85714 0
3.78571 4.85714 2.85714 0
3.78571 4.5 2.85714 0
3.78571 4.14286 2.85714 0
3.78571 3.78571 2.85714 0
3.78571 3.42857 2.85714 0
3.78571 3.07143 2.85714 0
3.78571 2.71429 2.85714 0
3.78571 2.35714 2.85714 0
3.78571 2 2.85714 0
3.78571 7 3.21429 0
3.78571 6.64286 3.21429 0
3.78571 6.28571 3.21429 0
3.78571 5.92857 3.21429 0
3.78571 5.57143 3.21429 0
3.78571 5.21429 3.21429 0
3.78571 4.85714 3.21429 0
3.78571 4.5 3.21429 0
3.78571 4.14286 3.21429 0
3.78571 3.78571 3.21429 0
3.78571 3.42857 3.21429 0
3.78571 3.07143 3.21429 0
3.78571 2.71429 3.21429 0
3.78571 2.35714 3.21429 0
3.78571 2 3.21429 0
3.78571 7 3.57143 0
3.78571 6.64286 3.57143 0
3.78571 6.28571 3.57143 0
3.78571 5.92857 3.57143 0
3.78571 5.57143 3.57143 0
3.78571 5.21429 3.57143 0
3.78571 4.85714 3.57143 0
3.78571 4.5 3.57143 0
3.78571 4.14286 3.57143 0
3.78571 3.78571 3.57143 0
3.78571 3.42857 3.57143 0
3.78571 3.07143 3.57143 0
3.78571 2.71429 3.57143 0
3.78571 2.35714 3.57143 0
3.78571 2 3.57143 0
3.78571 7 3.92857 0
3.78571 6.64286 3.92857 0
3.78571 6.28571 3.92857 0
3.78571 5.92857 3.92857 0
3.78571 5.57143 3.92857 0
3.78571 5.21429 3.92857 0
3.78571 4.85714 3.92857 0
3.78571 4.5 3.92857 0
3.78571 4.14286 3.92857 0
3.78571 3.78571 3.92857 0
3.78571 3.42857 3.92857 0
3.78571 3.07143 3.92857 0
3.78571 2.71429 3.92857 0
3.78571 2.35714 3.92857 0
3.78571 2 3.92857 0
3.78571 7 4.28571 0
3.78571 6.64286 4.28571 0
3.78571 6.28571 4.28571 0
3.78571 5.92857 4.28571 0
3.78571 5.57143 4.28571 0
3.78571 5.21429 4.28571 0
3.78571 4.85714 4.28571 0
3.78571 4.5 4.28571 0
3.78571 4.14286 4.28571 0
3.78571 3.78571 4.28571 0
3.78571 3.42857 4.28571 0
3.78571 3.07143 4.28571 0
3.78571 2.71429 4.28571 0
3.78571 2.35714 4.28571 0
3.78571 2 4.28571 0
3.78571 7 4.64286 0
3.78571 6.64286 4.64286 0
3.78571 6.28571 4.64286 0
3.78571 5.92857 4.64286 0
3.78571 5.57143 4.64286 0
3.78571 5.21429 4.64286 0
3.78571 4.85714 4.64286 0
3.78571 4.5 4.64286 0
3.78571 4.14286 4.64286 0
3.78571 3.78571 4.64286 0
3.78571 3.42857 4.64286 0
3.78571 3.07143 4.64286 0
3.78571 2.71429 4.64286 0
3.78571 2.35714 4.64286 0
3.78571 2 4.64286 0
3.78571 7 5 0
3.78571 6.64286 5 0
3.78571 6.28571 5 0
3.78571 5.92857 5 0
3.78571 5.57143 5 0
3.78571 5.21429 5 0
3.78571 4.85714 5 0
3.78571 4.5 5 0
3.78571 4.14286 5 0
3.78571 3.78571 5 0
3.78571 3.42857 5 0
3.78571 3.07143 5 0
3.78571 2.71429 5 0
3.78571 2.35714 5 0
3.78571 2 5 0
3.42857 7 0 0
3.42857 6.64286 0 0
3.42857 6.28571 0 0
3.42857 5.92857 0 0
3.42857 5.57143 0 0
3.42857 5.21429 0 0
3.42857 4.85714 0 0
3.42857 4.5 0 0
3.42857 4.14286 0 0
3.42857 3.78571 0 0
3.42857 3.42857 0 0
3.42857 3.07143 0 0
3.42857 2.71429 0 0
3.42857 2.35714 0 0
3.42857 2 0 0
3.42857 7 0.357143 0
3.42857 6.64286 0.357143 0
3.42857 6.28571 0.357143 0
3.42857 5.92857 0.357143 0
3.42857 5.57143 0.357143 0
3.42857 5.21429 0.357143 0
3.42857 4.85714 0.357143 0
3.42857 4.5 0.357143 0
3.42857 4.14286 0.357143 0
3.42857 3.78571 0.357143 0
3.42857 3.42857 0.357143 0
3.42857 3.07143 0.357143 0
3.42857 2.71429 0.357143 0
3.42857 2.35714 0.357143 0
3.42857 2 0.357143 0
3.42857 7 0.714286 0
3.42857 6.64286 0.714286 0
3.42857 6.28571 0.714286 0
3.42857 5.92857 0.714286 0
3.42857 5.57143 0.714286 0
3.42857 5.21429 0.714286 0
3.42857 4.85714 0.714286 0
3.42857 4.5 0.714286 0
3.42857 4.14286 0.714286 0
3.42857 3.78571 0.714286 0
3.42857 3.42857 0.714286 0
3.42857 3.07143 0.714286 0
3.42857 2.71429 0.714286 0
3.42857 2.35714 0.714286 0
3.42857 2 0.714286 0
3.42857 7 1.07143 0
3.42857 6.64286 1.07143 0
3.42857 6.28571 1.07143 0
3.42857 5.92857 1.07143 0
3.42857 5.57143 1.07143 0
3.42857 5.21429 1.07143 0
3.42857 4.85714 1.07143 0
3.42857 4.5 1.07143 0
3.42857 4.14286 1.07143 0
3.42857 3.78571 1.07143 0
3.42857 3.42857 1.07143 0
3.42857 3.07143 1.07143 0
3.42857 2.71429 1.07143 0
3.42857 2.35714 1.07143 0
3.42857 2 1.07143 0
3.42857 7 1.42857 0
3.42857 6.64286 1.42857 0
3.42857 6.28571 1.42857 0
3.42857 5.92857 1.42857 0
3.42857 5.57143 1.42857 0
3.42857 5.21429 1.42857 0
3.42857 4.85714 1.42857 0
3.42857 4.5 1.42857 0
3.42857 4.14286 1.42857 0
3.42857 3.78571 1.42857 0
3.42857 3.42857 1.42857 0
3.42857 3.07143 1.42857 0
3.42857 2.71429 1.42857 0
3.42857 2.35714 1.42857 0
3.42857 2 1.42857 0
3.42857 7 1.78571 0
3.42857 6.64286 1.78571 0
3.42857 6.28571 1.78571 0
3.42857 5.92857 1.78571 0
3.42857 5.57143 1.78571 0
3.42857 5.21429 1.78571 0
3.42857 4.85714 1.78571 0
3.42857 4.5 1.78571 0
3.42857 4.14286 1.78571 0
3.42857 3.78571 1.78571 0
3.42857 3.42857 1.78571 0
3.42857 3.07143 1.78571 0
3.42857 2.71429 1.78571 0
3.42857 2.35714 1.78571 0
3.42857 2 1.78571 0
3.42857 7 2.14286 0
3.42857 6.64286 2.14286 0
3.42857 6.28571 2.14286 0
3.42857 5.92857 2.14286 0
3.42857 5.57143 2.14286 0
3.42857 5.21429 2.14286 0
3.42857 4.85714 2.14286 0
3.42857 4.5 2.14286 0
3.42857 4.14286 2.14286 0
3.42857 3.78571 2.14286 0
3.42857 3.42857 2.14286 0
3.42857 3.07143 2.14286 0
3.42857 2.71429 2.14286 0
3.42857 2.35714 2.14286 0
3.42857 2 2.14286 0
3.42857 7 2.5 0
3.42857 6.64286 2.5 0
3.42857 6.28571 2.5 0
3.42857 5.92857 2.5 0
3.42857 5.57143 2.5 0
3.42857 5.21429 2.5 0
3.42857 4.85714 2.5 0
3.42857 4.5 2.5 0
3.42857 4.14286 2.5 0
3.42857 3.78571 2.5 0
3.42857 3.42857 2.5 0
3.42857 3.07143 2.5 0
3.42857 2.71429 2.5 0
3.42857 2.35714 2.5 0
3.42857 2 2.5 0
3.42857 7 2.85714 0
3.42857 6.64286 2.85714 0
3.42857 6.28571 2.85714 0
3.42857 5.92857 2.85714 0
3.42857 5.57143 2.85714 0
3.42857 5.21429 2.85714 0
3.42857 4.85714 2.85714 0
3.42857 4.5 2.85714 0
3.42857 4.14286 2.85714 0
3.42857 3.78571 2.85714 0
3.42857 3.42857 2.85714 0
3.42857 3.07143 2.85714 0
3.42857 2.71429 2.85714 0
3.42857 2.35714 2.85714 0
3.42857 2 2.85714 0
3.42857 7 3.21429 0
3.42857 6.64286 3.21429 0
3.42857 6.28571 3.21429 0
3.42857 5.92857 3.21429 0
3.42857 5.57143 3.21429 0
3.42857 5.21429 3.21429 0
3.42857 4.85714 3.21429 0
3.42857 4.5 3.21429 0
3.42857 4.14286 3.21429 0
3.42857 3.78571 3.21429 0
3.42857 3.42857 3.21429 0
3.42857 3.07143 3.21429 0
3.42857 2.71429 3.21429 0
3.42857 2.35714 3.21429 0
3.42857 2 3.21429 0
3.42857 7 3.57143 0
3.42857 6.64286 3.57143 0
3.42857 6.28571 3.57143 0
3.42857 5.92857 3.57143 0
3.42857 5.57143 3.57143 0
3.42857 5.21429 3.57143 0
3.42857 4.85714 3.57143 0
3.42857 4.5 3.57143 0
3.42857 4.14286 3.57143 0
3.42857 3.78571 3.57143 0
3.42857 3.42857 3.57143 0
3.42857 3.07143 3.57143 0
3.42857 2.71429 3.57143 0
3.42857 2.35714 3.57143 0
3.42857 2 3.57143 0
3.42857 7 3.92857 0
3.42857 6.64286 3.92857 0
3.42857 6.28571 3.92857 0
3.42857 5.92857 3.92857 0
3.42857 5.57143 3.92857 0
3.42857 5.21429 3.92857 0
3.42857 4.85714 3.92857 0
3.42857 4.5 3.92857 0
3.42857 4.14286 3.92857 0
3.42857 3.78571 3.92857 0
3.42857 3.42857 3.92857 0
3.42857 3.07143 3.92857 0
3.42857 2.71429 3.92857 0
3.42857 2.35714 3.92857 0
3.42857 2 3.92857 0
3.42857 7 4.28571 0
3.42857 6.64286 4.28571 0
3.42857 6.28571 4.28571 0
3.42857 5.92857 4.28571 0
3.42857 5.57143 4.28571 0
3.42857 5.21429 4.28571 0
3.42857 4.85714 4.28571 0
3.42857 4.5 4.28571 0
3.42857 4.14286 4.28571 0
3.42857 3.78571 4.28571 0
3.42857 3.42857 4.28571 0
3.42857 3.07143 4.28571 0
3.42857 2.71429 4.28571 0
3.42857 2.35714 4.28571 0
3.42857 2 4.28571 0
3.42857 7 4.64286 0
3.42857 6.64286 4.64286 0
3.42857 6.28571 4.64286 0
3.42857 5.92857 4.64286 0
3.42857 5.57143 4.64286 0
3.42857 5.21429 4.64286 0
3.42857 4.85714 4.64286 0
3.42857 4.5 4.64286 0
3.42857 4.14286 4.64286 0
3.42857 3.78571 4.64286 0
3.42857 3.42857 4.64286 0
3.42857 3.07143 4.64286 0
3.42857 2.71429 4.64286 0
3.42857 2.35714 4.64286 0
3.42857 2 4.64286 0
3.42857 7 5 0
3.42857 6.64286 5 0
3.42857 6.28571 5 0
3.42857 5.92857 5 0
3.42857 5.57143 5 0
3.42857 5.21429 5 0
3.42857 4.85714 5 0
3.42857 4.5 5 0
3.42857 4.14286 5 0
3.42857 3.78571 5 0
3.42857 3.42857 5 0
3.42857 3.07143 5 0
3.42857 2.71429 5 0
3.42857 2.35714 5 0
3.42857 2 5 0
3.07143 7 0 0
3.07143 6.64286 0 0
3.07143 6.28571 0 0
3.07143 5.92857 0 0
3.07143 5.57143 0 0
3.07143 5.21429 0 0
3.07143 4.85714 0 0
3.07143 4.5 0 0
3.07143 4.14286 0 0
3.07143 3.78571 0 0
3.07143 3.42857 0 0
3.07143 3.07143 0 0
3.07143 2.71429 0 0
3.07143 2.35714 0 0
3.07143 2 0 0
3.07143 7 0.357143 0
3.07143 6.64286 0.357143 0
3.07143 6.28571 0.357143 0
3.07143 5.92857 0.357143 0
3.07143 5.57143 0.357143 0
3.07143 5.21429 0.357143 0
3.07143 4.85714 0.357143 0
3.07143 4.5 0.357143 0
3.07143 4.14286 0.357143 0
3.07143 3.78571 0.357143 0
3.07143 3.42857 0.357143 0
3.07143 3.07143 0.357143 0
3.07143 2.71429 0.357143 0
3.07143 2.35714 0.357143 0
3.07143 2 0.357143 0
3.07143 7 0.714286 0
3.07143 6.64286 0.714286 0
3.07143 6.28571 0.714286 0
3.07143 5.92857 0.714286 0
3.07143 5.57143 0.714286 0
3.07143 5.21429 0.714286 0
3.07143 4.85714 0.714286 0
3.07143 4.5 0.714286 0
3.07143 4.14286 0.714286 0
3.07143 3.78571 0.714286 0
3.07143 3.42857 0.714286 0
3.07143 3.07143 0.714286 0
3.07143 2.71429 0.714286 0
3.07143 2.35714 0.714286 0
3.07143 2 0.714286 0
3.07143 7 1.07143 0
3.07143 6.64286 1.07143 0
3.07143 6.28571 1.07143 0
3.07143 5.92857 1.07143 0
3.07143 5.57143 1.07143 0
3.07143 5.21429 1.07143 0
3.07143 4.85714 1.07143 0
3.07143 4.5 1.07143 0
3.07143 4.14286 1.07143 0
3.07143 3.78571 1.07143 0
3.07143 3.42857 1.07143 0
3.07143 3.07143 1.07143 0
3.07143 2.71429 1.07143 0
3.07143 2.35714 1.07143 0
3.07143 2 1.07143 0
3.07143 7 1.42857 0
3.07143 6.64286 1.42857 0
3.07143 6.28571 1.42857 0
3.07143 5.92857 1.42857 0
3.07143 5.57143 1.42857 0
3.07143 5.21429 1.42857 0
3.07143 4.85714 1.42857 0
3.07143 4.5 1.42857 0
3.07143 4.14286 1.42857 0
3.07143 3.78571 1.42857 0
3.07143 3.42857 1.42857 0
3.07143 3.07143 1.42857 0
3.07143 2.71429 1.42857 0
3.07143 2.35714 1.42857 0
3.07143 2 1.42857 0
3.07143 7 1.78571 0
3.07143 6.64286 1.78571 0
3.07143 6.28571 1.78571 0
3.07143 5.92857 1.78571 0
3.07143 5.57143 1.78571 0
3.07143 5.21429 1.78571 0
3.07143 4.85714 1.78571 0
3.07143 4.5 1.78571 0
3.07143 4.14286 1.78571 0
3.07143 3.78571 1.78571 0
3.07143 3.42857 1.78571 0
3.07143 3.07143 1.78571 0
3.07143 2.71429 1.78571 0
3.07143 2.35714 1.78571 0
3.07143 2 1.78571 0
3.07143 7 2.14286 0
3.07143 6.64286 2.14286 0
3.07143 6.28571 2.14286 0
3.07143 5.92857 2.14286 0
3.07143 5.57143 2.14286 0
3.07143 5.21429 2.14286 0
3.07143 4.85714 2.14286 0
3.07143 4.5 2.14286 0
3.07143 4.14286 2.14286 0
3.07143 3.78571 2.14286 0
3.07143 3.42857 2.14286 0
3.07143 3.07143 2.14286 0
3.07143 2.71429 2.14286 0
3.07143 2.35714 2.14286 0
3.07143 2 2.14286 0
3.07143 7 2.5 0
3.07143 6.64286 2.5 0
3.07143 6.28571 2.5 0
3.07143 5.92857 2.5 0
3.07143 5.57143 2.5 0
3.07143 5.21429 2.5 0
3.07143 4.85714 2.5 0
3.07143 4.5 2.5 0
3.07143 4.14286 2.5 0
3.07143 3.78571 2.5 0
3.07143 3.42857 2.5 0
3.07143 3.07143 2.5 0
3.07143 2.71429 2.5 0
3.07143 2.35714 2.5 0
3.07143 2 2.5 0
3.07143 7 2.85714 0
3.07143 6.64286 2.85714 0
3.07143 6.28571 2.85714 0
3.07143 5.92857 2.85714 0
3.07143 5.57143 2.85714 0
3.07143 5.21429 2.85714 0
3.07143 4.85714 2.85714 0
3.07143 4.5 2.85714 0
3.07143 4.14286 2.85714 0
3.07143 3.78571 2.85714 0
3.07143 3.42857 2.85714 0
3.07143 3.07143 2.85714 0
3.07143 2.71429 2.85714 0
3.07143 2.35714 2.85714 0
3.07143 2 2.85714 0
3.07143 7 3.21429 0
3.07143 6.64286 3.21429 0
3.07143 6.28571 3.21429 0
3.07143 5.92857 3.21429 0
3.07143 5.57143 3.21429 0
3.07143 5.21429 3.21429 0
3.07143 4.85714 3.21429 0
3.07143 4.5 3.21429 0
3.07143 4.14286 3.21429 0
3.07143 3.78571 3.21429 0
3.07143 3.42857 3.21429 0
3.07143 3.07143 3.21429 0
3.07143 2.71429 3.21429 0
3.07143 2.35714 3.21429 0
3.07143 2 3.21429 0
3.07143 7 3.57143 0
3.07143 6.64286 3.57143 0
3.07143 6.28571 3.57143 0
3.07143 5.92857 3.57143 0
3.07143 5.57143 3.57143 0
3.07143 5.21429 3.57143 0
3.07143 4.85714 3.57143 0
3.07143 4.5 3.57143 0
3.07143 4.14286 3.57143 0
3.07143 3.78571 3.57143 0
3.07143 3.42857 3.57143 0
3.07143 3.07143 3.57143 0
3.07143 2.71429 3.57143 0
3.07143 2.35714 3.57143 0
3.07143 2 3.57143 0
3.07143 7 3.92857 0
3.07143 6.64286 3.92857 0
3.07143 6.28571 3.92857 0
3.07143 5.92857 3.92857 0
3.07143 5.57143 3.92857 0
3.07143 5.21429 3.92857 0
3.07143 4.85714 3.92857 0
3.07143 4.5 3.92857 0
3.07143 4.14286 3.92857 0
3.07143 3.78571 3.92857 0
3.07143 3.42857 3.92857 0
3.07143 3.07143 3.92857 0
3.07143 2.71429 3.92857 0
3.07143 2.35714 3.92857 0
3.07143 2 3.92857 0
3.07143 7 4.28571 0
3.07143 6.64286 4.28571 0
3.07143 6.28571 4.28571 0
3.07143 5.92857 4.28571 0
3.07143 5.57143 4.28571 0
3.07143 5.21429 4.28571 0
3.07143 4.85714 4.28571 0
3.07143 4.5 4.28571 0
3.07143 4.14286 4.28571 0
3.07143 3.78571 4.28571 0
3.07143 3.42857 4.28571 0
3.07143 3.07143 4.28571 0
3.07143 2.71429 4.28571 0
3.07143 2.35714 4.28571 0
3.07143 2 4.28571 0
3.07143 7 4.64286 0
3.07143 6.64286 4.64286 0
3.07143 6.28571 4.64286 0
3.07143 5.92857 4.64286 0
3.07143 5.57143 4.64286 0
3.07143 5.21429 4.64286 0
3.07143 4.85714 4.64286 0
3.07143 4.5 4.64286 0
3.07143 4.14286 4.64286 0
3.07143 3.78571 4.64286 0
3.07143 3.42857 4.64286 0
3.07143 3.07143 4.64286 0
3.07143 2.71429 4.64286 0
3.07143 2.35714 4.64286 0
3.07143 2 4.64286 0
3.07143 7 5 0
3.07143 6.64286 5 0
3.07143 6.28571 5 0
3.07143 5.92857 5 0
3.07143 5.57143 5 0
3.07143 5.21429 5 0
3.07143 4.85714 5 0
3.07143 4.5 5 0
3.07143 4.14286 5 0
3.07143 3.78571 5 0
3.07143 3.42857 5 0
3.07143 3.07143 5 0
3.07143 2.71429 5 0
3.07143 2.35714 5 0
3.07143 2 5 0
2.71429 7 0 0
2.71429 6.64286 0 0
2.71429 6.28571 0 0
2.71429 5.92857 0 0
2.71429 5.57143 0 0
2.71429 5.21429 0 0
2.71429 4.85714 0 0
2.71429 4.5 0 0
2.71429 4.14286 0 0
2.71429 3.78571 0 0
2.71429 3.42857 0 0
2.71429 3.07143 0 0
2.71429 2.71429 0 0
2.71429 2.35714 0 0
2.71429 2 0 0
2.71429 7 0.357143 0
2.71429 6.64286 0.357143 0
2.71429 6.28571 0.357143 0
2.71429 5.92857 0.357143 0
2.71429 5.57143 0.357143 0
2.71429 5.21429 0.357143 0
2.71429 4.85714 0.357143 0
2.71429 4.5 0.357143 0
2.71429 4.14286 0.357143 0
2.71429 3.78571 0.357143 0
2.71429 3.42857 0.357143 0
2.71429 3.07143 0.357143 0
2.71429 2.71429 0.357143 0
2.71429 2.35714 0.357143 0
2.71429 2 0.357143 0
2.71429 7 0.714286 0
2.71429 6.64286 0.714286 0
2.71429 6.28571 0.714286 0
2.71429 5.92857 0.714286 0
2.71429 5.57143 0.714286 0
2.71429 5.21429 0.714286 0
2.71429 4.85714 0.714286 0
2.71429 4.5 0.714286 0
2.71429 4.14286 0.714286 0
2.71429 3.78571 0.714286 0
2.71429 3.42857 0.714286 0
2.71429 3.07143 0.714286 0
2.71429 2.71429 0.714286 0
2.71429 2.35714 0.714286 0
2.71429 2 0.714286 0
2.71429 7 1.07143 0
2.71429 6.64286 1.07143 0
2.71429 6.28571 1.07143 0
2.71429 5.92857 1.07143 0
2.71429 5.57143 1.07143 0
2.71429 5.21429 1.07143 0
2.71429 4.85714 1.07143 0
2.71429 4.5 1.07143 0
2.71429 4.14286 1.07143 0
2.71429 3.78571 1.07143 0
2.71429 3.42857 1.07143 0
2.71429 3.07143 1.07143 0
2.71429 2.71429 1.07143 0
2.71429 2.35714 1.07143 0
2.71429 2 1.07143 0
2.71429 7 1.42857 0
2.71429 6.64286 1.42857 0
2.71429 6.28571 1.42857 0
2.71429 5.92857 1.42857 0
2.71429 5.57143 1.42857 0
2.71429 5.21429 1.42857 0
2.71429 4.85714 1.42857 0
2.71429 4.5 1.42857 0
2.71429 4.14286 1.42857 0
2.71429 3.78571 1.42857 0
2.71429 3.42857 1.42857 0
2.71429 3.07143 1.42857 0
2.71429 2.71429 1.42857 0
2.71429 2.35714 1.42857 0
2.71429 2 1.42857 0
2.71429 7 1.78571 0
2.71429 6.64286 1.78571 0
2.71429 6.28571 1.78571 0
2.71429 5.92857 1.78571 0
2.71429 5.57143 1.78571 0
2.71429 5.21429 1.78571 0
2.71429 4.85714 1.78571 0
2.71429 4.5 1.78571 0
2.71429 4.14286 1.78571 0
2.71429 3.78571 1.78571 0
2.71429 3.42857 1.78571 0
2.71429 3.07143 1.78571 0
2.71429 2.71429 1.78571 0
2.71429 2.35714 1.78571 0
2.71429 2 1.78571 0
2.71429 7 2.14286 0
2.71429 6.64286 2.14286 0
2.71429 6.28571 2.14286 0
2.71429 5.92857 2.14286 0
2.71429 5.57143 2.14286 0
2.71429 5.21429 2.14286 0
2.71429 4.85714 2.14286 0
2.71429 4.5 2.14286 0
2.71429 4.14286 2.14286 0
2.71429 3.78571 2.14286 0
2.71429 3.42857 2.14286 0
2.71429 3.07143 2.14286 0
2.71429 2.71429 2.14286 0
2.71429 2.35714 2.14286 0
2.71429 2 2.14286 0
2.71429 7 2.5 0
2.71429 6.64286 2.5 0
2.71429 6.28571 2.5 0
2.71429 5.92857 2.5 0
2.71429 5.57143 2.5 0
2.71429 5.21429 2.5 0
2.71429 4.85714 2.5 0
2.71429 4.5 2.5 0
2.71429 4.14286 2.5 0
2.71429 3.78571 2.5 0
2.71429 3.42857 2.5 0
2.71429 3.07143 2.5 0
2.71429 2.71429 2.5 0
2.71429 2.35714 2.5 0
2.71429 2 2.5 0
2.71429 7 2.85714 0
2.71429 6.64286 2.85714 0
2.71429 6.28571 2.85714 0
2.71429 5.92857 2.85714 0
2.71429 5.57143 2.85714 0
2.71429 5.21429 2.85714 0
2.71429 4.85714 2.85714 0
2.71429 4.5 2.85714 0
2.71429 4.14286 2.85714 0
2.71429 3.78571 2.85714 0
2.71429 3.42857 2.85714 0
2.71429 3.07143 2.85714 0
2.71429 2.71429 2.85714 0
2.71429 2.35714 2.85714 0
2.71429 2 2.85714 0
2.71429 7 3.21429 0
2.71429 6.64286 3.21429 0
2.71429 6.28571 3.21429 0
2.71429 5.92857 3.21429 0
2.71429 5.57143 3.21429 0
2.71429 5.21429 3.21429 0
2.71429 4.85714 3.21429 0
2.71429 4.5 3.21429 0
2.71429 4.14286 3.21429 0
2.71429 3.78571 3.21429 0
2.71429 3.42857 3.21429 0
2.71429 3.07143 3.21429 0
2.71429 2.71429 3.21429 0
2.71429 2.35714 3.21429 0
2.71429 2 3.21429 0
2.71429 7 3.57143 0
2.71429 6.64286 3.57143 0
2.71429 6.28571 3.57143 0
2.71429 5.92857 3.57143 0
2.71429 5.57143 3.57143 0
2.71429 5.21429 3.57143 0
2.71429 4.85714 3.57143 0
2.71429 4.5 3.57143 0
2.71429 4.14286 3.57143 0
2.71429 3.78571 3.57143 0
2.71429 3.42857 3.57143 0
2.71429 3.07143 3.57143 0
2.71429 2.71429 3.57143 0
2.71429 2.35714 3.57143 0
2.71429 2 3.57143 0
2.71429 7 3.92857 0
2.71429 6.64286 3.92857 0
2.71429 6.28571 3.92857 0
2.71429 5.92857 3.92857 0
2.71429 5.57143 3.92857 0
2.71429 5.21429 3.92857 0
2.71429 4.85714 3.92857 0
2.71429 4.5 3.92857 0
2.71429 4.14286 3.92857 0
2.71429 3.78571 3.92857 0
2.71429 3.42857 3.92857 0
2.71429 3.07143 3.92857 0
2.71429 2.71429 3.92857 0
2.71429 2.35714 3.92857 0
2.71429 2 3.92857 0
2.71429 7 4.28571 0
2.71429 6.64286 4.28571 0
2.71429 6.28571 4.28571 0
2.71429 5.92857 4.28571 0
2.71429 5.57143 4.28571 0
2.71429 5.21429 4.28571 0
2.71429 4.85714 4.28571 0
2.71429 4.5 4.28571 0
2.71429 4.14286 4.28571 0
2.71429 3.78571 4.28571 0
2.71429 3.42857 4.28571 0
2.71429 3.07143 4.28571 0
2.71429 2.71429 4.28571 0
2.71429 2.35714 4.28571 0
2.71429 2 4.28571 0
2.71429 7 4.64286 0
2.71429 6.64286 4.64286 0
2.71429 6.28571 4.64286 0
2.71429 5.92857 4.64286 0
2.71429 5.57143 4.64286 0
2.71429 5.21429 4.64286 0
2.71429 4.85714 4.64286 0
2.71429 4.5 4.64286 0
2.71429 4.14286 4.64286 0
2.71429 3.78571 4.64286 0
2.71429 3.42857 4.64286 0
2.71429 3.07143 4.64286 0
2.71429 2.71429 4.64286 0
2.71429 2.35714 4.64286 0
2.71429 2 4.64286 0
2.71429 7 5 0
2.71429 6.64286 5 0
2.71429 6.28571 5 0
2.71429 5.92857 5 0
2.71429 5.57143 5 0
2.71429 5.21429 5 0
2.71429 4.85714 5 0
2.71429 4.5 5 0
2.71429 4.14286 5 0
2.71429 3.78571 5 0
2.71429 3.42857 5 0
2.71429 3.07143 5 0
2.71429 2.71429 5 0
2.71429 2.35714 5 0
2.71429 2 5 0
2.35714 7 0 0
2.35714 6.64286 0 0
2.35714 6.28571 0 0
2.35714 5.92857 0 0
2.35714 5.57143 0 0
2.35714 5.21429 0 0
2.35714 4.85714 0 0
2.35714 4.5 0 0
2.35714 4.14286 0 0
2.35714 3.78571 0 0
2.35714 3.42857 0 0
2.35714 3.07143 0 0
2.35714 2.71429 0 0
2.35714 2.35714 0 0
2.35714 2 0 0
2.35714 7 0.357143 0
2.35714 6.64286 0.357143 0
2.35714 6.28571 0.357143 0
2.35714 5.92857 0.357143 0
2.35714 5.57143 0.357143 0
2.35714 5.21429 0.357143 0
2.35714 4.85714 0.357143 0
2.35714 4.5 0.357143 0
2.35714 4.14286 0.357143 0
2.35714 3.78571 0.357143 0
2.35714 3.42857 0.357143 0
2.35714 3.07143 0.357143 0
2.35714 2.71429 0.357143 0
2.35714 2.35714 0.357143 0
2.35714 2 0.357143 0
2.35714 7 0.714286 0
2.35714 6.64286 0.714286 0
2.35714 6.28571 0.714286 0
2.35714 5.92857 0.714286 0
2.35714 5.57143 0.714286 0
2.35714 5.21429 0.714286 0
2.35714 4.85714 0.714286 0
2.35714 4.5 0.714286 0
2.35714 4.14286 0.714286 0
2.35714 3.78571 0.714286 0
2.35714 3.42857 0.714286 0
2.35714 3.07143 0.714286 0
2.35714 2.71429 0.714286 0
2.35714 2.35714 0.714286 0
2.35714 2 0.714286 0
2.35714 7 1.07143 0
2.35714 6.64286 1.07143 0
2.35714 6.28571 1.07143 0
2.35714 5.92857 1.07143 0
2.35714 5.57143 1.07143 0
2.35714 5.21429 1.07143 0
2.35714 4.85714 1.07143 0
2.35714 4.5 1.07143 0
2.35714 4.14286 1.07143 0
2.35714 3.78571 1.07143 0
2.35714 3.42857 1.07143 0
2.35714 3.07143 1.07143 0
2.35714 2.71429 1.07143 0
2.35714 2.35714 1.07143 0
2.35714 2 1.07143 0
2.35714 7 1.42857 0
2.35714 6.64286 1.42857 0
2.35714 6.28571 1.42857 0
2.35714 5.92857 1.42857 0
2.35714 5.57143 1.42857 0
2.35714 5.21429 1.42857 0
2.35714 4.85714 1.42857 0
2.35714 4.5 1.42857 0
2.35714 4.14286 1.42857 0
2.35714 3.78571 1.42857 0
2.35714 3.42857 1.42857 0
2.35714 3.07143 1.42857 0
2.35714 2.71429 1.42857 0
2.35714 2.35714 1.42857 0
2.35714 2 1.42857 0
2.35714 7 1.78571 0
2.35714 6.64286 1.78571 0
2.35714 6.28571 1.78571 0
2.35714 5.92857 1.78571 0
2.35714 5.57143 1.78571 0
2.35714 5.21429 1.78571 0
2.35714 4.85714 1.78571 0
2.35714 4.5 1.78571 0
2.35714 4.14286 1.78571 0
2.35714 3.78571 1.78571 0
2.35714 3.42857 1.78571 0
2.35714 3.07143 1.78571 0
2.35714 2.71429 1.78571 0
2.35714 2.35714 1.78571 0
2.35714 2 1.78571 0
2.35714 7 2.14286 0
2.35714 6.64286 2.14286 0
2.35714 6.28571 2.14286 0
2.35714 5.92857 2.14286 0
2.35714 5.57143 2.14286 0
2.35714 5.21429 2.14286 0
2.35714 4.85714 2.14286 0
2.35714 4.5 2.14286 0
2.35714 4.14286 2.14286 0
2.35714 3.78571 2.14286 0
2.35714 3.42857 2.14286 0
2.35714 3.07143 2.14286 0
2.35714 2.71429 2.14286 0
2.35714 2.35714 2.14286 0
2.35714 2 2.14286 0
2.35714 7 2.5 0
2.35714 6.64286 2.5 0
2.35714 6.28571 2.5 0
2.35714 5.92857 2.5 0
2.35714 5.57143 2.5 0
2.35714 5.21429 2.5 0
2.35714 4.85714 2.5 0
2.35714 4.5 2.5 0
2.35714 4.14286 2.5 0
2.35714 3.78571 2.5 0
2.35714 3.42857 2.5 0
2.35714 3.07143 2.5 0
2.35714 2.71429 2.5 0
2.35714 2.35714 2.5 0
2.35714 2 2.5 0
2.35714 7 2.85714 0
2.35714 6.64286 2.85714 0
2.35714 6.28571 2.85714 0
2.35714 5.92857 2.85714 0
2.35714 5.57143 2.85714 0
2.35714 5.21429 2.85714 0
2.35714 4.85714 2.85714 0
2.35714 4.5 2.85714 0
2.35714 4.14286 2.85714 0
2.35714 3.78571 2.85714 0
2.35714 3.42857 2.85714 0
2.35714 3.07143 2.85714 0
2.35714 2.71429 2.85714 0
2.35714 2.35714 2.85714 0
2.35714 2 2.85714 0
2.35714 7 3.21429 0
2.35714 6.64286 3.21429 0
2.35714 6.28571 3.21429 0
2.35714 5.92857 3.21429 0
2.35714 5.57143 3.21429 0
2.35714 5.21429 3.21429 0
2.35714 4.85714 3.21429 0
2.35714 4.5 3.21429 0
2.35714 4.14286 3.21429 0
2.35714 3.78571 3.21429 0
2.35714 3.42857 3.21429 0
2.35714 3.07143 3.21429 0
2.35714 2.71429 3.21429 0
2.35714 2.35714 3.21429 0
2.35714 2 3.21429 0
2.35714 7 3.57143 0
2.35714 6.64286 3.57143 0
2.35714 6.28571 3.57143 0
2.35714 5.92857 3.57143 0
2.35714 5.57143 3.57143 0
2.35714 5.21429 3.57143 0
2.35714 4.85714 3.57143 0
2.35714 4.5 3.57143 0
2.35714 4.14286 3.57143 0
2.35714 3.78571 3.57143 0
2.35714 3.42857 3.57143 0
2.35714 3.07143 3.57143 0
2.35714 2.71429 3.57143 0
2.35714 2.35714 3.57143 0
2.35714 2 3.57143 0
2.35714 7 3.92857 0
2.35714 6.64286 3.92857 0
2.35714 6.28571 3.92857 0
2.35714 5.92857 3.92857 0
2.35714 5.57143 3.92857 0
2.35714 5.21429 3.92857 0
2.35714 4.85714 3.92857 0
2.35714 4.5 3.92857 0
2.35714 4.14286 3.92857 0
2.35714 3.78571 3.92857 0
2.35714 3.42857 3.92857 0
2.35714 3.07143 3.92857 0
2.35714 2.71429 3.92857 0
2.35714 2.35714 3.92857 0
2.35714 2 3.92857 0
2.35714 7 4.28571 0
2.35714 6.64286 4.28571 0
2.35714 6.28571 4.28571 0
2.35714 5.92857 4.28571 0
2.35714 5.57143 4.28571 0
2.35714 5.21429 4.28571 0
2.35714 4.85714 4.28571 0
2.35714 4.5 4.28571 0
2.35714 4.14286 4.28571 0
2.35714 3.78571 4.28571 0
2.35714 3.42857 4.28571 0
2.35714 3.07143 4.28571 0
2.35714 2.71429 4.28571 0
2.35714 2.35714 4.28571 0
2.35714 2 4.28571 0
2.35714 7 4.64286 0
2.35714 6.64286 4.64286 0
2.35714 6.28571 4.64286 0
2.35714 5.92857 4.64286 0
2.35714 5.57143 4.64286 0
2.35714 5.21429 4.64286 0
2.35714 4.85714 4.64286 0
2.35714 4.5 4.64286 0
2.35714 4.14286 4.64286 0
2.35714 3.78571 4.64286 0
2.35714 3.42857 4.64286 0
2.35714 3.07143 4.64286 0
2.35714 2.71429 4.64286 0
2.35714 2.35714 4.64286 0
2.35714 2 4.64286 0
2.35714 7 5 0
2.35714 6.64286 5 0
2.35714 6.28571 5 0
2.35714 5.92857 5 0
2.35714 5.57143 5 0
2.35714 5.21429 5 0
2.35714 4.85714 5 0
2.35714 4.5 5 0
2.35714 4.14286 5 0
2.35714 3.78571 5 0
2.35714 3.42857 5 0
2.35714 3.07143 5 0
2.35714 2.71429 5 0
2.35714 2.35714 5 0
2.35714 2 5 0
2 7 0 0
2 6.64286 0 0
2 6.28571 0 0
2 5.92857 0 0
2 5.57143 0 0
2 5.21429 0 0
2 4.85714 0 0
2 4.5 0 0
2 4.14286 0 0
2 3.78571 0 0
2 3.42857 0 0
2 3.07143 0 0
2 2.71429 0 0
2 2.35714 0 0
2 2 0 0
2 7 0.357143 0
2 6.64286 0.357143 0
2 6.28571 0.357143 0
2 5.92857 0.357143 0
2 5.57143 0.357143 0
2 5.21429 0.357143 0
2 4.85714 0.357143 0
2 4.5 0.357143 0
2 4.14286 0.357143 0
2 3.78571 0.357143 0
2 3.42857 0.357143 0
2 3.07143 0.357143 0
2 2.71429 0.357143 0
2 2.35714 0.357143 0
2 2 0.357143 0
2 7 0.714286 0
2 6.64286 0.714286 0
2 6.28571 0.714286 0
2 5.92857 0.714286 0
2 5.57143 0.714286 0
2 5.21429 0.714286 0
2 4.85714 0.714286 0
2 4.5 0.714286 0
2 4.14286 0.714286 0
2 3.78571 0.714286 0
2 3.42857 0.714286 0
2 3.07143 0.714286 0
2 2.71429 0.714286 0
2 2.35714 0.714286 0
2 2 0.714286 0
2 7 1.07143 0
2 6.64286 1.07143 0
2 6.28571 1.07143 0
2 5.92857 1.07143 0
2 5.57143 1.07143 0
2 5.21429 1.07143 0
2 4.85714 1.07143 0
2 4.5 1.07143 0
2 4.14286 1.07143 0
2 3.78571 1.07143 0
2 3.42857 1.07143 0
2 3.07143 1.07143 0
2 2.71429 1.07143 0
2 2.35714 1.07143 0
2 2 1.07143 0
2 7 1.42857 0
2 6.64286 1.42857 0
2 6.28571 1.42857 0
2 5.92857 1.42857 0
2 5.57143 1.42857 0
2 5.21429 1.42857 0
2 4.85714 1.42857 0
2 4.5 1.42857 0
2 4.14286 1.42857 0
2 3.78571 1.42857 0
2 3.42857 1.42857 0
2 3.07143 1.42857 0
2 2.71429 1.42857 0
2 2.35714 1.42857 0
2 2 1.42857 0
2 7 1.78571 0
2 6.64286 1.78571 0
2 6.28571 1.78571 0
2 5.92857 1.78571 0
2 5.57143 1.78571 0
2 5.21429 1.78571 0
2 4.85714 1.78571 0
2 4.5 1.78571 0
2 4.14286 1.78571 0
2 3.78571 1.78571 0
2 3.42857 1.78571 0
2 3.07143 1.78571 0
2 2.71429 1.78571 0
2 2.35714 1.78571 0
2 2 1.78571 0
2 7 2.14286 0
2 6.64286 2.14286 0
2 6.28571 2.14286 0
2 5.92857 2.14286 0
2 5.57143 2.14286 0
2 5.21429 2.14286 0
2 4.85714 2.14286 0
2 4.5 2.14286 0
2 4.14286 2.14286 0
2 3.78571 2.14286 0
2 3.42857 2.14286 0
2 3.07143 2.14286 0
2 2.71429 2.14286 0
2 2.35714 2.14286 0
2 2 2.14286 0
2 7 2.5 0
2 6.64286 2.5 0
2 6.28571 2.5 0
2 5.92857 2.5 0
2 5.57143 2.5 0
2 5.21429 2.5 0
2 4.85714 2.5 0
2 4.5 2.5 0
2 4.14286 2.5 0
2 3.78571 2.5 0
2 3.42857 2.5 0
2 3.07143 2.5 0
2 2.71429 2.5 0
2 2.35714 2.5 0
2 2 2.5 0
2 7 2.85714 0
2 6.64286 2.85714 0
2 6.28571 2.85714 0
2 5.92857 2.85714 0
2 5.57143 2.85714 0
2 5.21429 2.85714 0
2 4.85714 2.85714 0
2 4.5 2.85714 0
2 4.14286 2.85714 0
2 3.78571 2.85714 0
2 3.42857 2.85714 0
2 3.07143 2.85714 0
2 2.71429 2.85714 0
2 2.35714 2.85714 0
2 2 2.85714 0
2 7 3.21429 0
2 6.64286 3.21429 0
2 6.28571 3.21429 0
2 5.92857 3.21429 0
2 5.57143 3.21429 0
2 5.21429 3.21429 0
2 4.85714 3.21429 0
2 4.5 3.21429 0
2 4.14286 3.21429 0
2 3.78571 3.21429 0
2 3.42857 3.21429 0
2 3.07143 3.21429 0
2 2.71429 3.21429 0
2 2.35714 3.21429 0
2 2 3.21429 0
2 7 3.57143 0
2 6.64286 3.57143 0
2 6.28571 3.57143 0
2 5.92857 3.57143 0
2 5.57143 3.57143 0
2 5.21429 3.57143 0
2 4.85714 3.57143 0
2 4.5 3.57143 0
2 4.14286 3.57143 0
2 3.78571 3.57143 0
2 3.42857 3.57143 0
2 3.07143 3.57143 0
2 2.71429 3.57143 0
2 2.35714 3.57143 0
2 2 3.57143 0
2 7 3.92857 0
2 6.64286 3.92857 0
2 6.28571 3.92857 0
2 5.92857 3.92857 0
2 5.57143 3.92857 0
2 5.21429 3.92857 0
2 4.85714 3.92857 0
2 4.5 3.92857 0
2 4.14286 3.92857 0
2 3.78571 3.92857 0
2 3.42857 3.92857 0
2 3.07143 3.92857 0
2 2.71429 3.92857 0
2 2.35714 3.92857 0
2 2 3.92857 0
2 7 4.28571 0
2 6.64286 4.28571 0
2 6.28571 4.28571 0
2 5.92857 4.28571 0
2 5.57143 4.28571 0
2 5.21429 4.28571 0
2 4.85714 4.28571 0
2 4.5 4.28571 0
2 4.14286 4.28571 0
2 3.78571 4.28571 0
2 3.42857 4.28571 0
2 3.07143 4.28571 0
2 2.71429 4.28571 0
2 2.35714 4.28571 0
2 2 4.28571 0
2 7 4.64286 0
2 6.64286 4.64286 0
2 6.28571 4.64286 0
2 5.92857 4.64286 0
2 5.57143 4.64286 0
2 5.21429 4.64286 0
2 4.85714 4.64286 0
2 4.5 4.64286 0
2 4.14286 4.64286 0
2 3.78571 4.64286 0
2 3.42857 4.64286 0
2 3.07143 4.64286 0
2 2.71429 4.64286 0
2 2.35714 4.64286 0
2 2 4.64286 0
2 7 5 0
2 6.64286 5 0
2 6.28571 5 0
2 5.92857 5 0
2 5.57143 5 0
2 5.21429 5 0
2 4.85714 5 0
2 4.5 5 0
2 4.14286 5 0
2 3.78571 5 0
2 3.42857 5 0
2 3.07143 5 0
2 2.71429 5 0
2 2.35714 5 0
2 2 5 0
