1    0.000000000000000e+00  -1.000000000000000e+00   0.000000000000000e+00 
2    0.000000000000000e+00  -9.749280214309692e-01  -2.225210070610046e-01 
3    0.000000000000000e+00  -9.009690284729004e-01  -4.338839948177338e-01 
4    0.000000000000000e+00  -7.818310260772705e-01  -6.234899759292603e-01 
5    0.000000000000000e+00  -6.234899759292603e-01  -7.818310260772705e-01 
6    0.000000000000000e+00  -4.338839948177338e-01  -9.009690284729004e-01 
7    0.000000000000000e+00  -2.225210070610046e-01  -9.749280214309692e-01 
8    0.000000000000000e+00   0.000000000000000e+00  -1.000000000000000e+00 
9    0.000000000000000e+00   2.225210070610046e-01  -9.749280214309692e-01 
10    0.000000000000000e+00   4.338839948177338e-01  -9.009690284729004e-01 
11    0.000000000000000e+00   6.234899759292603e-01  -7.818310260772705e-01 
12    0.000000000000000e+00   7.818310260772705e-01  -6.234899759292603e-01 
13    0.000000000000000e+00   9.009690284729004e-01  -4.338839948177338e-01 
14    0.000000000000000e+00   9.749280214309692e-01  -2.225210070610046e-01 
15    0.000000000000000e+00   1.000000000000000e+00   0.000000000000000e+00 
16    0.000000000000000e+00   9.749280214309692e-01   2.225210070610046e-01 
17    0.000000000000000e+00   9.009690284729004e-01   4.338839948177338e-01 
18    0.000000000000000e+00   7.818310260772705e-01   6.234899759292603e-01 
19    0.000000000000000e+00   6.234899759292603e-01   7.818310260772705e-01 
20    0.000000000000000e+00   4.338839948177338e-01   9.009690284729004e-01 
21    0.000000000000000e+00   2.225210070610046e-01   9.749280214309692e-01 
22    0.000000000000000e+00   0.000000000000000e+00   1.000000000000000e+00 
23    0.000000000000000e+00  -2.225210070610046e-01   9.749280214309692e-01 
24    0.000000000000000e+00  -4.338839948177338e-01   9.009690284729004e-01 
25    0.000000000000000e+00  -6.234899759292603e-01   7.818310260772705e-01 
26    0.000000000000000e+00  -7.818310260772705e-01   6.234899759292603e-01 
27    0.000000000000000e+00  -9.009690284729004e-01   4.338839948177338e-01 
28    0.000000000000000e+00  -9.749280214309692e-01   2.225210070610046e-01 
29    4.313730001449585e-01   7.136830091476440e-01   5.518820285797119e-01 
30    4.105269908905029e-01   5.521209836006165e-01   7.256929874420166e-01 
31    5.773980021476746e-01   5.772659778594971e-01   5.773869752883911e-01 
32    7.138270139694214e-01   5.516949892044067e-01   4.313740134239197e-01 
33    5.523080229759216e-01   7.255269885063171e-01   4.105679988861084e-01 
34    5.518000125885010e-01   4.312520027160645e-01   7.138199806213379e-01 
35    7.256169915199280e-01   4.104019999504089e-01   5.523130297660828e-01 
36    3.026570081710815e-01   6.724770069122315e-01   6.754059791564941e-01 
37    6.726899743080139e-01   6.752009987831116e-01   3.026410043239594e-01 
38    6.752690076828003e-01   3.024969995021820e-01   6.726859807968140e-01 
39    7.818310260772705e-01   6.234899759292603e-01   0.000000000000000e+00 
40    8.188040256500244e-01   5.290219783782959e-01   2.229409962892532e-01 
41    9.009690284729004e-01   4.338839948177338e-01   0.000000000000000e+00 
42    4.338839948177338e-01   9.009690284729004e-01   0.000000000000000e+00 
43    5.291829705238342e-01   8.187260031700134e-01   2.228299975395203e-01 
44    6.234899759292603e-01   7.818310260772705e-01   0.000000000000000e+00 
45    2.229139953851700e-01   8.186290264129639e-01   5.292969942092896e-01 
46    2.227919995784760e-01   5.289649963378906e-01   8.188800215721130e-01 
47    9.009690284729004e-01   0.000000000000000e+00   4.338839948177338e-01 
48    8.187779784202576e-01   2.225860059261322e-01   5.292090177536011e-01 
49    7.818310260772705e-01   0.000000000000000e+00   6.234899759292603e-01 
50    6.234899759292603e-01   0.000000000000000e+00   7.818310260772705e-01 
51    5.291380286216736e-01   2.226579934358597e-01   8.188019990921021e-01 
52    4.338839948177338e-01   0.000000000000000e+00   9.009690284729004e-01 
53    2.225210070610046e-01   0.000000000000000e+00   9.749280214309692e-01 
54    2.411829978227615e-01   2.411140054464340e-01   9.400500059127808e-01 
55    9.749280214309692e-01   2.225210070610046e-01   0.000000000000000e+00 
56    9.400309920310974e-01   2.410530000925064e-01   2.413190007209778e-01 
57    1.000000000000000e+00   0.000000000000000e+00   0.000000000000000e+00 
58    2.413219958543778e-01   9.399710297584534e-01   2.412849962711334e-01 
59    2.225210070610046e-01   9.749280214309692e-01   0.000000000000000e+00 
60    9.749280214309692e-01   0.000000000000000e+00   2.225210070610046e-01 
61    3.797490000724793e-01   3.830919861793518e-01   8.420410156250000e-01 
62    3.832769989967346e-01   8.419250249862671e-01   3.798179924488068e-01 
63    8.420169949531555e-01   3.795979917049408e-01   3.832969963550568e-01 
64    7.003149986267090e-01   7.002050280570984e-01   1.388240009546280e-01 
65    1.388739943504334e-01   7.001119852066040e-01   7.003980278968811e-01 
66    7.002490162849426e-01   1.386920064687729e-01   7.002969980239868e-01 
67    3.871720135211945e-01   1.731159985065460e-01   9.056100249290466e-01 
68    1.731809973716736e-01   3.870480060577393e-01   9.056500196456909e-01 
69    1.734009981155396e-01   9.054830074310303e-01   3.873380124568939e-01 
70    3.872739970684052e-01   9.055240154266357e-01   1.733250021934509e-01 
71    9.055619835853577e-01   1.731249988079071e-01   3.872799873352051e-01 
72    9.055960178375244e-01   3.870719969272614e-01   1.734129935503006e-01 
73    6.694650053977966e-01   3.218489885330200e-01  -6.694999933242798e-01 
74    5.357519984245300e-01   4.070949852466583e-01  -7.397599816322327e-01 
75    5.859389901161194e-01   5.563259720802307e-01  -5.892170071601868e-01 
76    7.395650148391724e-01   4.068070054054260e-01  -5.362380146980286e-01 
77    4.321239888668060e-01   5.499830245971680e-01  -7.146940231323242e-01 
78    4.114339947700501e-01   7.237700223922730e-01  -5.539659857749939e-01 
79    3.026750087738037e-01   6.752600073814392e-01  -6.726160049438477e-01 
80    5.291829705238342e-01   8.187379837036133e-01  -2.227890044450760e-01 
81    4.338839948177338e-01   0.000000000000000e+00  -9.009690284729004e-01 
82    5.292999744415283e-01   2.227119952440262e-01  -8.186820149421692e-01 
83    6.234899759292603e-01   0.000000000000000e+00  -7.818310260772705e-01 
84    8.188359737396240e-01   5.290849804878235e-01  -2.226649969816208e-01 
85    2.229849994182587e-01   5.291029810905457e-01  -8.187360167503357e-01 
86    7.818310260772705e-01   0.000000000000000e+00  -6.234899759292603e-01 
87    8.188750147819519e-01   2.227549999952316e-01  -5.289890170097351e-01 
88    9.009690284729004e-01   0.000000000000000e+00  -4.338839948177338e-01 
89    2.228579968214035e-01   8.187639713287354e-01  -5.291150212287903e-01 
90    9.400879740715027e-01   2.410970032215118e-01  -2.410549968481064e-01 
91    2.413830012083054e-01   2.411870062351227e-01  -9.399809837341309e-01 
92    2.225210070610046e-01   0.000000000000000e+00  -9.749280214309692e-01 
93    2.413640022277832e-01   9.400179982185364e-01  -2.410580068826675e-01 
94    9.749280214309692e-01   0.000000000000000e+00  -2.225210070610046e-01 
95    5.500680208206177e-01   7.119169831275940e-01  -4.365780055522919e-01 
96    7.149770259857178e-01   5.469200015068054e-01  -4.355309903621674e-01 
97    6.729000210762024e-01   6.727949976921082e-01  -3.074949979782105e-01 
98    8.420649766921997e-01   3.797059953212738e-01  -3.830850124359131e-01 
99    3.833479881286621e-01   3.796960115432739e-01  -8.419470191001892e-01 
100    3.798089921474457e-01   8.419880270957947e-01  -3.831489980220795e-01 
101    7.003430128097534e-01   7.002189755439758e-01  -1.386110037565231e-01 
102    1.388159990310669e-01   7.002810239791870e-01  -7.002400159835815e-01 
103    7.004190087318420e-01   1.387349963188171e-01  -7.001190185546875e-01 
104    3.873600065708160e-01   1.731940060853958e-01  -9.055119752883911e-01 
105    1.733590066432953e-01   3.871690034866333e-01  -9.055629968643189e-01 
106    9.056299924850464e-01   3.871159851551056e-01  -1.731359958648682e-01 
107    1.733510047197342e-01   9.055950045585632e-01  -3.871000111103058e-01 
108    9.056439995765686e-01   1.732050031423569e-01  -3.870509862899780e-01 
109    3.873220086097717e-01   9.055330157279968e-01  -1.731799989938736e-01 
110    3.217479884624481e-01  -6.695550084114075e-01   6.694579720497131e-01 
111    4.070079922676086e-01  -7.398160099983215e-01   5.357390046119690e-01 
112    5.562360286712647e-01  -5.892869830131531e-01   5.859540104866028e-01 
113    4.067330062389374e-01  -5.363180041313171e-01   7.395480275154114e-01 
114    5.499299764633179e-01  -7.147439718246460e-01   4.321089982986450e-01 
115    7.237480282783508e-01  -5.539919734001160e-01   4.114390015602112e-01 
116    6.752430200576782e-01  -6.726189851760864e-01   3.027049899101257e-01 
117    5.290279984474182e-01  -2.228630036115646e-01   8.188170194625855e-01 
118    2.226539999246597e-01  -5.290619730949402e-01   8.188520073890686e-01 
119    2.226250022649765e-01  -8.187260031700134e-01   5.292720198631287e-01 
120    8.187130093574524e-01  -2.227949947118759e-01   5.292230248451233e-01 
121    9.009690284729004e-01  -4.338839948177338e-01   0.000000000000000e+00 
122    8.187479972839356e-01  -5.291150212287903e-01   2.229170054197311e-01 
123    7.818310260772705e-01  -6.234899759292603e-01   0.000000000000000e+00 
124    6.234899759292603e-01  -7.818310260772705e-01   0.000000000000000e+00 
125    5.290979743003845e-01  -8.187549710273743e-01   2.229290008544922e-01 
126    4.338839948177338e-01  -9.009690284729004e-01   0.000000000000000e+00 
127    2.225210070610046e-01  -9.749280214309692e-01   0.000000000000000e+00 
128    2.411659955978394e-01  -9.400280117988586e-01   2.412189990282059e-01 
129    9.399729967117310e-01  -2.412319928407669e-01   2.413669973611832e-01 
130    9.749280214309692e-01  -2.225210070610046e-01   0.000000000000000e+00 
131    2.409819960594177e-01  -2.412749975919724e-01   9.400609731674194e-01 
132    7.118549942970276e-01  -4.366700053215027e-01   5.500739812850952e-01 
133    5.468450188636780e-01  -4.356150031089783e-01   7.149829864501953e-01 
134    6.727480292320252e-01  -3.076080083847046e-01   6.728950142860413e-01 
135    8.419510126113892e-01  -3.831999897956848e-01   3.798429965972900e-01 
136    3.796310126781464e-01  -8.420000076293945e-01   3.832980096340179e-01 
137    3.795999884605408e-01  -3.832120001316071e-01   8.420529961585999e-01 
138    7.002099752426148e-01  -7.002999782562256e-01   1.388709992170334e-01 
139    7.001879811286926e-01  -1.387560069561005e-01   7.003449797630310e-01 
140    1.386200040578842e-01  -7.001950144767761e-01   7.003650069236755e-01 
141    1.731279939413071e-01  -9.055730104446411e-01   3.872520029544830e-01 
142    3.871819972991943e-01  -9.055629968643189e-01   1.733350008726120e-01 
143    9.055349826812744e-01  -1.731960028409958e-01   3.873099982738495e-01 
144    9.055699706077576e-01  -3.871839940547943e-01   1.732980012893677e-01 
145    3.870320022106171e-01  -1.733379960060120e-01   9.056249856948853e-01 
146    1.730639934539795e-01  -3.871909976005554e-01   9.056100249290466e-01 
147    5.859490036964417e-01  -5.563009977340698e-01  -5.892310142517090e-01 
148    6.694610118865967e-01  -3.218330144882202e-01  -6.695119738578796e-01 
149    7.394999861717224e-01  -4.068050086498261e-01  -5.363309979438782e-01 
150    5.357429981231690e-01  -4.071440100669861e-01  -7.397379875183106e-01 
151    4.321030080318451e-01  -5.500429868698120e-01  -7.146599888801575e-01 
152    4.114429950714111e-01  -7.238559722900391e-01  -5.538480281829834e-01 
153    3.027029931545258e-01  -6.753349900245667e-01  -6.725270152091980e-01 
154    2.229350060224533e-01  -8.188189864158630e-01  -5.289959907531738e-01 
155    5.292599797248840e-01  -2.228350043296814e-01  -8.186780214309692e-01 
156    2.229380011558533e-01  -5.292230248451233e-01  -8.186720013618469e-01 
157    8.188220262527466e-01  -5.290889739990234e-01  -2.226990014314652e-01 
158    5.292320251464844e-01  -8.187419772148132e-01  -2.226610034704208e-01 
159    8.188779950141907e-01  -2.226999998092651e-01  -5.290020108222961e-01 
160    2.413900047540665e-01  -2.412260025739670e-01  -9.399690032005310e-01 
161    2.413849979639053e-01  -9.399979710578919e-01  -2.411179989576340e-01 
162    9.400659799575806e-01  -2.411620020866394e-01  -2.410739958286285e-01 
163    7.142320275306702e-01  -5.472440123558044e-01  -4.363450109958649e-01 
164    5.499569773674011e-01  -7.124609947204590e-01  -4.358280003070831e-01 
165    6.728910207748413e-01  -6.727870106697083e-01  -3.075329959392548e-01 
166    3.798759877681732e-01  -8.419770002365112e-01  -3.831070065498352e-01 
167    8.420699834823608e-01  -3.796789944171906e-01  -3.830949962139130e-01 
168    3.833349943161011e-01  -3.797810077667236e-01  -8.419169783592224e-01 
169    1.388889998197556e-01  -7.003210186958313e-01  -7.001860141754150e-01 
170    7.004020214080811e-01  -1.386969983577728e-01  -7.001429796218872e-01 
171    7.003239989280701e-01  -7.002230286598206e-01  -1.386869996786118e-01 
172    9.056130051612854e-01  -3.871490061283112e-01  -1.731400042772293e-01 
173    9.056529998779297e-01  -1.731709986925125e-01  -3.870410025119782e-01 
174    3.873229920864105e-01  -9.055399894714356e-01  -1.731420010328293e-01 
175    1.733839958906174e-01  -9.056029915809631e-01  -3.870689868927002e-01 
176    1.734859943389893e-01  -3.872649967670441e-01  -9.054989814758301e-01 
177    3.873659968376160e-01  -1.733389943838120e-01  -9.054840207099915e-01 
178   -5.563510060310364e-01   5.891910195350647e-01   5.859410166740418e-01 
179   -3.218750059604645e-01   6.695560216903687e-01   6.693959832191467e-01 
180   -4.071959853172302e-01   7.397419810295105e-01   5.357009768486023e-01 
181   -4.068239927291870e-01   5.362669825553894e-01   7.395349740982056e-01 
182   -2.228640019893646e-01   8.187180161476135e-01   5.291810035705566e-01 
183   -5.500950217247009e-01   7.146220207214356e-01   4.320999979972839e-01 
184   -5.469419956207275e-01   4.355030059814453e-01   7.149760127067566e-01 
185   -2.227800041437149e-01   5.290639996528626e-01   8.188199996948242e-01 
186   -1.387159973382950e-01   7.001770138740540e-01   7.003639936447144e-01 
187   -3.798339962959290e-01   8.419039845466614e-01   3.833070099353790e-01 
188   -7.238609790802002e-01   5.538570284843445e-01   4.114220142364502e-01 
189   -7.119539976119995e-01   4.365389943122864e-01   5.500500202178955e-01 
190   -3.797250092029572e-01   3.830940127372742e-01   8.420519828796387e-01 
191   -1.733160018920898e-01   9.055129885673523e-01   3.873040080070496e-01 
192   -6.753919720649719e-01   6.724730134010315e-01   3.026979863643646e-01 
193   -5.292990207672119e-01   8.186259865760803e-01   2.229219973087311e-01 
194   -6.728330254554749e-01   3.074670135974884e-01   6.728749871253967e-01 
195   -5.291129946708679e-01   2.227350026369095e-01   8.187990188598633e-01 
196   -1.732780039310455e-01   3.870689868927002e-01   9.056230187416077e-01 
197   -2.413109987974167e-01   9.399459958076477e-01   2.413939982652664e-01 
198   -8.188650012016296e-01   5.289660096168518e-01   2.228409945964813e-01 
199   -8.420400023460388e-01   3.830629885196686e-01   3.797810077667236e-01 
200   -3.873380124568939e-01   9.054780006408691e-01   1.734209954738617e-01 
201   -8.187959790229797e-01   2.226199954748154e-01   5.291640162467957e-01 
202   -3.872179985046387e-01   1.731349974870682e-01   9.055860042572022e-01 
203   -2.412559986114502e-01   2.410479933023453e-01   9.400489926338196e-01 
204   -7.003809809684753e-01   7.001270055770874e-01   1.388870030641556e-01 
205   -4.338839948177338e-01   9.009690284729004e-01   0.000000000000000e+00 
206   -7.002400159835815e-01   1.385869979858398e-01   7.003269791603088e-01 
207   -4.338839948177338e-01   0.000000000000000e+00   9.009690284729004e-01 
208   -2.225210070610046e-01   9.749280214309692e-01   0.000000000000000e+00 
209   -6.234899759292603e-01   7.818310260772705e-01   0.000000000000000e+00 
210   -7.818310260772705e-01   6.234899759292603e-01   0.000000000000000e+00 
211   -9.056550264358521e-01   3.870339989662170e-01   1.731889992952347e-01 
212   -9.056029915809631e-01   1.730509996414185e-01   3.872160017490387e-01 
213   -7.818310260772705e-01   0.000000000000000e+00   6.234899759292603e-01 
214   -6.234899759292603e-01   0.000000000000000e+00   7.818310260772705e-01 
215   -2.225210070610046e-01   0.000000000000000e+00   9.749280214309692e-01 
216   -9.009690284729004e-01   4.338839948177338e-01   0.000000000000000e+00 
217   -9.400309920310974e-01   2.411050051450729e-01   2.412679940462112e-01 
218   -9.009690284729004e-01   0.000000000000000e+00   4.338839948177338e-01 
219   -5.291799902915955e-01   8.187479972839356e-01  -2.227630019187927e-01 
220   -3.872709870338440e-01   9.055609703063965e-01  -1.731459945440292e-01 
221   -5.289070010185242e-01  -2.229229956865311e-01   8.188790082931519e-01 
222   -3.870539963245392e-01  -1.732580065727234e-01   9.056310057640076e-01 
223   -2.413280010223389e-01   9.399999976158142e-01  -2.411659955978394e-01 
224   -7.003009915351868e-01   7.002559900283814e-01  -1.386380046606064e-01 
225   -8.188210129737854e-01   5.291320085525513e-01  -2.226019948720932e-01 
226   -9.749280214309692e-01   2.225210070610046e-01   0.000000000000000e+00 
227   -9.749280214309692e-01   0.000000000000000e+00   2.225210070610046e-01 
228   -8.186320066452026e-01  -2.228949964046478e-01   5.293040275573731e-01 
229   -7.001109719276428e-01  -1.388449966907501e-01   7.004039883613586e-01 
230   -2.411170005798340e-01  -2.411369979381561e-01   9.400619864463806e-01 
231   -9.056289792060852e-01   3.871459960937500e-01  -1.730729937553406e-01 
232   -1.000000000000000e+00   0.000000000000000e+00   0.000000000000000e+00 
233   -9.054740071296692e-01  -1.733960062265396e-01   3.873629868030548e-01 
234   -3.832849860191345e-01   8.419880270957947e-01  -3.796739876270294e-01 
235   -6.696689724922180e-01   6.693339943885803e-01  -3.217689990997315e-01 
236   -6.724550127983093e-01  -3.026820123195648e-01   6.754170060157776e-01 
237   -3.830319941043854e-01  -3.798139989376068e-01   8.420379757881165e-01 
238   -1.733449995517731e-01   9.055759906768799e-01  -3.871479928493500e-01 
239   -8.420680165290833e-01   3.831779956817627e-01  -3.796040117740631e-01 
240   -9.400609731674194e-01   2.411579936742783e-01  -2.410989999771118e-01 
241   -9.399849772453308e-01  -2.412489950656891e-01   2.413019984960556e-01 
242   -5.364980101585388e-01   7.393969893455505e-01  -4.067710041999817e-01 
243   -8.419129848480225e-01  -3.832960128784180e-01   3.798280060291290e-01 
244   -5.538319945335388e-01  -4.114409983158112e-01   7.238699793815613e-01 
245   -1.731320023536682e-01  -3.871870040893555e-01   9.055979847908020e-01 
246   -7.399029731750488e-01   5.356119871139526e-01  -4.070169925689697e-01 
247   -9.749280214309692e-01   0.000000000000000e+00  -2.225210070610046e-01 
248   -9.749280214309692e-01  -2.225210070610046e-01   0.000000000000000e+00 
249   -4.365220069885254e-01   7.141469717025757e-01  -5.472130179405212e-01 
250   -5.893880128860474e-01   5.858470201492310e-01  -5.562409758567810e-01 
251   -2.229170054197311e-01   8.187689781188965e-01  -5.290849804878235e-01 
252   -7.146250009536743e-01  -4.320800006389618e-01   5.501080155372620e-01 
253   -4.365079998970032e-01  -5.500730276107788e-01   7.119550108909607e-01 
254   -2.225459963083267e-01  -5.292279720306397e-01   8.187739849090576e-01 
255   -7.148280143737793e-01   4.319869875907898e-01  -5.499169826507568e-01 
256   -9.056169986724854e-01   1.732289940118790e-01  -3.871040046215057e-01 
257   -9.399979710578919e-01  -2.413070052862167e-01  -2.411919981241226e-01 
258   -9.055119752883911e-01  -3.872889876365662e-01   1.733639985322952e-01 
259   -7.397230267524719e-01  -5.357170104980469e-01   4.072070121765137e-01 
260   -5.891739726066589e-01  -5.859270095825195e-01   5.563849806785584e-01 
261   -8.188269734382629e-01   2.227600067853928e-01  -5.290600061416626e-01 
262   -9.055870175361633e-01  -1.733649969100952e-01  -3.871139883995056e-01 
263   -9.009690284729004e-01   0.000000000000000e+00  -4.338839948177338e-01 
264   -9.055510163307190e-01  -3.872939944267273e-01  -1.731510013341904e-01 
265   -9.009690284729004e-01  -4.338839948177338e-01   0.000000000000000e+00 
266   -8.186749815940857e-01  -5.292649865150452e-01   2.228240072727203e-01 
267   -3.077259957790375e-01   6.728339791297913e-01  -6.727550029754639e-01 
268   -4.360060095787048e-01   5.498859882354736e-01  -7.124069929122925e-01 
269   -3.074589967727661e-01  -6.728990077972412e-01   6.728119850158691e-01 
270   -4.355129897594452e-01  -7.149609923362732e-01   5.469549894332886e-01 
271   -1.388929933309555e-01   7.002949714660645e-01  -7.002109885215759e-01 
272   -5.540390014648438e-01   4.113729894161224e-01  -7.237499952316284e-01 
273   -6.726930141448975e-01   3.025839924812317e-01  -6.752240061759949e-01 
274   -8.419629931449890e-01  -3.798989951610565e-01  -3.831140100955963e-01 
275   -6.694819927215576e-01  -6.694380044937134e-01   3.219420015811920e-01 
276   -1.385899931192398e-01  -7.002959847450256e-01   7.002699971199036e-01 
277   -5.362229943275452e-01  -7.395439743995667e-01   4.068650007247925e-01 
278   -7.003139853477478e-01   1.387339979410172e-01  -7.002239823341370e-01 
279   -7.818310260772705e-01   0.000000000000000e+00  -6.234899759292603e-01 
280   -8.188229799270630e-01  -2.229460030794144e-01  -5.289850234985352e-01 
281   -8.187199831008911e-01  -5.292760133743286e-01  -2.226369976997376e-01 
282   -7.818310260772705e-01  -6.234899759292603e-01   0.000000000000000e+00 
283   -2.229650020599365e-01   5.291600227355957e-01  -8.187040090560913e-01 
284   -3.833450078964233e-01   3.797880113124847e-01  -8.419070243835449e-01 
285   -7.001379728317261e-01  -7.003740072250366e-01   1.388680040836334e-01 
286   -2.227060049772263e-01  -8.188130259513855e-01   5.291060209274292e-01 
287   -3.830960094928742e-01  -8.420360088348389e-01   3.797580003738403e-01 
288   -5.291960239410400e-01   2.228530049324036e-01  -8.187109827995300e-01 
289   -7.256079912185669e-01  -4.106470048427582e-01  -5.521420240402222e-01 
290   -7.137150168418884e-01  -5.519229769706726e-01  -4.312689900398254e-01 
291   -5.289959907531738e-01  -8.188490271568298e-01   2.228270024061203e-01 
292   -6.234899759292603e-01   0.000000000000000e+00  -7.818310260772705e-01 
293   -7.003039717674255e-01  -1.389909982681274e-01  -7.001829743385315e-01 
294   -6.753240227699280e-01  -3.027729988098145e-01  -6.725069880485535e-01 
295   -6.725739836692810e-01  -6.753770112991333e-01  -3.025059998035431e-01 
296   -7.001839876174927e-01  -7.003669738769531e-01  -1.386680006980896e-01 
297   -6.234899759292603e-01  -7.818310260772705e-01   0.000000000000000e+00 
298   -1.734959930181503e-01   3.872480094432831e-01  -9.055020213127136e-01 
299   -3.873060047626495e-01   1.733269989490509e-01  -9.055100083351135e-01 
300   -1.731519997119904e-01  -9.056090116500855e-01   3.871580064296722e-01 
301   -3.870919942855835e-01  -9.056090116500855e-01   1.732970029115677e-01 
302   -4.338839948177338e-01   0.000000000000000e+00  -9.009690284729004e-01 
303   -5.517780184745789e-01  -4.314680099487305e-01  -7.137060165405273e-01 
304   -5.772699713706970e-01  -5.774989724159241e-01  -5.772830247879028e-01 
305   -5.521680116653442e-01  -7.257230281829834e-01  -4.104120135307312e-01 
306   -2.413450032472611e-01   2.412389963865280e-01  -9.399769902229309e-01 
307   -4.338839948177338e-01  -9.009690284729004e-01   0.000000000000000e+00 
308   -2.411250025033951e-01  -9.400489926338196e-01   2.411780059337616e-01 
309   -5.292170047760010e-01  -2.230030000209808e-01  -8.186579942703247e-01 
310   -5.290520191192627e-01  -8.188570141792297e-01  -2.226620018482208e-01 
311   -2.225210070610046e-01   0.000000000000000e+00  -9.749280214309692e-01 
312   -2.225210070610046e-01  -9.749280214309692e-01   0.000000000000000e+00 
313   -3.872359991073608e-01  -1.734669953584671e-01  -9.055150151252747e-01 
314   -3.797029852867127e-01  -3.833439946174622e-01  -8.419489860534668e-01 
315   -4.104410111904144e-01  -5.523729920387268e-01  -7.255499958992004e-01 
316   -4.312100112438202e-01  -7.139099836349487e-01  -5.517160296440125e-01 
317   -3.830910027027130e-01  -8.421000242233276e-01  -3.796179890632629e-01 
318   -3.870719969272614e-01  -9.056519865989685e-01  -1.731079965829849e-01 
319   -2.411510050296783e-01  -2.413839995861054e-01  -9.399889707565308e-01 
320   -2.410800009965897e-01  -9.400770068168640e-01  -2.411119937896729e-01 
321   -2.227330058813095e-01  -5.292159914970398e-01  -8.187350034713745e-01 
322   -3.024770021438599e-01  -6.727370023727417e-01  -6.752279996871948e-01 
323   -2.226829975843430e-01  -8.188539743423462e-01  -5.290470123291016e-01 
324   -1.731390058994293e-01  -3.873150050640106e-01  -9.055439829826355e-01 
325   -1.731519997119904e-01  -9.056320190429688e-01  -3.870989978313446e-01 
326   -1.386069953441620e-01  -7.003579735755920e-01  -7.002040147781372e-01 
327   -5.930271136371003e-01  -2.209041095611966e-01   3.673331796404561e-01 
328   -6.728997671573119e-01  -3.966778574637015e-01   3.911996178520488e-01 
329   -6.003778390285049e-01  -5.213381403456121e-01   2.638086614413177e-01 
330   -4.838371611124886e-01  -4.068531257831597e-01   4.096315393220637e-01 
331   -3.871555113436053e-01  -3.459170004291938e-01   1.991121346038982e-01 
332   -3.368570878375549e-01  -1.536544970092844e-01   3.699449921480488e-01 
333   -4.871056625587455e-01  -1.768516278837747e-01   5.750138863323117e-01 
334   -3.219146350539938e-01  -3.411126598655224e-01   6.411228530043844e-01 
335   -2.961916903222704e-01  -4.248231938211984e-01   4.304485484305445e-01 
336   -4.508514139549447e-01  -4.555408133022664e-01   5.662829889413261e-01 
337    4.277118622338048e-02   2.666718034697872e-01   3.900053310229497e-01 
338    2.833428766816892e-01   2.439964184928381e-01   1.417467228906530e-01 
339    2.087079914815861e-01   1.002912042081167e-02   2.201790299928680e-01 
340   -7.435681083141685e-02   2.427794073142639e-01   1.381326167551125e-01 
341    2.061016492097656e-01   4.335356986376939e-01   1.973953281591019e-01 
342    1.247088004779980e-01   4.452101195092520e-01  -1.753166181064643e-02 
343   -4.269842316485917e-02   5.102885414450339e-01   1.345972595351577e-01 
344   -1.839994103811388e-01   2.588936341441078e-01  -1.528499440240331e-01 
345    5.874539811404625e-02   5.291065487134849e-02   2.343010894961681e-03 
346   -2.003290807047038e-02   3.920314949505160e-01  -1.313667652841367e-01 
347   -2.248724597961353e-01   4.853350775294620e-01   3.734275763939784e-02 
348   -2.751415214413343e-01   3.013613393060102e-01   3.661835925831998e-02 
349    7.402317352198456e-02  -3.187350077300390e-01  -5.097226983235546e-01 
350    2.557723852180236e-01  -3.966583707467506e-01  -4.018553131708089e-01 
351    2.623324388080126e-01  -2.164359586612198e-01  -3.935750009744727e-01 
352    7.331140059276088e-02  -2.401371702674049e-01  -3.747864737752267e-01 
353    1.474679886545906e-01  -1.387255692259767e-01  -5.337167046476611e-01 
354    5.940694475238357e-02   2.102129734900586e-02  -4.335348418014955e-01 
355   -2.095832217281194e-02  -1.184504852353638e-01  -5.944242022667849e-01 
356   -8.514519318775994e-02  -1.680698378455153e-01  -3.099481383076990e-01 
357   -3.602991604485020e-02  -3.237260934830951e-01  -2.268310933460358e-01 
358   -9.985748688735256e-02  -3.666374121609836e-01  -4.073011319532955e-01 
359    4.461205136879180e-01  -1.380843934427870e-01   3.214372255995064e-01 
360    3.562885247751130e-01  -1.758771451324966e-01   1.129977085589506e-01 
361    5.644860422084280e-01  -1.781180469314019e-01   1.019642913203800e-01 
362    5.661526698639511e-01  -4.069161731196371e-01   2.900454680102892e-01 
363    7.539488072802332e-01  -3.230741962959997e-01   2.288512838280090e-01 
364    4.600673177045614e-01  -4.470849616174463e-01   1.126806138182545e-01 
365    6.545715831047920e-01  -5.307264836188945e-01   1.556510131742147e-01 
366    2.093210375115333e-01  -2.454833453313755e-01   2.701323377140300e-01 
367    3.150669811912290e-01  -4.943861850080549e-01   2.843035273079210e-01 
368    3.516992236345025e-01  -5.671874879810572e-01  -1.961329683376647e-02 
369    3.903733769210788e-01  -3.875897632396408e-01  -9.468291446493118e-02 
370    1.966051958965089e-01  -4.573502373401090e-01   1.181824617100800e-01 
371    5.278344695049766e-01  -5.869280908791345e-01   2.735841560780091e-02 
372    4.253917092514069e-01  -6.221494643529524e-01   1.927637444901942e-01 
373    4.752125901926061e-01   1.335567415583289e-01  -3.691288192763449e-01 
374    4.988167716938471e-01   3.185195527083769e-01  -2.560268983973455e-01 
375    5.211674446461976e-01   2.698305690313447e-01  -4.812480393081599e-01 
376    3.167331847518204e-01   2.094335891684987e-01  -3.326522425402596e-01 
377    1.474105922025931e-01   1.980135301171828e-01  -4.296638910314096e-01 
378    1.615372868850273e-01   3.496585713753407e-01  -2.410591898052657e-01 
379    1.633016905647938e-01   1.958073617121683e-01  -1.981392605886287e-01 
380    2.601515481499511e-01  -5.645263899221428e-03  -3.731545108944304e-01 
381    2.133786802759371e-01  -3.005896144765318e-02  -1.675361804783220e-01 
382    1.047212824374277e-02  -4.464577296192111e-01   2.110303567314599e-03 
383    1.986450903931536e-01  -4.375839004528383e-01  -1.964483175366197e-01 
384    7.251339356512074e-02  -2.290073088191730e-01  -7.244419525295952e-03 
385    1.794593661997229e-01  -5.515365477827386e-01  -4.023816916966853e-02 
386   -2.339829120362033e-02  -3.880572273729927e-01   1.262899848122589e-01 
387    1.906055195368128e-01  -4.048567150490391e-01   3.619174420908656e-01 
388   -3.656654274081913e-02  -6.122302088891485e-01   1.287513075056583e-01 
389    1.198023150681898e-01  -7.411054101194490e-01   1.646221188444866e-01 
390    3.811963707260316e-02  -5.413008771983638e-01   2.520640829710824e-01 
391    4.534719683013760e-01   8.002745635853295e-02   2.034388065762628e-01 
392    2.542045100285114e-01   2.295542105467681e-01   3.995329903482694e-01 
393    2.323088830469046e-02  -7.931312373326858e-02   3.411616052125482e-01 
394   -4.100009380161255e-02   3.090748264082158e-02  -1.805842841258264e-01 
395   -3.158136585995310e-01   1.009495458883994e-02  -1.313176048816809e-01 
396   -2.590742932718184e-01   2.695756069119224e-02   9.064373943242875e-02 
397   -4.165984600687408e-01   2.784182998050667e-01   3.766938590291633e-01 
398   -1.657352684235076e-01   1.324887317696002e-01   4.011710255607088e-01 
399    3.105871004555804e-01  -6.289266937786466e-01  -3.647246696745076e-01 
400   -1.207392273124704e-01  -2.088599946927162e-01   1.889812036411972e-01 
401   -6.278728391962701e-02  -7.223205844622366e-02   2.348915068684532e-01 
402   -1.130829220855401e-01  -2.174927282231300e-01  -2.626483782622147e-02 
403    4.514518063135465e-01   7.117609298619307e-01   6.322465839803568e-02 
404    2.617618979450148e-01  -5.719460514765532e-01  -4.668571171127464e-01 
405    4.194617916383052e-01  -4.281169461246787e-01  -3.686966841884771e-01 
406    4.005206783477195e-01  -3.173594293809439e-01  -5.467450858044013e-01 
407   -3.132441775147343e-01   4.160858542672614e-01  -6.171606343092810e-01 
408    6.340570101712871e-01   1.673745605067128e-01  -5.453026493837276e-01 
409    2.597761739965651e-01  -3.435007753706068e-01  -7.370891436703860e-01 
410    2.155965830573403e-01  -5.169923142361200e-01  -6.152724200634868e-01 
411    4.010525966708472e-01  -5.075135541480284e-01  -5.642471225227592e-01 
412    4.084901989876662e-01  -2.919742850734932e-01  -7.115078311511196e-01 
413    3.663559676499741e-01  -1.498847964719115e-01  -5.671042743967844e-01 
414    6.102778465856273e-01  -1.858141986131866e-01  -5.583409094960673e-01 
415   -6.712261434343243e-01  -3.892352319931052e-01  -3.886738069741260e-01 
416   -7.143083592628113e-01  -2.384613036034762e-01  -3.328128297899807e-01 
417   -7.680849087374211e-01  -3.384077773156678e-01  -1.064922309810695e-01 
418   -7.951986361993780e-01  -7.805515535962392e-02  -2.769294021572610e-01 
419   -5.111421942967599e-01  -1.746337401618425e-01  -2.427822284710335e-01 
420   -7.921450896356170e-01  -1.365149392585209e-01  -5.645111175539424e-02 
421   -6.102417286844540e-01  -2.978665722794653e-01  -1.703871134683649e-01 
422   -5.741069065122955e-01  -4.153846131215966e-01  -1.256431032861771e-02 
423   -5.103494931513152e-01  -1.176129785621633e-01  -2.175512692926387e-03 
424   -2.918330802682289e-01  -3.037955687149762e-01  -7.345580260388346e-02 
425   -6.446794322721065e-01  -5.465309307349074e-01  -1.624268222772940e-01 
426    6.906279964978132e-01  -2.911813534747841e-01   4.248018714686955e-01 
427   -5.011953448572186e-01  -5.723427388164668e-01  -1.411832942882968e-01 
428   -4.912625276068714e-01  -3.923912720283410e-01  -3.093993677453796e-01 
429    2.784040474617327e-01  -2.326053934290220e-01   7.736039205230817e-01 
430    1.621493642212558e-01  -2.949217386446860e-01   5.908436006483576e-01 
431    5.099865981887383e-02  -2.669343619963196e-01   7.242959280844709e-01 
432    1.032522518621790e-01  -1.141702149326751e-01   6.259880912504571e-01 
433   -1.591202171850468e-01  -4.950730913044207e-01   2.002670723772888e-02 
434   -2.126969026309908e-02  -4.604117941007943e-01  -1.872236956545996e-01 
435   -2.078640409030023e-01  -5.494691336211961e-01   2.241561765364448e-01 
436    2.611414970869389e-01   2.725747927170755e-01   7.758427373024767e-01 
437   -7.239930832197293e-02  -7.126571335761166e-01  -4.558891706749029e-01 
438   -3.927803775776787e-01  -5.222443515496864e-01  -5.655795644641851e-01 
439    6.972228953094862e-01   2.541299005848886e-01   1.645918402567908e-01 
440    5.313725733843263e-01   2.144240179183277e-01  -4.678784024988840e-03 
441    2.600751480360926e-01   3.819959870102355e-01  -4.217166283958206e-01 
442    3.973907052910586e-01   5.067100601496143e-01  -1.842205189473632e-01 
443   -2.945107750287061e-02   1.855347904150923e-01  -3.812369326043203e-01 
444    3.050141162896232e-01   2.918955347414490e-01  -5.385572200281167e-02 
445    3.314218927398900e-01   5.441192966273656e-01  -1.858159296260999e-02 
446    3.923858755930583e-01   7.107549017946196e-01  -2.588216705158122e-01 
447    1.555657194767744e-01   8.104542688517469e-01  -1.758527284045710e-01 
448    4.371328558328180e-01  -4.805597262968804e-01  -1.648127606865401e-01 
449    1.698942873707709e-01   1.955950989783105e-01   5.764264183559864e-01 
450    8.887890970706625e-02   4.114046512965052e-01   5.902138814043680e-01 
451    2.700124827134564e-01   4.063032906549739e-01   6.222278247620687e-01 
452    2.294072360630470e-01   4.190867469843793e-01   4.070152669339253e-01 
453    4.122467625948146e-01   4.389387642843373e-01   3.408925025301330e-01 
454    4.962546115774073e-01   3.643184239918058e-01   5.181223372751103e-01 
455    4.080885251004791e-01   5.000482027865119e-01   5.627171428209874e-01 
456    2.657307379077796e-01   6.312270526444499e-01   5.112120732861714e-01 
457    5.205281177209192e-01   5.488893904829216e-01   4.163672832143975e-01 
458    4.417684253161340e-01   6.078990070457562e-01   2.321713356574822e-01 
459    2.694996978619326e-01   7.055848273164327e-01   3.766853900343018e-01 
460   -7.568357703184552e-01  -3.966135870257630e-01   1.159842053594428e-01 
461   -7.698772346340939e-01   4.004013464235200e-01  -1.401824217126076e-01 
462   -5.192219367599611e-01   5.497807969000722e-02   3.224135227466062e-01 
463   -2.833848008683539e-01   8.316028613311108e-03   4.195054493872198e-01 
464   -5.163327178127416e-01   1.368715933451490e-01   5.624558820597887e-02 
465    4.769311175028807e-01   7.384061860012689e-02   6.942324215594069e-01 
466   -4.308673045603133e-01  -6.032030982159073e-01   4.136558492860393e-01 
467   -6.969303862693687e-01  -2.433986329681714e-01   1.634566158132478e-01 
468   -1.433941041553540e-01  -7.981013660765504e-01   1.790731953210578e-01 
469    8.041435429954963e-01  -2.095919430227420e-01  -8.233927342885059e-02 
470    7.601864269072106e-01  -3.075146812350251e-01   7.705135274195867e-02 
471    2.256935861946013e-01   7.385918682920791e-01  -3.481645770187863e-01 
472   -3.716886521634049e-01  -2.751824971460157e-01  -6.908598199309206e-01 
473    1.176732686533482e-01  -7.620299756452813e-01  -3.854230842763150e-01 
474   -2.677062498864546e-01  -3.775380389552762e-01  -3.425674200045231e-01 
475   -4.930013739264557e-01  -3.336705714416126e-01  -5.044202151411154e-01 
476   -5.344063456824576e-01  -5.072444946543269e-01  -4.365926069899151e-01 
477   -6.366513308715760e-01  -2.264645125768513e-01  -5.329966077603818e-01 
478    2.465605219891545e-01  -5.640904128488861e-02  -6.721335273040354e-01 
479    1.112427591196478e-01   5.388291185512400e-02  -6.408469485251980e-01 
480    1.859169165838035e-01  -2.856359494571421e-01  -6.163524591014952e-01 
481    1.169767221722346e-01  -2.450352209108080e-01  -8.164453349833678e-01 
482   -1.056885678147879e-01  -9.214684831952648e-02  -7.996879936278238e-01 
483   -9.143713129407108e-02  -3.209835506857880e-01  -7.270025345163186e-01 
484   -1.862364017154939e-01  -8.875917664297767e-02  -6.736055067915827e-01 
485   -6.751554504694826e-02   7.254095391011325e-02  -7.263560337011950e-01 
486   -2.668676341336678e-01  -4.118899446717978e-01  -5.944177402209611e-01 
487    4.932501838202153e-01  -2.091334748850951e-01  -4.173465416523259e-01 
488    5.900416746774337e-01  -4.199070903196103e-01  -4.651282921101625e-01 
489   -4.474416525221167e-01   6.482137013137859e-01  -3.471770170705280e-01 
490    7.583920747203220e-02  -4.694501403420104e-01  -4.321638129322254e-01 
491    1.029514372156968e-01  -5.724308675869302e-01   5.173065538518348e-01 
492   -8.105170971987011e-02  -3.580104451823433e-01   3.739433241188472e-01 
493    2.549532618932286e-01  -4.652683978770933e-01   5.914419724433837e-01 
494    5.553525979630066e-02  -2.985380013859891e-01   4.484191651548773e-01 
495    2.439227232668870e-01  -1.771209271249733e-01   5.013194871655781e-01 
496   -1.367599400613185e-01   5.908065594690453e-01   4.888303721487111e-01 
497    1.956774885986991e-02   5.262149175951580e-01   3.426428043571769e-01 
498    9.495255147021819e-02   5.549101292852953e-01   6.287332414347543e-01 
499   -1.432078346281932e-01   5.252498233747530e-01   6.650269738456008e-01 
500    7.408094413979473e-02   4.318852566909590e-01   7.631244168245496e-01 
501   -1.338891978104749e-01   3.337573991773647e-01   5.664081128022908e-01 
502    6.455117554902162e-01   3.925615444709698e-01  -6.359293271281891e-02 
503    7.261401911287844e-01   1.247784302382797e-01  -9.406772336887490e-02 
504    5.038014627221721e-01   4.045368791541308e-01   5.872729855886102e-02 
505    5.212195436342290e-01  -5.946412276833889e-01  -3.219000596488665e-01 
506    4.818247502461721e-01  -7.096388804495701e-01  -1.042954540183553e-01 
507   -4.361652898689256e-01   5.330418408935629e-01  -5.637091915403559e-01 
508   -2.644759789854411e-01   3.460798212866721e-01  -3.959331451113127e-01 
509   -5.224476309648855e-01   4.681490315932030e-01  -4.111504607670014e-01 
510   -3.192303311472758e-01   5.131261499265742e-01  -2.385140719272600e-01 
511   -2.058511879306499e-01   5.480990765368589e-01  -4.225181759306874e-01 
512   -2.842251329387842e-01   7.322114983965663e-01  -2.039818057980051e-01 
513   -1.643735465935570e-01   5.166938362811613e-01  -1.772417041304310e-01 
514   -8.502143009303732e-02   3.809927197161176e-01  -5.530125885862927e-01 
515   -1.566642971522822e-01   6.402658871541312e-01  -5.431977799953733e-01 
516    1.209646649361141e-02   4.956466984694187e-01  -3.460759248483014e-01 
517    2.845771299729202e-01   5.344126654818451e-01  -4.828017498217639e-01 
518    9.429682773229317e-02   3.922323427770884e-01  -5.066665664176687e-01 
519    2.882748769018047e-01   4.502401037468410e-01  -6.631957468830044e-01 
520    1.727128666293731e-01   6.194967818325958e-01  -5.080591309347584e-01 
521    1.628923822260499e-03   6.106680248568964e-01  -6.220904495964273e-01 
522    2.729616046878051e-01   2.512671665402821e-01  -6.001215700956106e-01 
523    1.344473061168415e-02   2.116325907820487e-01  -5.490799673306062e-01 
524    7.797303069676161e-01  -2.387328997236811e-01  -2.723646153834573e-01 
525   -3.255018463721177e-01  -1.311456941676706e-01  -4.214349005111546e-01 
526   -5.485444953188418e-01   1.601237689907467e-01  -1.718974017415488e-01 
527    1.059322751550531e-01   8.067555667813005e-01   7.622887356217406e-02 
528    3.073334401359730e-01   8.314748349530575e-01   1.942878980194248e-02 
529    1.891571099991802e-01   5.643059213042968e-01  -2.484986064939841e-01 
530   -2.739897720004750e-02   7.195814825211916e-01  -3.905637414424112e-01 
531    2.132725449751266e-02   6.297606512032462e-01  -7.410901900804283e-02 
532    3.029629364826582e-01   7.041075203306683e-01  -1.178725682828644e-01 
533   -4.042257167779682e-01   4.687015893303808e-01  -9.187255082649599e-02 
534   -3.895621755592113e-01   2.576292741594017e-01  -6.746116879523696e-01 
535   -3.914581955367077e-01   1.047339516569062e-01  -4.818059899143647e-01 
536   -1.956050356529044e-01   1.835851492563599e-01  -5.548064970703174e-01 
537   -3.742856406532297e-01   2.393878743381772e-01  -3.645198453214931e-01 
538   -6.295928080857296e-01   4.098492947750031e-01  -2.748895611314338e-01 
539   -5.915377381850028e-01   2.290436297939883e-01  -4.043278783700527e-01 
540   -5.397937370951641e-01   3.215811291340364e-01  -5.632419833528509e-01 
541    4.262409477735196e-01   1.155932929389008e-01  -1.863836840301219e-01 
542    3.091244690348784e-01   8.362764047728022e-02  -3.278932019935528e-02 
543   -5.958462194205993e-01   4.138826850171234e-01  -4.927174522182989e-02 
544   -5.560252961854325e-01   4.485486801862654e-03  -4.111548634320104e-01 
545   -7.581956443417924e-01   9.098156867233520e-02  -3.156995518957687e-01 
546   -7.558294865426701e-01   2.285520549541199e-01  -3.444430124481972e-01 
547   -7.661119031411665e-01   1.458490249896260e-01  -9.350765934146603e-02 
548    3.312796007831441e-01   1.935792158514912e-01   6.556677765453148e-01 
549    1.975410057850222e-01   1.157564764116690e-02   4.162059425108763e-01 
550   -1.296148959118708e-01   1.038936249953260e-01   5.975164026859834e-01 
551    4.017647706881669e-01   8.798760521575448e-02   4.337450310387248e-01 
552    1.352559916219744e-01   6.045947036957292e-01   1.484476806147606e-01 
553   -5.475765222379520e-01   1.231650553768233e-01  -5.865678129589722e-01 
554    1.991666605400604e-01  -6.694381820450996e-01   4.377085285184792e-01 
555   -2.932620887651214e-01  -6.686765249186115e-01   4.823414157599175e-01 
556   -1.900861955216914e-01   1.102989889501446e-01  -3.514240163110433e-01 
557    2.583135984047558e-01  -7.554384785446241e-01  -2.255268393617663e-01 
558   -7.128461429448133e-01   4.866183313357945e-01   8.558162432117684e-02 
559    5.589013888325228e-01   2.399686653155395e-02  -6.780847570993351e-02 
560    4.718704822627623e-01  -1.597986303629236e-01  -9.610798790899715e-02 
561    6.565757272489051e-01   7.560081471303005e-02   1.326912162213297e-01 
562    4.419113742260407e-01  -6.788374150720201e-02  -2.746077412984075e-01 
563    4.099215145312615e-01  -2.842034295733403e-01   4.055752427977032e-01 
564   -2.120468542843243e-01   4.469931100123116e-01   3.085212055576383e-01 
565    3.791012149252969e-01  -1.020443138388545e-01   5.171670656723073e-01 
566    2.820095861327872e-01   1.534433260911745e-02   6.220642582510445e-01 
567   -3.583433244387442e-01  -6.366170225681233e-01   1.655032446530235e-02 
568   -2.230397325672328e-01  -5.869660687372077e-01  -1.576975091704819e-01 
569   -4.891297982268537e-01   5.844195286653552e-01  -1.843724676555614e-01 
570    7.155238916495792e-01  -7.092074168284510e-02  -4.676995192583234e-01 
571   -2.558112162980699e-01   7.130612037663109e-01  -4.196982496818233e-01 
572   -4.087342547514624e-01  -6.685141872564038e-01  -3.641872877000683e-01 
573   -2.381259278044630e-01  -5.521309232294557e-01  -3.640922051198919e-01 
574   -3.929164410429984e-01   2.609767824074992e-01   6.238532688599332e-01 
575   -3.898644531892091e-01   1.334759891964869e-01   4.970944579665452e-01 
576   -6.113846354085825e-01   2.855482618219191e-01   4.994219302077487e-01 
577    6.535987922048381e-01   1.325744479124826e-01   5.369044382224014e-01 
578   -3.820784670279396e-01   6.911840052235159e-02   6.624462562456649e-01 
579    1.008664345141233e-01  -4.209693204689247e-01   7.405270634376706e-01 
580   -5.086148167887690e-01   1.356430894702046e-01   7.024481028891229e-01 
581    5.550041415973606e-01   5.943426101103815e-01   2.405639069644568e-02 
582    6.882351296998942e-01   5.223562929474177e-01   9.489293609414948e-02 
583    5.583514220456809e-01   5.160400790931211e-01  -3.839558390161335e-01 
584    7.160212175101653e-01   4.003880891052062e-01  -2.729105442291647e-01 
585   -2.684552535738098e-01  -7.996046399164264e-01  -2.019640056332616e-02 
586    7.066949684628701e-01   2.410041736704527e-01  -3.592031599085323e-01 
587    6.130471437523959e-01  -6.284059415861232e-03   3.212852956423087e-01 
588   -7.150469415088983e-01   1.851757957557493e-01   3.006429309443942e-01 
589   -7.302311934779093e-02  -4.706745585999839e-01   7.163724648054097e-01 
590    7.324883931399584e-03  -4.590116916339135e-01   6.387804533235283e-01 
591   -2.319024672902242e-01  -5.028485846356993e-01   6.171755457930528e-01 
592   -7.907101507621882e-01  -1.602364622754493e-03   3.147320131604474e-01 
593   -3.208611163934389e-03  -6.859708787529195e-01  -5.747881821629321e-02 
594    2.975503857638602e-01  -7.563289752382952e-01   5.150868949804885e-02 
595   -5.514386868613408e-01  -6.572094067498202e-01  -6.735286677968419e-02 
596   -4.299002772240441e-01  -5.097579637456795e-01   1.282633938449957e-01 
597   -6.322849889663437e-01  -5.950651414450970e-01   5.659110763295736e-02 
598   -8.171518993665436e-02  -7.989882328127517e-01  -2.393914278971486e-01 
599   -5.232266643400098e-01  -6.517342699745216e-01   1.648843641909935e-01 
600   -1.521995849382249e-01   3.738695047776727e-02  -5.359502697653016e-01 
601    4.096550962755077e-01  -3.112072607430611e-01   6.747683154251758e-01 
602    1.421030488632715e-01  -8.502114093112435e-01  -1.426025323547124e-01 
603    3.063541855377643e-04  -6.746231555575857e-01  -2.753823949424525e-01 
604    7.995146806317509e-01  -1.008083108071708e-01   8.639324581307473e-02 
605    8.113288727693460e-01  -6.286790388518679e-02   2.729543838755684e-01 
606   -1.361908108716068e-01  -3.391490480182054e-01   7.276899315588297e-01 
607    5.920192290602978e-01  -4.030443662920863e-01  -3.846317063148316e-02 
608   -6.674622621010441e-01   3.642916148964223e-01   2.050851520363482e-01 
609   -5.794173471706755e-01   4.425130677166546e-01   4.301391306432763e-01 
610   -4.235597425126160e-01   4.182905248328204e-01   1.646357771841610e-01 
611   -6.486881079749537e-01   5.039170303576335e-01   2.718148646613727e-01 
612   -5.124522999274013e-01   5.631052928752621e-01   1.144955617827723e-01 
613   -5.151876895714039e-01   6.153426422478817e-01   2.977115298686860e-01 
614   -6.751443819958077e-01   5.546491221370969e-01  -2.090088313588044e-01 
615   -7.933066740274655e-01   2.905028787942284e-01   3.188787415672751e-02 
616   -2.996049918555880e-01  -3.042362754429394e-02  -7.937747315008409e-01 
617   -2.154581853289282e-01   1.149475047707250e-01  -7.838797541698432e-01 
618   -5.355246285641222e-01  -1.380424793851393e-01  -6.895653352514711e-01 
619   -3.536724556114800e-01   6.271530790682879e-01   4.211092196983231e-01 
620   -3.352882663961536e-01   4.669721731535176e-01   3.510495049283411e-01 
621   -4.052718205067796e-01   4.857581211970954e-01   5.668449839001898e-01 
622   -2.576981518408412e-01   3.981478818753633e-01   6.093411531228459e-01 
623    2.642835646846032e-01   4.322420705988737e-02  -5.015281121482098e-01 
624   -7.959729788777227e-01  -5.724120018734359e-02   1.342926514839648e-01 
625   -7.124950213361405e-01  -6.624848750712477e-02  -4.560267693570599e-01 
626   -4.293940470654136e-01  -1.618579282543892e-02  -6.538891069868227e-01 
627    6.395265846523812e-01  -5.238151851785193e-01  -2.253733485193073e-01 
628    4.597604372019629e-01  -7.220576295479152e-01   7.665674706600335e-02 
629    6.794544437934343e-02   7.080000610316424e-01   4.631117887407978e-01 
630    3.752432496966747e-01  -2.869978712663054e-01  -2.400549175018445e-01 
631    6.102443851097746e-01  -3.077607064877101e-01  -2.870278569413535e-01 
632    5.878237286663053e-01   6.278579037211419e-01   1.896647310801439e-01 
633    4.104574419347954e-02   2.714414111971351e-01   7.484898730917445e-01 
634   -6.022201289780969e-02   8.042389408719440e-02   7.845580579209501e-01 
635   -9.481471269533939e-02   3.065800816467439e-01   7.855790716149619e-01 
636   -3.031729437153346e-01   2.208837850036346e-01   7.796860353781173e-01 
637   -1.660782266300619e-01  -1.246494912392783e-01   7.958395015469058e-01 
638    9.772368467280802e-02  -9.443050509119162e-02   7.982761373569051e-01 
639   -1.155681880418852e-01  -1.399829664189449e-01   6.536552189679135e-01 
640    1.237806315924323e-01   1.336099521910414e-01   8.049775795442338e-01 
641   -3.447512431830530e-02  -5.515915002470895e-01  -5.650355432057796e-01 
642    8.412032991871195e-02  -4.676402936692977e-01  -7.307916902654167e-01 
643   -1.700074776261046e-01  -5.300165738438738e-01  -6.647730319564098e-01 
644    6.695663650671933e-01   2.900400417378152e-01   4.372620201051954e-01 
645    6.371056437255337e-01   4.703708428686160e-01   2.772166770625491e-01 
646    7.951075174891739e-01   8.855277772174443e-02   2.751815267126783e-01 
647    4.001438720239550e-01  -4.390846626836091e-01   4.297768504547617e-01 
648    2.745256306367092e-01  -7.798069795013316e-01   2.599743689506734e-01 
649    4.470457779767177e-01  -5.968528520969298e-01   4.394834859678872e-01 
650    4.888605435816506e-01   2.770100724859311e-01   6.610387905420503e-01 
651   -8.923118238049674e-02   4.672202944042923e-01  -7.068658933798688e-01 
652   -6.858885098211011e-01   1.075753580573662e-01  -5.114897882772982e-01 
653   -3.819477600474705e-01  -7.296332298819285e-01   2.406734224203015e-01 
654    6.187555643176514e-01   6.623820150565221e-02  -2.626553361871384e-01 
655   -6.894812608840614e-01  -7.156125656230195e-02   4.905874589004486e-01 
656   -3.640102492743277e-01  -5.467672658010487e-01  -2.198836989604389e-01 
657   -4.706483683051083e-01   7.028557168506048e-01  -1.344201051206744e-02 
658   -1.271023148690366e-01   6.645435236022719e-01   9.001797547746524e-03 
659   -5.140505085856103e-02  -2.682299255320895e-01   5.360421144107959e-01 
660   -3.855984201870790e-01  -7.529593783748165e-01  -1.299672297883208e-01 
661   -1.801751067774128e-01  -1.218040683775591e-01   4.702890207851772e-01 
662    6.351491882796119e-01   1.397767328065542e-02  -4.567126127062735e-01 
663    4.336409016933702e-01   1.820542038160767e-02  -5.484733192547600e-01 
664    7.198325606320538e-01  -2.726419355592695e-01  -4.084980945096092e-01 
665    5.981005688490587e-01  -1.493586839988406e-01  -2.981994815027278e-01 
666   -3.064427196293998e-01   6.258919590389590e-01  -4.371814304909147e-02 
667   -6.207227519077385e-01   2.934014292419743e-02  -6.144757148612380e-01 
668    5.491633989708175e-01   3.668249731711389e-01  -5.384818199381093e-01 
669    4.148724726239867e-01  -5.121018124936700e-01   5.963709642033114e-01 
670    5.624731434889300e-01  -4.110919912255031e-01   5.216337592492768e-01 
671   -8.063822377050448e-02  -7.109534351890738e-01   4.114623192199895e-01 
672    1.149169129944478e-01   3.055629328874457e-01  -7.839905008628316e-01 
673    7.738298395022772e-01  -5.179657450958471e-02  -3.163658890175886e-01 
674   -6.193187180834215e-01   4.268461283783678e-02   5.994975525329510e-01 
675    7.071203233393504e-01  -5.972877137000446e-02   4.692025103865251e-01 
676    5.816047251191249e-01  -1.956283143352688e-01   5.088277032056991e-01 
677    5.706827677262930e-01   9.123614316761078e-03   5.671940471023886e-01 
678    8.227208964763241e-01   1.233234888362252e-01   1.004625519687456e-01 
679    4.236156332659702e-01   4.836088643544854e-01  -5.595396563781830e-01 
680    4.247744624515978e-01   2.819290262807452e-01  -6.915421612370318e-01 
681    8.311778510373560e-01  -3.615992856810788e-02  -1.472840509599935e-01 
682    4.509349666993209e-02   7.926654259931215e-01   2.960177174252427e-01 
683    1.025108912181252e-01   3.942152374724733e-02  -8.356310584694623e-01 
684    4.595612697848151e-01   7.160608762279173e-01  -6.648314923719707e-02 
685   -2.951172677639037e-01  -5.536260421462758e-02   7.110385578910077e-01 
686   -3.280053023327760e-01  -2.458678614295753e-01   7.645967053324426e-01 
687   -4.557287032166872e-01  -6.644094966689471e-02   7.172184618230164e-01 
688   -2.557951725000031e-01  -6.391490246150726e-01  -5.133409907056227e-01 
689    7.428385154546366e-02  -6.567376591811948e-01  -5.699394787031822e-01 
690    3.027022418616719e-01   3.115714123162602e-02  -8.023410460433945e-01 
691    8.016243608761716e-01   2.958883917041427e-01  -6.402490650852453e-02 
692   -4.307534901730308e-02   2.444797224137023e-01  -7.489082125492415e-01 
693    1.632804039563932e-01   1.814319416094237e-01  -7.246093106931519e-01 
694    3.312993569723882e-01   1.171436660240896e-01  -7.246181664424676e-01 
695    9.048809256251290e-02   7.243781126224305e-01  -4.922847885006967e-01 
696   -5.658916341116400e-02   7.963599877693026e-01  -1.348113100245730e-01 
697   -5.980922625884295e-02   8.009076499607719e-01   8.048402346799544e-02 
698   -2.814058101930401e-01   7.740976162476612e-01   2.513570902463986e-01 
699    6.270546705852038e-01   5.603430589933873e-01  -1.236177212387519e-01 
700   -2.421002428655973e-01  -7.652032041327992e-01  -3.024177988554714e-01 
701   -2.224351429612919e-01   5.993293533313295e-01   2.132227283094671e-01 
702   -1.007753761111929e-01   7.248516179709074e-01   2.566818587491660e-01 
703    7.972298133421787e-01   5.675610012041661e-02  -2.966796799114767e-01 
704    2.901475191032641e-01  -8.401203115158731e-03   7.995609243044365e-01 
705    4.003692198257760e-01  -1.229053451261740e-01   7.432614765877516e-01 
706    5.339471933539753e-01  -2.153731881873049e-01   6.359827516116909e-01 
707    4.546201430337349e-01   4.166422867432259e-02  -7.140207424404491e-01 
708    5.739730232125474e-01  -4.478536400877027e-02  -6.429224188045967e-01 
709    4.099630436668360e-01  -1.014498644736114e-01  -7.405747499487442e-01 
710    6.571127218228493e-01  -2.159694003289317e-01  -1.054818857796147e-01 
711   -1.014216303037919e-01   7.548898542218655e-01   4.365910466315572e-01 
712   -2.425573196934935e-01   7.966167925794889e-01   1.193359797326549e-01 
713    7.461096245007947e-01  -3.743371216728259e-01  -1.999030143669144e-01 
714    2.743495171283948e-01   7.759889975603344e-01   2.459873309764313e-01 
715   -2.187982904169185e-01   3.637248134123195e-01  -7.432264569334288e-01 
716   -2.851549764438465e-01   8.016552140035830e-01  -6.203742714724631e-02 
717   -3.872620191162290e-01   7.242074134078955e-01   1.387645056141525e-01 
718    2.803279866774546e-01   3.043011650372253e-01  -7.927949492651839e-01 