266.876
257.986
257.441
255.373
251.331
250.576
250.107
249.953
249.548
248.937
247.972
247.702
247.313
247.111
243.284
242.569
241.162
240.801
239.086
238.944
237.24
237.116
236.271
235.94
235.929
235.143
234.8
234.729
233.989
233.985
233.161
232.102
231.191
229.534
227.253
226.573
224.753
222.408
218.286
215.657
214.867
214.037
212.475
212.257
211.572
211.542
210.235
210.115
208.953
208.865
208.764
208.7
208.524
208.192
207.995
207.908
207.397
207.394
206.95
206.922
206.874
205.889
205.418
205.131
204.844
204.38
203.548
203.525
202.827
202.798
202.174
201.525
201.479
201.414
200.974
200.848
200.844
200.495
199.799
199.109
198.995
198.308
198.086
196.812
195.324
195.03
194.827
194.767
194.75
194.563
193.47
192.873
192.839
192.746
192.344
190.595
189.445
188.804
188.575
188.541
188.202
187.874
187.123
186.731
185.178
184.68
182.768
182.308
182.066
181.495
181.014
180.866
180.422
179.778
179.616
179.15
179.037
179.014
177.861
177.408
177.27
176.292
175.518
174.886
174.514
173.549
172.642
172.288
171.181
171.076
171.069
170.431
169.877
169.712
168.161
167.965
167.646
167.44
167.27
167.132
166.676
166.373
166.123
166.053
164.908
163.433
163.136
162.837
162.725
162.648
162.591
161.969
161.709
160.563
160.395
160.286
159.499
158.979
157.877
157.791
157.729
157.127
156.324
155.627
155.532
155.061
154.475
154.369
153.608
152.806
152.61
151.739
151.667
151.174
150.988
150.366
149.997
149.689
149.46
149.418
149.174
148.874
146.094
144.503
144.224
142.583
142.424
138.401
137.94
137.706
136.702
136.509
135.467
134.794
133.086
132.873
132.388
131.394
131.114
130.907
130.186
130.102
129.285
128.848
128.761
128.701
128.649
127.202
126.928
126.704
126.581
125.855
125.589
125.134
124.173
123.535
123.394
123.006
122.783
122.689
122.325
121.994
121.216
121.006
120.81
120.166
120.094
119.154
119.037
118.965
118.881
118.826
118.31
118.048
117.929
117.441
115.997
115.855
115.508
115.507
114.938
114.831
114.63
114.24
114.188
114.122
113.948
113.487
113.009
112.564
112.464
111.711
111.198
111.109
110.978
110.082
109.611
109.085
109.036
108.963
107.688
107.593
106.928
105.882
105.699
105.688
105.23
104.625
104.117
103.412
103.321
103.2
103.091
102.959
102.93
101.76
101.495
101.313
101.173
100.801
100.476
100.395
100.202
99.6896
99.3928
99.3045
98.9753
98.2179
97.9355
97.8211
97.0446
96.5197
95.5098
95.3126
94.6616
94.5173
94.1448
93.7355
93.1436
92.7447
92.4813
92.278
92.1846
92.0429
91.723
91.6597
91.46
89.9301
89.8971
89.7037
89.1766
89.0162
88.9657
88.9653
88.8089
88.4509
88.2329
88.2068
88.0862
87.8057
87.7753
87.2204
86.1488
86.0142
85.2199
85.0503
84.9738
84.6827
84.5892
83.6582
83.5867
82.9905
82.778
82.5875
82.4001
82.3453
82.2453
81.8174
81.5624
81.5171
81.3885
81.3103
81.095
80.9153
80.8659
80.6625
80.5181
80.5022
80.4386
80.3255
80.1523
79.9373
79.6943
79.0235
78.8737
78.8353
78.8205
78.7019
78.5697
78.5533
78.179
77.9174
77.5877
77.5727
77.5013
77.3661
77.3507
77.2515
77.2378
76.9219
76.749
76.2042
76.08
75.7202
75.5285
75.2846
75.2317
75.1908
75.0219
74.8877
74.6284
74.4313
74.3236
74.2828
74.0576
74.0031
73.8008
73.5358
73.4032
73.3426
73.2118
73.0284
72.7345
72.5628
72.4463
72.3663
72.2834
72.269
71.5832
71.2716
71.2037
71.1904
70.7594
70.0554
70.0482
69.9489
69.9014
69.8871
69.8344
69.5438
69.3259
69.3
69.2946
69.1568
69.0757
69.03
68.9095
68.8076
68.7911
68.7682
68.6801
68.6103
68.5261
68.4464
68.2626
68.2382
68.0629
67.9514
67.9487
67.9338
67.9036
67.8253
67.8022
67.7573
67.6191
67.4435
67.3912
67.3364
67.2321
67.2024
67.1107
67.013
66.9218
66.6259
66.5727
66.5284
66.5094
66.3726
66.3372
66.2463
66.1534
66.1363
66.0631
65.7644
65.7013
65.5773
65.567
65.3759
65.3474
65.2284
65.0383
64.946
64.8921
64.7855
64.78
64.7155
64.6594
64.5717
64.0982
63.9043
63.8187
63.8109
63.8063
63.5822
63.5707
63.1977
63.1965
63.1392
63.0357
62.9328
62.7821
62.6483
62.5075
62.48
62.3121
62.2574
62.067
62.0558
62.0331
61.9329
61.7478
61.7322
61.6509
61.5789
61.5463
61.5432
61.5177
61.3821
60.895
60.8337
60.7815
60.7344
60.6802
60.6612
60.4746
60.244
60.09
60.0301
59.9867
59.9531
59.8519
59.6773
59.6738
59.6537
59.6071
59.5432
59.4341
59.3479
59.1856
59.1718
59.1611
58.9965
58.9345
58.7671
58.4777
58.36
58.0373
57.9474
57.707
57.6703
57.6305
57.5318
57.5165
57.4064
57.3592
57.2784
57.277
56.8869
56.7445
56.6962
56.4797
56.3791
56.3494
56.3415
56.3046
56.2892
56.2645
56.1971
56.1428
56.0982
56.0775
55.9676
55.8986
55.7759
55.7248
55.3683
55.362
55.3367
55.1686
54.9374
54.7938
54.7126
54.582
54.57
54.5582
54.5078
54.4478
54.4015
54.3917
54.3485
54.347
54.3419
54.1872
54.0953
53.9748
53.9729
53.7253
53.6055
53.5037
53.3003
53.1411
53.1201
52.8217
52.7022
52.5858
52.5053
52.3781
52.3401
51.9654
51.9618
51.9563
51.8845
51.8625
51.8383
51.6795
51.6708
51.6437
51.6378
51.5932
51.5306
51.4931
51.3588
51.2895
51.2051
51.1594
51.102
51.0322
51.024
50.9507
50.8997
50.8287
50.814
50.7683
50.7652
50.7515
50.7191
50.6065
50.4694
50.4352
50.2928
50.2795
50.253
50.2204
50.1643
50.112
50.0212
49.9408
49.9256
49.7122
49.7122
49.6555
49.5245
49.5222
49.2741
49.1766
49.1505
49.1391
49.1346
49.1086
48.8215
48.7893
48.641
48.6328
48.5387
48.4288
48.407
48.2635
48.1968
48.1506
48.0508
47.9732
47.9544
47.9168
47.8619
47.8346
47.8307
47.8306
47.6714
47.457
47.2261
47.171
47.0738
47.0394
47.035
47.0127
46.9728
46.9523
46.9305
46.9206
46.8881
46.8196
46.8037
46.7061
46.5063
46.4547
46.2956
46.2767
46.2546
46.1908
46.1723
46.1171
46.0974
45.9803
45.9508
45.9468
45.941
45.8444
45.8164
45.8149
45.7907
45.7726
45.7445
45.6944
45.689
45.4629
45.4003
45.3296
45.2336
45.158
45.148
45.1105
45.1011
44.9903
44.9651
44.9207
44.9031
44.8552
44.7661
44.7052
44.6596
44.6269
44.5987
44.4832
44.4558
44.2838
44.1854
44.052
44
43.9025
43.817
43.8082
43.7985
43.7258
43.6375
43.6212
43.6008
43.5633
43.4659
43.4345
43.4309
43.4277
43.4142
43.4007
43.3929
43.2842
43.1489
43.0894
43.0252
43.0246
42.9823
42.9823
42.9754
42.9491
42.8492
42.8385
42.7273
42.6932
42.685
42.632
42.6049
42.5784
42.5348
42.521
42.4885
42.4647
42.41
42.347
42.3334
42.1862
42.1827
42.1135
42.027
41.9887
41.9093
41.8896
41.821
41.7771
41.7575
41.691
41.6526
41.5455
41.5094
41.4356
41.4252
41.308
41.2783
41.2688
41.2323
41.2248
41.1525
41.148
41.1034
41.0892
41.0643
41.0519
41.0482
41.0177
41.0016
40.958
40.9546
40.8986
40.8571
40.8505
40.8445
40.7637
40.726
40.5565
40.5554
40.5199
40.4998
40.4803
40.4691
40.4056
40.3059
40.2627
40.237
40.227
40.139
40.1042
40.0986
39.952
39.9476
39.8824
39.7924
39.7923
39.7906
39.695
39.6777
39.6595
39.6096
39.5087
39.4448
39.3913
39.3137
39.2963
39.2435
39.1953
39.1948
39.158
39.1504
39.1253
39.0883
39.0794
39.0438
39.021
39.014
38.9081
38.8841
38.8745
38.8722
38.8705
38.8009
38.7982
38.7473
38.7384
38.7351
38.6947
38.6921
38.6532
38.6378
38.6304
38.6099
38.5977
38.5027
38.4813
38.4555
38.3688
38.3632
38.362
38.3353
38.268
38.2437
38.2402
38.1095
38.0414
38.0203
38.0126
37.976
37.9045
37.8982
37.8619
37.8331
37.8285
37.82
37.7516
37.7466
37.7298
37.6575
37.6422
37.6201
37.6025
37.5716
37.5446
37.515
37.5025
37.4954
37.4474
37.4464
37.4174
37.3983
37.3717
37.3691
37.3425
37.3071
37.2926
37.211
37.1698
37.1218
37.105
37.09
36.9804
36.9561
36.9351
36.9335
36.9242
36.8354
36.8037
36.802
36.789
36.7221
36.6708
36.6389
36.6313
36.5872
36.5254
36.5217
36.5116
36.4839
36.4151
36.3874
36.3416
36.3195
36.3157
36.2581
36.2319
36.2077
36.1841
36.1648
36.1302
36.0757
36.0756
36.0475
36.0401
36.0369
36.028
36.0165
36.002
35.9965
35.9945
35.9798
35.9549
35.9483
35.9289
35.92
35.9046
35.8781
35.8268
35.8044
35.7541
35.7148
35.6889
35.6056
35.598
35.5614
35.5592
35.5023
35.4746
35.3902
35.3659
35.3399
35.3211
35.255
35.2094
35.2019
35.1461
35.1444
35.1082
35.1018
35.0816
35.0168
34.9755
34.9715
34.9663
34.936
34.8979
34.8958
34.8714
34.866
34.8312
34.8253
34.7929
34.7886
34.7129
34.7112
34.7045
34.6969
34.6803
34.6753
34.5851
34.5776
34.5587
34.5498
34.5358
34.5153
34.512
34.5014
34.4757
34.3594
34.3458
34.3448
34.3374
34.319
34.3016
34.2892
34.2671
34.1607
34.1569
34.1163
34.0803
34.0783
34.0511
34.031
33.998
33.9784
33.9624
33.957
33.94
33.9358
33.9243
33.9199
33.8656
33.8556
33.8132
33.8032
33.7869
33.7452
33.7344
33.6978
33.6655
33.5745
33.5674
33.5265
33.4974
33.4823
33.4667
33.4232
33.4071
33.3529
33.3377
33.2412
33.2118
33.1786
33.129
33.0988
33.0794
33.0725
32.9298
32.8658
32.8084
32.7733
32.7666
32.6451
32.6125
32.6055
32.6041
32.5794
32.5601
32.5569
32.5565
32.5425
32.513
32.5058
32.5043
32.4976
32.4938
32.4849
32.4536
32.4052
32.3975
32.3819
32.3443
32.3429
32.3165
32.3003
32.2966
32.2915
32.2771
32.1981
32.1934
32.1646
32.1041
32.1002
32.0993
32.0894
32.0622
32.0478
32.0243
31.9935
31.9869
31.9857
31.9767
31.9742
31.9716
31.9568
31.9556
31.9477
31.9412
31.9212
31.8875
31.8829
31.8636
31.8467
31.8403
31.826
31.8243
31.7977
31.7926
31.7531
31.7468
31.7008
31.669
31.6375
31.615
31.5704
31.5542
31.5169
31.4979
31.4792
31.4462
31.4383
31.4205
31.3999
31.3957
31.349
31.3314
31.3251
31.3223
31.3164
31.2877
31.2741
31.2729
31.2705
31.2337
31.2308
31.2032
31.179
31.1714
31.1442
31.1403
31.136
31.1224
31.122
31.1133
31.1075
31.1053
31.0995
31.0812
31.0614
31.0412
31.032
30.94
30.9357
30.9139
30.8874
30.8545
30.8394
30.8217
30.7897
30.7755
30.7095
30.6937
30.6831
30.6768
30.6723
30.6589
30.6213
30.6151
30.6051
30.5858
30.5827
30.5466
30.5258
30.5185
30.4994
30.4932
30.4847
30.4642
30.4546
30.4414
30.4313
30.3987
30.3661
30.364
30.3625
30.3624
30.3538
30.3462
30.3042
30.2727
30.1954
30.1926
30.1624
30.1313
30.1031
30.0985
30.0821
30.0758
29.9902
29.967
29.9661
29.9656
29.9649
29.912
29.8692
29.8663
29.834
29.7697
29.7585
29.7503
29.7496
29.7466
29.7267
29.7132
29.7094
29.7082
29.7008
29.6895
29.6887
29.6705
29.6328
29.6168
29.6033
29.5925
29.5751
29.5671
29.5437
29.5341
29.5252
29.5233
29.4745
29.4613
29.4608
29.4173
29.3655
29.3257
29.317
29.3082
29.2924
29.2637
29.2177
29.2003
29.1991
29.114
29.1121
29.0688
29.0401
28.9981
28.9836
28.9833
28.9626
28.9455
28.9434
28.89
28.8552
28.854
28.8251
28.8168
28.7912
28.7879
28.7836
28.7756
28.765
28.7368
28.6816
28.6774
28.6733
28.6446
28.6387
28.6369
28.6266
28.6011
28.5951
28.5912
28.5745
28.5594
28.5469
28.54
28.4922
28.455
28.434
28.4235
28.421
28.3559
28.355
28.3416
28.3331
28.3307
28.3091
28.3066
28.2884
28.2808
28.2755
28.2737
28.2546
28.2118
28.1646
28.1597
28.1436
28.1159
28.1158
28.0872
28.0641
28.052
27.9805
27.9331
27.928
27.9003
27.883
27.8752
27.8675
27.8424
27.8082
27.7854
27.7416
27.7223
27.7145
27.6914
27.689
27.6741
27.6652
27.648
27.6107
27.5855
27.5817
27.5144
27.4912
27.4799
27.475
27.4715
27.4491
27.4408
27.4123
27.3812
27.3739
27.3658
27.3555
27.3518
27.3262
27.3234
27.3233
27.311
27.2965
27.2941
27.2492
27.2117
27.2028
27.1964
27.1903
27.1823
27.1796
27.0992
27.0961
27.0926
27.08
27.0328
27.023
26.9865
26.9714
26.962
26.9419
26.9376
26.9204
26.9179
26.9057
26.8598
26.8443
26.8222
26.8003
26.779
26.7542
26.7344
26.7265
26.7083
26.7069
26.6871
26.676
26.6299
26.6002
26.5997
26.5789
26.5754
26.5626
26.5596
26.5529
26.5275
26.5045
26.5007
26.4976
26.4847
26.4762
26.4438
26.432
26.4222
26.4193
26.3786
26.3655
26.3563
26.3433
26.341
26.3215
26.3102
26.305
26.2964
26.2917
26.2826
26.2216
26.2168
26.155
26.151
26.139
26.1311
26.1098
26.0436
26.0411
26.0152
26.0038
25.985
25.9535
25.9473
25.8975
25.8972
25.8938
25.8664
25.8247
25.8218
25.7982
25.795
25.7823
25.7701
25.7466
25.7384
25.7277
25.6863
25.657
25.6566
25.6325
25.6066
25.598
25.5966
25.5719
25.5643
25.525
25.521
25.5035
25.4902
25.4612
25.4427
25.4131
25.3988
25.3976
25.3642
25.3453
25.3365
25.335
25.3246
25.3137
25.3018
25.2838
25.2728
25.2642
25.255
25.2516
25.245
25.2415
25.2347
25.2086
25.1849
25.1081
25.0761
25.0662
25.0651
25.0545
25.0534
25.0508
25.036
25.0185
25.0026
24.9922
24.9868
24.977
24.9598
24.9544
24.9499
24.9319
24.9146
24.9102
24.8835
24.8302
24.8116
24.7663
24.7662
24.7191
24.7175
24.7128
24.7116
24.7093
24.6764
24.6571
24.657
24.6495
24.6337
24.6287
24.6205
24.6175
24.6091
24.5919
24.5869
24.5775
24.5773
24.5684
24.5678
24.566
24.5609
24.5189
24.4968
24.4756
24.4709
24.465
24.4594
24.4175
24.3498
24.3457
24.3245
24.3206
24.2938
24.2838
24.2828
24.2796
24.2699
24.2641
24.2634
24.2256
24.2251
24.1435
24.0962
24.0868
24.0627
24.0078
23.9975
23.9788
23.9754
23.9702
23.9577
23.945
23.9341
23.9228
23.8934
23.8897
23.8891
23.8733
23.8708
23.8604
23.8258
23.8134
23.7986
23.7601
23.7499
23.7331
23.7132
23.6638
23.6636
23.6334
23.6295
23.623
23.6118
23.6077
23.5971
23.5759
23.5315
23.5291
23.525
23.5221
23.5132
23.5057
23.501
23.4906
23.4587
23.4566
23.446
23.4419
23.4196
23.4156
23.4137
23.4029
23.3587
23.347
23.336
23.3315
23.3102
23.2633
23.2575
23.2291
23.2185
23.2156
23.2111
23.2001
23.1953
23.183
23.1697
23.1313
23.1099
23.085
23.0762
23.076
23.058
23.0561
23.0459
23.032
23.0238
23.0238
23.0232
23.0156
23.0108
23.005
23.0013
22.9952
22.9856
22.9849
22.9803
22.958
22.9557
22.9521
22.9492
22.9452
22.9346
22.9195
22.8811
22.881
22.8774
22.8114
22.8039
22.795
22.791
22.7713
22.7368
22.7176
22.7105
22.6949
22.6805
22.6765
22.6735
22.6645
22.6618
22.6503
22.6483
22.644
22.6397
22.6287
22.6066
22.5938
22.5897
22.5828
22.5709
22.5594
22.5581
22.558
22.5491
22.5357
22.5214
22.5095
22.5044
22.5038
22.4965
22.4866
22.4713
22.4698
22.4636
22.4494
22.4455
22.4183
22.402
22.3995
22.3979
22.3711
22.368
22.3618
22.3593
22.3487
22.3483
22.3233
22.3164
22.3127
22.2963
22.2803
22.2739
22.2695
22.2689
22.2547
22.2382
22.2319
22.221
22.2075
22.2061
22.197
22.1705
22.1509
22.1502
22.1403
22.1379
22.1317
22.1278
22.1277
22.1231
22.1156
22.1053
22.1053
22.087
22.0778
22.067
22.0618
22.0613
22.058
22.0566
22.0548
22.0423
22.0274
22.0113
21.9657
21.957
21.9557
21.9432
21.9232
21.9192
21.9092
21.9089
21.9004
21.8928
21.8835
21.8776
21.857
21.8525
21.8501
21.827
21.8189
21.8161
21.8133
21.8062
21.7497
21.7366
21.7291
21.709
21.7033
21.7029
21.693
21.656
21.6486
21.6416
21.6266
21.6223
21.6038
21.5915
21.5818
21.5742
21.5597
21.5522
21.5495
21.4969
21.4929
21.4723
21.4601
21.4586
21.4317
21.4291
21.4097
21.3648
21.3507
21.3501
21.3172
21.2854
21.2601
21.2447
21.2373
21.2279
21.2088
21.2085
21.1966
21.1962
21.1869
21.1862
21.1735
21.1723
21.1466
21.1397
21.129
21.1242
21.1028
21.0936
21.0771
21.0532
21.0438
21.0418
21.031
21.027
21.0155
21.0147
21.0103
21.0085
21.0015
20.9958
20.9784
20.9747
20.9679
20.9562
20.9514
20.9325
20.8989
20.8887
20.8834
20.8783
20.8617
20.8418
20.8197
20.7772
20.77
20.7622
20.7329
20.724
20.7187
20.7182
20.708
20.7043
20.7002
20.6863
20.6695
20.666
20.6634
20.6526
20.6399
20.6394
20.6291
20.6053
20.6
20.5956
20.5682
20.565
20.559
20.5586
20.5534
20.552
20.5441
20.5436
20.5272
20.5242
20.522
20.5215
20.5182
20.5181
20.5175
20.5167
20.509
20.496
20.485
20.4687
20.4576
20.4507
20.4454
20.4404
20.4279
20.4189
20.4162
20.4032
20.3985
20.3851
20.3677
20.3559
20.3476
20.3392
20.3358
20.332
20.3229
20.3043
20.2553
20.252
20.2519
20.2496
20.2482
20.2431
20.2418
20.2225
20.206
20.1917
20.1895
20.1831
20.1695
20.1251
20.1
20.0907
20.08
20.0748
20.0673
20.0671
20.0596
20.0595
20.0457
20.041
20.0314
20.023
19.9786
19.951
19.9427
19.9411
19.9323
19.9229
19.9069
19.8957
19.8874
19.8794
19.8661
19.8643
19.8461
19.8406
19.8387
19.8349
19.7896
19.7839
19.7379
19.7297
19.728
19.7262
19.7124
19.7093
19.7053
19.7023
19.6868
19.6794
19.6761
19.674
19.6731
19.6703
19.6697
19.6621
19.6535
19.6393
19.6313
19.6288
19.6078
19.5917
19.5846
19.583
19.5707
19.5697
19.558
19.557
19.5493
19.5411
19.5393
19.5281
19.5204
19.5122
19.5094
19.5019
19.4966
19.496
19.4821
19.4694
19.4621
19.456
19.4552
19.4493
19.4409
19.4379
19.4227
19.4219
19.4209
19.41
19.3897
19.3603
19.3554
19.3471
19.3321
19.3274
19.3241
19.3188
19.3076
19.3031
19.2957
19.2881
19.2764
19.2627
19.2624
19.2456
19.2368
19.217
19.216
19.2111
19.2041
19.1533
19.1492
19.146
19.1213
19.1208
19.1022
19.101
19.0845
19.0825
19.0821
19.0816
19.053
19.0526
19.0365
19.036
19.0279
19.0176
19.0095
18.996
18.9033
18.902
18.9016
18.8822
18.8676
18.8621
18.8332
18.8294
18.8281
18.822
18.8074
18.8042
18.7924
18.792
18.7875
18.7859
18.7801
18.7801
18.7792
18.7596
18.7544
18.7447
18.7345
18.7198
18.7191
18.717
18.7079
18.6947
18.6857
18.6855
18.685
18.6646
18.6633
18.6629
18.6477
18.6471
18.6455
18.6348
18.6284
18.6247
18.6071
18.6059
18.5806
18.5771
18.5417
18.5335
18.5308
18.5223
18.5116
18.4981
18.4849
18.4812
18.4552
18.4512
18.4435
18.4429
18.4294
18.427
18.4242
18.4145
18.4134
18.4016
18.395
18.3886
18.3799
18.3637
18.3514
18.333
18.3324
18.3321
18.331
18.3194
18.3082
18.2994
18.295
18.2597
18.259
18.2418
18.2356
18.2024
18.1629
18.1617
18.1447
18.1385
18.1319
18.1318
18.1199
18.1137
18.1131
18.1119
18.1052
18.1045
18.0793
18.0775
18.077
18.0652
18.0636
18.059
18.0437
18.0436
18.0351
18.0228
18.0054
18.0023
18.0006
17.997
17.9721
17.9613
17.9583
17.9565
17.9275
17.9269
17.9137
17.897
17.8942
17.8838
17.8791
17.8459
17.8399
17.8376
17.8315
17.8231
17.8038
17.8025
17.8014
17.7775
17.7751
17.7599
17.7582
17.758
17.7568
17.7148
17.7031
17.6916
17.6799
17.6744
17.661
17.6608
17.6586
17.6515
17.6442
17.6441
17.639
17.6357
17.6316
17.6271
17.6142
17.5863
17.5857
17.585
17.5776
17.5741
17.5646
17.5602
17.5595
17.5583
17.5557
17.5529
17.5528
17.5476
17.5475
17.5436
17.5409
17.5403
17.5309
17.5206
17.5138
17.5111
17.5078
17.5007
17.4998
17.4961
17.4959
17.4655
17.4545
17.4494
17.4438
17.4328
17.4249
17.4204
17.4171
17.4059
17.4057
17.3951
17.3883
17.385
17.3779
17.3699
17.3649
17.3582
17.3503
17.3479
17.3375
17.2903
17.2849
17.2797
17.2405
17.2367
17.233
17.2226
17.2105
17.1984
17.1958
17.1883
17.1865
17.1836
17.1644
17.1619
17.1597
17.153
17.1416
17.1314
17.1278
17.1273
17.1115
17.1015
17.1005
17.1004
17.0932
17.0753
17.0734
17.0634
17.0571
17.0399
17.0371
17.0121
16.9895
16.982
16.9817
16.9723
16.969
16.9675
16.9653
16.959
16.9574
16.9569
16.9535
16.9398
16.9395
16.9386
16.9239
16.9191
16.9187
16.9028
16.8993
16.8989
16.8881
16.884
16.878
16.8765
16.8677
16.8673
16.8663
16.8602
16.8541
16.8458
16.831
16.8293
16.8236
16.8235
16.809
16.8084
16.7997
16.781
16.7721
16.7678
16.7593
16.7592
16.7497
16.7462
16.7354
16.7339
16.7284
16.6924
16.6838
16.6788
16.6778
16.6753
16.6749
16.6654
16.6645
16.6573
16.6508
16.649
16.6478
16.6438
16.6302
16.6193
16.6184
16.6103
16.6102
16.609
16.6069
16.5938
16.5766
16.5752
16.5695
16.5621
16.5582
16.5453
16.5438
16.5392
16.5379
16.5167
16.5159
16.5123
16.5031
16.495
16.4939
16.4895
16.4874
16.4866
16.4752
16.4706
16.4629
16.4532
16.4488
16.4317
16.4315
16.4288
16.4092
16.4014
16.4013
16.3891
16.3858
16.3854
16.3833
16.3609
16.35
16.3488
16.3468
16.3244
16.3139
16.3077
16.2982
16.2973
16.2826
16.2644
16.2579
16.2313
16.2169
16.1994
16.1885
16.1672
16.1627
16.1494
16.1441
16.1382
16.1109
16.1001
16.0991
16.0923
16.0859
16.0786
16.0762
16.0708
16.0682
16.0674
16.0469
16.0189
16.0141
16.0081
16.0037
15.9978
15.9892
15.9881
15.9686
15.9656
15.9648
15.9523
15.9514
15.9487
15.9273
15.9239
15.9087
15.8999
15.8846
15.8837
15.8798
15.8775
15.8766
15.8689
15.8662
15.8623
15.8612
15.86
15.8479
15.8435
15.8139
15.7902
15.7891
15.7889
15.7787
15.7778
15.7778
15.7772
15.7736
15.7717
15.7703
15.7693
15.7681
15.768
15.7625
15.7514
15.748
15.7476
15.7437
15.7289
15.7275
15.7087
15.7068
15.7064
15.7016
15.7015
15.695
15.6942
15.6907
15.6843
15.6788
15.6543
15.6412
15.6054
15.6022
15.5989
15.5978
15.595
15.5935
15.591
15.5904
15.5897
15.5806
15.5759
15.5651
15.5583
15.5579
15.5421
15.5306
15.5115
15.5089
15.5082
15.5077
15.5058
15.4886
15.483
15.4762
15.4709
15.4633
15.4502
15.446
15.4445
15.4402
15.4366
15.4309
15.4231
15.4166
15.4158
15.4157
15.4126
15.404
15.3932
15.3877
15.3863
15.3798
15.3785
15.3732
15.3689
15.3664
15.3653
15.3614
15.3556
15.3543
15.3535
15.3463
15.342
15.3393
15.3391
15.3339
15.3248
15.3115
15.3109
15.3093
15.2984
15.298
15.2941
15.2925
15.2799
15.2666
15.2542
15.254
15.2533
15.2503
15.2492
15.2468
15.2381
15.22
15.2104
15.2046
15.2036
15.1977
15.1918
15.1666
15.1646
15.1641
15.1561
15.1314
15.1286
15.1119
15.1043
15.1012
15.1001
15.0931
15.0893
15.0882
15.0816
15.0669
15.0535
15.052
15.0436
15.0309
15.0133
14.9971
14.992
14.9874
14.9783
14.9705
14.9678
14.9672
14.9633
14.949
14.9318
14.9317
14.9271
14.9269
14.9146
14.9118
14.8905
14.8897
14.8828
14.8816
14.8774
14.8691
14.8577
14.8347
14.8308
14.8293
14.8216
14.814
14.8095
14.8065
14.7924
14.7911
14.7861
14.7833
14.7772
14.7755
14.7675
14.7604
14.7598
14.7542
14.7468
14.7366
14.7343
14.7249
14.7219
14.7144
14.7097
14.7023
14.7016
14.6814
14.6775
14.6756
14.6596
14.6494
14.6448
14.6385
14.6344
14.6293
14.6263
14.6246
14.6165
14.6087
14.5992
14.5977
14.5958
14.595
14.5882
14.5866
14.5807
14.5726
14.5634
14.5618
14.5471
14.5466
14.5432
14.5343
14.5248
14.5069
14.5069
14.5055
14.4965
14.4942
14.4909
14.4796
14.4728
14.459
14.443
14.4406
14.4381
14.4327
14.4257
14.4164
14.4152
14.4134
14.392
14.3908
14.3631
14.335
14.3296
14.3219
14.318
14.3105
14.3012
14.2958
14.2935
14.2828
14.2802
14.2775
14.2758
14.2731
14.258
14.2422
14.2388
14.2381
14.2378
14.2288
14.2287
14.2214
14.2176
14.2173
14.2172
14.1923
14.1766
14.1716
14.1688
14.1553
14.1502
14.1451
14.1398
14.1386
14.129
14.1234
14.0946
14.0896
14.0878
14.0645
14.0615
14.05
14.0399
14.0367
14.0147
14.0115
13.9993
13.9906
13.9831
13.9786
13.9707
13.9685
13.9676
13.949
13.9415
13.9379
13.9341
13.9307
13.9284
13.9268
13.9267
13.9256
13.922
13.9213
13.9178
13.9163
13.9123
13.8876
13.8834
13.8802
13.8766
13.8755
13.8703
13.8656
13.8525
13.8506
13.8486
13.8385
13.8285
13.8238
13.8172
13.8167
13.8088
13.8086
13.806
13.7959
13.7956
13.7917
13.7837
13.7777
13.7642
13.7449
13.733
13.7204
13.7174
13.6885
13.6867
13.6856
13.6829
13.6788
13.674
13.6506
13.6483
13.6434
13.6368
13.6358
13.6351
13.6266
13.6224
13.6132
13.603
13.6012
13.5999
13.5965
13.5944
13.5873
13.5788
13.5641
13.5534
13.5436
13.5429
13.5402
13.5248
13.515
13.5039
13.5015
13.4972
13.4905
13.4879
13.4743
13.4723
13.4714
13.4664
13.4662
13.4661
13.4549
13.4494
13.4422
13.4418
13.4333
13.4278
13.4241
13.424
13.4191
13.4182
13.4115
13.4105
13.4086
13.4074
13.4027
13.3726
13.3717
13.3668
13.3488
13.3449
13.3449
13.3427
13.3298
13.326
13.3255
13.3167
13.3112
13.2967
13.2948
13.293
13.2921
13.292
13.2839
13.2794
13.2775
13.2627
13.2494
13.2457
13.2448
13.2424
13.2342
13.2196
13.2161
13.2067
13.205
13.201
13.1955
13.1898
13.1832
13.183
13.1712
13.1681
13.154
13.1475
13.1414
13.1198
13.1081
13.106
13.1011
13.0857
13.0796
13.0783
13.0735
13.0624
13.0514
13.0401
13.0273
13.0258
13.0249
13.0154
13.0052
13.0024
12.9989
12.9613
12.9402
12.9381
12.9253
12.9155
12.9151
12.9148
12.9124
12.9086
12.8927
12.8918
12.8886
12.8879
12.8867
12.856
12.8452
12.8385
12.8351
12.8181
12.8157
12.8111
12.7972
12.787
12.7835
12.7828
12.7783
12.7633
12.7203
12.6875
12.6827
12.6814
12.6807
12.6772
12.6762
12.6657
12.6641
12.6632
12.6604
12.6507
12.6478
12.6468
12.631
12.6307
12.602
12.5932
12.5879
12.5791
12.5775
12.574
12.5735
12.5568
12.5477
12.5449
12.5442
12.5407
12.5372
12.5345
12.5297
12.5088
12.5074
12.5002
12.4965
12.4904
12.4889
12.4863
12.4834
12.4804
12.4766
12.4648
12.4632
12.4505
12.45
12.4293
12.4102
12.3834
12.3819
12.3729
12.3547
12.3296
12.3276
12.324
12.3232
12.3172
12.3134
12.2977
12.273
12.2705
12.2681
12.2628
12.2562
12.2479
12.2315
12.2282
12.2269
12.2251
12.2203
12.2115
12.2067
12.2051
12.1948
12.1893
12.1892
12.1621
12.1609
12.1608
12.1573
12.1525
12.1503
12.142
12.1343
12.1206
12.1141
12.1064
12.1037
12.0982
12.0849
12.0843
12.0726
12.0705
12.0568
12.0505
12.0499
12.0478
12.0461
12.0305
12.0276
12.0196
12.0126
12.0067
11.9957
11.9816
11.9806
11.9757
11.9711
11.9702
11.9699
11.9596
11.9516
11.9512
11.9507
11.9457
11.9392
11.9311
11.9253
11.914
11.9119
11.9046
11.9033
11.9015
11.8983
11.8864
11.8862
11.8856
11.883
11.8625
11.839
11.8314
11.8313
11.8185
11.8171
11.7871
11.7864
11.7789
11.773
11.7654
11.7565
11.755
11.7491
11.7374
11.7297
11.7274
11.7206
11.7087
11.7048
11.6996
11.6994
11.6883
11.6866
11.6766
11.6753
11.6649
11.6614
11.6611
11.6562
11.6463
11.6358
11.6342
11.621
11.6199
11.6198
11.6103
11.5709
11.5579
11.5565
11.5448
11.5399
11.5248
11.5213
11.4997
11.4947
11.4932
11.4891
11.4885
11.4858
11.4827
11.479
11.4742
11.4732
11.4664
11.4655
11.4623
11.4543
11.4527
11.4474
11.4462
11.4448
11.4441
11.4182
11.4182
11.4156
11.4128
11.4119
11.4119
11.4046
11.3945
11.3836
11.3759
11.3735
11.3697
11.3682
11.3642
11.3588
11.3426
11.338
11.3356
11.3333
11.3326
11.3318
11.3219
11.3212
11.3191
11.3106
11.3087
11.3022
11.2999
11.2831
11.2788
11.2738
11.2651
11.2615
11.2549
11.2536
11.2489
11.2133
11.2115
11.1957
11.1953
11.1945
11.1939
11.1814
11.1667
11.1623
11.1614
11.1475
11.145
11.1431
11.1417
11.1399
11.131
11.1305
11.1234
11.1071
11.0989
11.0967
11.0934
11.0885
11.0854
11.0769
11.0769
11.0753
11.0716
11.0693
11.0432
11.0377
11.0303
11.0293
10.995
10.9828
10.9799
10.9714
10.9663
10.9405
10.9345
10.9317
10.905
10.8999
10.8994
10.8969
10.8912
10.8628
10.8457
10.8448
10.8393
10.8363
10.8337
10.8258
10.822
10.8162
10.809
10.8069
10.8041
10.8016
10.7956
10.7749
10.7674
10.7539
10.7509
10.7504
10.7479
10.7314
10.7295
10.7286
10.7203
10.7137
10.7115
10.7076
10.7047
10.7037
10.6881
10.6837
10.6768
10.6748
10.6658
10.6589
10.6543
10.6502
10.6456
10.634
10.6222
10.6195
10.6147
10.6099
10.6001
10.588
10.5868
10.5806
10.5791
10.5732
10.5637
10.5599
10.558
10.5548
10.5527
10.5427
10.5414
10.5397
10.5395
10.5304
10.5274
10.5183
10.5152
10.5144
10.5075
10.4965
10.4941
10.4907
10.49
10.484
10.468
10.4588
10.4576
10.4551
10.4449
10.4378
10.431
10.4232
10.4163
10.4022
10.4001
10.3993
10.398
10.3975
10.391
10.3871
10.3865
10.3857
10.3741
10.3731
10.3708
10.3608
10.3552
10.3501
10.3498
10.344
10.3435
10.3315
10.3204
10.3007
10.3002
10.2993
10.2981
10.2956
10.2919
10.2861
10.2842
10.2806
10.261
10.2544
10.2508
10.2479
10.2439
10.2425
10.2378
10.2246
10.2181
10.2053
10.1862
10.1781
10.162
10.1614
10.1591
10.1573
10.1535
10.15
10.1455
10.1373
10.1343
10.1324
10.1282
10.1229
10.1193
10.1152
10.11
10.1055
10.1051
10.1009
10.1003
10.0941
10.087
10.0867
10.0775
10.0685
10.0646
10.061
10.0596
10.055
10.0471
10.0468
10.0398
10.032
10.0233
10.0189
10.0173
10.0115
10.0069
10.0015
10.0001
9.99498
9.99387
9.98738
9.98289
9.98116
9.97392
9.97274
9.97065
9.96072
9.95427
9.94861
9.94791
9.93322
9.92034
9.90815
9.90357
9.90295
9.89925
9.89736
9.8882
9.87663
9.87203
9.86225
9.85719
9.85494
9.85021
9.83762
9.8241
9.81902
9.80957
9.80661
9.80552
9.80356
9.79011
9.78993
9.78629
9.78338
9.77945
9.77388
9.77337
9.77247
9.77123
9.76418
9.76343
9.75576
9.73055
9.7257
9.72166
9.72011
9.71977
9.71168
9.70711
9.70645
9.70418
9.70023
9.6909
9.69073
9.6879
9.68274
9.68249
9.6752
9.6696
9.6694
9.66077
9.66025
9.65932
9.64134
9.64096
9.63445
9.62531
9.62217
9.60074
9.59635
9.59083
9.58681
9.57431
9.55963
9.55673
9.54768
9.54175
9.53559
9.53475
9.53073
9.52487
9.51654
9.51617
9.51187
9.50166
9.50129
9.49769
9.49051
9.49035
9.48673
9.48488
9.4782
9.46862
9.46773
9.46466
9.46319
9.45206
9.4462
9.44559
9.44391
9.43866
9.43731
9.43697
9.43365
9.43183
9.43038
9.42852
9.42546
9.41961
9.4177
9.40903
9.40801
9.40654
9.38518
9.37458
9.36969
9.36559
9.36499
9.35289
9.35116
9.34996
9.34547
9.34409
9.33233
9.32826
9.32801
9.32208
9.32037
9.31969
9.31829
9.31077
9.30079
9.30052
9.28981
9.28706
9.2868
9.28105
9.27648
9.27445
9.26894
9.25869
9.25423
9.2534
9.23717
9.23399
9.23231
9.21859
9.21502
9.21159
9.20636
9.19831
9.18161
9.17238
9.16974
9.16855
9.16273
9.15973
9.15619
9.1544
9.15308
9.14058
9.1365
9.11135
9.10975
9.10802
9.10653
9.10588
9.10508
9.10415
9.10274
9.09338
9.09268
9.08996
9.0881
9.08688
9.08477
9.06331
9.05156
9.04784
9.03833
9.03169
9.02731
9.02355
9.02031
9.01686
9.01556
9.00743
9.00188
9.00032
8.99668
8.99208
8.98158
8.98044
8.97562
8.97294
8.97065
8.97014
8.9692
8.96909
8.96708
8.96229
8.95573
8.95493
8.95069
8.94984
8.94931
8.94876
8.94466
8.94193
8.93735
8.92175
8.90536
8.90422
8.90109
8.89733
8.88813
8.88605
8.88534
8.88236
8.87811
8.87704
8.8718
8.87147
8.86833
8.86425
8.84048
8.83652
8.8356
8.83382
8.82231
8.81983
8.81892
8.79888
8.77619
8.76689
8.75619
8.75367
8.75318
8.75127
8.74332
8.74277
8.74175
8.71651
8.70181
8.69866
8.69634
8.68519
8.67358
8.65603
8.64404
8.64308
8.64065
8.63858
8.63061
8.61913
8.61627
8.61558
8.61378
8.61249
8.60946
8.6063
8.60434
8.59624
8.59257
8.59197
8.59093
8.58777
8.58686
8.58106
8.58087
8.57243
8.57118
8.55707
8.55604
8.55193
8.55145
8.55083
8.54449
8.53587
8.53127
8.52745
8.51921
8.51718
8.50154
8.49823
8.48598
8.48067
8.47922
8.46444
8.46129
8.45735
8.45163
8.45115
8.44559
8.42445
8.41823
8.41562
8.41451
8.4132
8.40863
8.40574
8.40251
8.39912
8.39821
8.39723
8.39648
8.39327
8.3919
8.38671
8.37839
8.37343
8.36191
8.35903
8.35884
8.35301
8.35269
8.34494
8.33781
8.33755
8.33398
8.33019
8.32996
8.31941
8.31205
8.3116
8.31019
8.30902
8.30658
8.30346
8.2954
8.29165
8.28098
8.28092
8.27687
8.26885
8.26433
8.25948
8.24967
8.24952
8.24499
8.2324
8.22901
8.22498
8.22473
8.22372
8.21768
8.2166
8.20738
8.20381
8.20298
8.19981
8.19373
8.1873
8.18189
8.18157
8.16844
8.16513
8.15703
8.14818
8.14806
8.14531
8.13831
8.13541
8.12919
8.12821
8.12445
8.12315
8.12147
8.11836
8.11193
8.09857
8.08772
8.08585
8.08169
8.0812
8.07911
8.07783
8.06792
8.06768
8.06304
8.05346
8.04807
8.03397
8.03237
8.02674
8.02342
8.01941
8.01499
8.01009
8.00718
8.00714
8.00495
8.00441
8.00097
7.99821
7.99714
7.99399
7.99292
7.9923
7.99225
7.99116
7.98761
7.97834
7.97829
7.97772
7.96846
7.9596
7.95709
7.94358
7.93976
7.93042
7.92664
7.92495
7.9204
7.90964
7.90849
7.90416
7.8997
7.89131
7.88579
7.88279
7.87904
7.87878
7.87461
7.87251
7.87078
7.8698
7.8661
7.86474
7.86434
7.86052
7.86021
7.85924
7.84712
7.8347
7.81028
7.80982
7.80842
7.80294
7.79907
7.79403
7.79235
7.79064
7.78852
7.78598
7.77104
7.76373
7.75614
7.74998
7.7462
7.74243
7.74211
7.74041
7.73845
7.73609
7.73397
7.72915
7.72633
7.71791
7.71585
7.70879
7.70725
7.69957
7.69954
7.6989
7.69209
7.69097
7.68624
7.68208
7.68045
7.67731
7.67489
7.67326
7.66657
7.662
7.64678
7.64333
7.64219
7.63977
7.63467
7.63153
7.62371
7.61251
7.61097
7.60455
7.60331
7.60186
7.59676
7.59117
7.58697
7.58585
7.57935
7.57653
7.56661
7.56515
7.56483
7.56441
7.56333
7.55493
7.54927
7.54779
7.53528
7.53126
7.53031
7.52857
7.52763
7.52665
7.52297
7.52269
7.52112
7.51804
7.51732
7.51671
7.51467
7.51254
7.50876
7.50179
7.49631
7.49626
7.48054
7.47717
7.47584
7.47092
7.46522
7.46453
7.45943
7.45814
7.44004
7.43844
7.43196
7.43188
7.42678
7.41565
7.41534
7.41485
7.41484
7.41347
7.41095
7.40775
7.40309
7.39617
7.39595
7.39446
7.38964
7.38575
7.38354
7.36881
7.35734
7.35604
7.35199
7.35157
7.34627
7.34452
7.34344
7.32869
7.32687
7.32323
7.31629
7.31467
7.31002
7.30606
7.30581
7.302
7.3014
7.29992
7.29664
7.28819
7.28458
7.28039
7.27716
7.26642
7.2633
7.26028
7.25976
7.24598
7.24263
7.24147
7.23044
7.22982
7.22973
7.22841
7.22683
7.22412
7.21709
7.19627
7.19183
7.19023
7.18948
7.18596
7.17859
7.17512
7.17381
7.16001
7.15156
7.15075
7.14821
7.14558
7.14276
7.13743
7.12073
7.11988
7.11948
7.11796
7.11157
7.09868
7.09754
7.09713
7.08703
7.08462
7.08134
7.08034
7.07992
7.07225
7.05953
7.05938
7.05375
7.04636
7.04598
7.04266
7.04253
7.03984
7.03938
7.03596
7.02721
7.02624
7.02406
7.01045
7.0099
6.99048
6.98875
6.98161
6.98085
6.96772
6.96742
6.96625
6.96503
6.96273
6.95566
6.94936
6.94605
6.94551
6.94201
6.94028
6.93433
6.92329
6.92272
6.9226
6.92103
6.91742
6.91011
6.90952
6.90396
6.90215
6.90205
6.90086
6.8981
6.88952
6.88688
6.88456
6.88363
6.88329
6.88309
6.88175
6.87863
6.87774
6.87741
6.86939
6.86606
6.85933
6.85838
6.85088
6.84985
6.84812
6.84802
6.8466
6.84322
6.8343
6.8328
6.82893
6.82805
6.82669
6.82375
6.82127
6.81832
6.81587
6.80775
6.80038
6.79838
6.79278
6.7915
6.78004
6.7799
6.77913
6.77604
6.77597
6.77334
6.76941
6.76654
6.75922
6.7579
6.75686
6.74674
6.74622
6.74477
6.74412
6.73544
6.73157
6.72959
6.72918
6.72329
6.72275
6.72033
6.70877
6.70873
6.70853
6.70427
6.69634
6.68581
6.68479
6.68361
6.68006
6.67464
6.67124
6.67014
6.67003
6.66705
6.66539
6.66251
6.66031
6.65884
6.65367
6.65308
6.64996
6.64791
6.64438
6.6375
6.63743
6.63572
6.6348
6.63323
6.63319
6.63311
6.62947
6.61607
6.61369
6.60628
6.60335
6.59946
6.59813
6.59252
6.57672
6.57484
6.5727
6.56863
6.56831
6.56571
6.55951
6.55925
6.55687
6.55487
6.55479
6.55067
6.54905
6.5465
6.54478
6.54413
6.54088
6.53448
6.53105
6.53058
6.52754
6.52746
6.5265
6.51844
6.51809
6.5168
6.51317
6.50883
6.50449
6.50289
6.50002
6.49919
6.49836
6.49621
6.49309
6.49009
6.48105
6.47911
6.47831
6.46855
6.46759
6.46279
6.45969
6.45932
6.44637
6.44322
6.44192
6.43807
6.43433
6.43244
6.43242
6.42317
6.42225
6.42087
6.42041
6.41879
6.41719
6.41629
6.41
6.40687
6.40608
6.40372
6.39701
6.38995
6.38411
6.38353
6.38178
6.38033
6.37805
6.36858
6.36722
6.36135
6.35726
6.35254
6.35082
6.34983
6.34888
6.34108
6.33881
6.33209
6.33157
6.33093
6.32799
6.32652
6.32295
6.32023
6.31343
6.31227
6.3121
6.31196
6.30885
6.3069
6.30102
6.2941
6.29344
6.29019
6.28653
6.27804
6.27606
6.27476
6.26996
6.26817
6.26608
6.26588
6.25211
6.25016
6.24999
6.24993
6.24675
6.24367
6.24364
6.24141
6.23557
6.23311
6.22939
6.21601
6.20927
6.2091
6.20834
6.20497
6.19968
6.19618
6.18867
6.18839
6.18498
6.18271
6.17586
6.17577
6.17094
6.16797
6.1667
6.1651
6.16267
6.16044
6.15514
6.14973
6.14839
6.14408
6.14073
6.14006
6.13855
6.12952
6.12846
6.12666
6.12312
6.1198
6.11844
6.11682
6.11666
6.11523
6.11514
6.11217
6.10985
6.10822
6.1024
6.10148
6.10073
6.10066
6.09299
6.09286
6.09009
6.08306
6.08293
6.08099
6.07815
6.07801
6.07074
6.07048
6.06595
6.05759
6.05617
6.05202
6.05202
6.051
6.04957
6.03988
6.03884
6.03849
6.03812
6.03179
6.02959
6.0284
6.02777
6.02724
6.02444
6.02327
6.02247
6.02155
6.01741
6.00635
6.00363
5.99497
5.9934
5.99179
5.98894
5.9815
5.97753
5.97726
5.97713
5.97544
5.96317
5.95263
5.94735
5.94014
5.93925
5.93767
5.93304
5.92796
5.92777
5.92777
5.92695
5.9265
5.92645
5.92599
5.92256
5.91543
5.91069
5.90758
5.90685
5.89608
5.89403
5.89245
5.88929
5.88759
5.88582
5.88234
5.88182
5.86111
5.86083
5.86001
5.85374
5.85306
5.8495
5.8469
5.84094
5.83436
5.8266
5.81982
5.81444
5.81393
5.81225
5.81211
5.81172
5.80753
5.80228
5.79389
5.79148
5.78587
5.77956
5.77675
5.77494
5.77058
5.76948
5.7657
5.75903
5.75618
5.755
5.74923
5.74912
5.74565
5.74418
5.7412
5.73854
5.73808
5.73503
5.73258
5.73219
5.7318
5.73164
5.72922
5.72866
5.72704
5.72431
5.71916
5.70835
5.70018
5.69407
5.68942
5.68518
5.68319
5.6824
5.6744
5.6724
5.67107
5.67019
5.66643
5.66561
5.66253
5.66213
5.64779
5.64558
5.64264
5.64082
5.6406
5.63624
5.63507
5.63297
5.62995
5.62192
5.61748
5.61028
5.60977
5.60846
5.60842
5.60714
5.60677
5.60341
5.60243
5.59785
5.59633
5.596
5.59406
5.59088
5.58056
5.56789
5.5597
5.55537
5.54875
5.54632
5.54597
5.54286
5.54181
5.54142
5.53723
5.53706
5.53189
5.5317
5.53086
5.52532
5.52066
5.51624
5.51536
5.5137
5.51331
5.50014
5.49802
5.49502
5.49395
5.48966
5.4784
5.47832
5.47582
5.47353
5.47218
5.4637
5.45686
5.45605
5.45142
5.44977
5.44236
5.44138
5.4361
5.43121
5.42607
5.42134
5.41703
5.41357
5.41313
5.41148
5.41035
5.40854
5.40669
5.40552
5.40465
5.40442
5.40247
5.39932
5.39793
5.39779
5.39437
5.39199
5.387
5.38509
5.37944
5.37828
5.37249
5.36499
5.35824
5.35668
5.35444
5.35411
5.3508
5.34825
5.34568
5.34336
5.34041
5.33722
5.33336
5.32994
5.32958
5.32363
5.32196
5.31627
5.30919
5.30569
5.30562
5.30125
5.2987
5.29512
5.28861
5.28837
5.28327
5.28154
5.2803
5.27936
5.27166
5.27109
5.27078
5.26948
5.26839
5.26685
5.26654
5.26637
5.26617
5.2575
5.25678
5.25281
5.24625
5.24572
5.24546
5.24517
5.2438
5.24348
5.24037
5.23803
5.23487
5.23419
5.23374
5.23356
5.23202
5.2316
5.22831
5.22073
5.21815
5.21531
5.2135
5.20931
5.20765
5.20297
5.20085
5.19025
5.1897
5.18398
5.18072
5.1778
5.17308
5.16953
5.16534
5.16517
5.16487
5.16317
5.16052
5.15962
5.14714
5.14001
5.1356
5.13489
5.13301
5.13231
5.12727
5.12633
5.12517
5.12203
5.12132
5.11929
5.11685
5.11569
5.11566
5.10974
5.09918
5.08993
5.08874
5.08676
5.08647
5.07143
5.06334
5.0601
5.05669
5.05663
5.05638
5.04993
5.04663
5.04127
5.03509
5.03282
5.02217
5.01869
5.01604
5.01444
5.01356
5.01203
5.00472
4.99736
4.98995
4.98221
4.98165
4.979
4.9772
4.97107
4.96745
4.96668
4.96589
4.96167
4.95817
4.95106
4.95084
4.94811
4.9457
4.94413
4.9434
4.93969
4.93718
4.93492
4.93458
4.934
4.93152
4.93129
4.93054
4.92997
4.92767
4.92491
4.92358
4.92225
4.91351
4.90612
4.90378
4.90183
4.90122
4.89915
4.8987
4.89065
4.88873
4.88837
4.88686
4.88565
4.88547
4.8839
4.87724
4.8768
4.87435
4.87069
4.86981
4.86391
4.86051
4.85991
4.85537
4.85422
4.84448
4.8414
4.84104
4.84069
4.83912
4.83191
4.83089
4.83049
4.82822
4.82685
4.82593
4.82191
4.82189
4.82164
4.82077
4.8164
4.81569
4.81559
4.81495
4.80876
4.8071
4.80658
4.80557
4.80248
4.80196
4.80066
4.7991
4.79596
4.79225
4.78995
4.78947
4.78395
4.78377
4.78083
4.77157
4.76652
4.76637
4.76463
4.76397
4.76107
4.76106
4.75855
4.75795
4.7514
4.75095
4.74715
4.74576
4.74185
4.73739
4.73593
4.73589
4.73494
4.73404
4.73072
4.72906
4.72894
4.72412
4.72148
4.70917
4.70834
4.70662
4.70611
4.70455
4.7003
4.69504
4.69404
4.68934
4.68882
4.68435
4.66902
4.66493
4.66308
4.65996
4.65946
4.65892
4.65423
4.65089
4.65078
4.64915
4.6465
4.64425
4.64113
4.63852
4.6363
4.63244
4.63017
4.62952
4.62938
4.62426
4.62194
4.6207
4.62016
4.61628
4.61597
4.6119
4.6102
4.60953
4.60878
4.60396
4.60226
4.59914
4.59522
4.59117
4.58758
4.58498
4.58144
4.57521
4.57136
4.56948
4.56102
4.55885
4.54941
4.54932
4.54929
4.54696
4.54535
4.54062
4.53941
4.53852
4.53669
4.53668
4.5334
4.53113
4.53007
4.51994
4.51087
4.50858
4.50813
4.50275
4.50226
4.50194
4.49941
4.49772
4.49354
4.49281
4.49276
4.48946
4.48087
4.47989
4.47306
4.47209
4.4657
4.46003
4.45582
4.45478
4.45263
4.44911
4.44441
4.44295
4.43832
4.43279
4.43054
4.4281
4.42387
4.42365
4.4222
4.42216
4.42029
4.41173
4.41146
4.40921
4.40721
4.40093
4.39796
4.39778
4.39746
4.3945
4.39399
4.37942
4.37598
4.37566
4.37432
4.37339
4.3699
4.36923
4.36724
4.36124
4.36031
4.35972
4.35864
4.35702
4.35638
4.35484
4.35292
4.34724
4.34719
4.345
4.34293
4.34116
4.33561
4.33512
4.32855
4.32336
4.32316
4.32182
4.31952
4.31288
4.31031
4.31009
4.3099
4.29838
4.29381
4.2931
4.29161
4.29116
4.29087
4.28952
4.28808
4.28735
4.28562
4.28558
4.28556
4.28351
4.28314
4.28282
4.28211
4.27978
4.27108
4.271
4.27059
4.26981
4.26788
4.26536
4.26431
4.26084
4.25995
4.25475
4.25474
4.25472
4.24885
4.24531
4.24488
4.2418
4.23951
4.23615
4.23067
4.22908
4.2271
4.22547
4.22492
4.2244
4.22399
4.22307
4.22258
4.22234
4.21868
4.21813
4.21697
4.21696
4.21692
4.21665
4.21398
4.19779
4.19401
4.19057
4.19035
4.18983
4.18017
4.17516
4.17326
4.17265
4.16698
4.16371
4.16343
4.16058
4.15901
4.15724
4.15389
4.15359
4.15322
4.15305
4.14913
4.13983
4.13897
4.13708
4.13662
4.13536
4.13307
4.12734
4.12457
4.12258
4.12243
4.11599
4.11072
4.10805
4.1076
4.10264
4.10241
4.10174
4.10009
4.0999
4.09769
4.09134
4.08908
4.08602
4.08371
4.08243
4.08241
4.08133
4.08013
4.07258
4.07195
4.07024
4.06819
4.06603
4.06173
4.06093
4.05726
4.04864
4.04335
4.03836
4.03086
4.02867
4.02607
4.01969
4.01802
4.0171
4.01616
4.0122
4.01175
4.01022
4.00842
4.00663
4.00548
4.00503
4.00368
4.00226
4.00153
4.00148
3.99511
3.99458
3.99098
3.98713
3.98635
3.98514
3.98343
3.98068
3.97927
3.97901
3.97825
3.97784
3.97534
3.97197
3.97026
3.96402
3.95166
3.94961
3.94574
3.9396
3.92848
3.92483
3.91719
3.91605
3.91019
3.90591
3.9059
3.90551
3.89738
3.89687
3.89007
3.88975
3.88963
3.88695
3.88617
3.88491
3.88254
3.88059
3.87889
3.8776
3.87285
3.8719
3.86935
3.86911
3.86765
3.86582
3.86453
3.86223
3.86046
3.85878
3.85705
3.85472
3.8545
3.8533
3.85276
3.85127
3.85099
3.84905
3.84873
3.84871
3.84693
3.83909
3.83812
3.8366
3.8351
3.83194
3.83032
3.8294
3.82809
3.82431
3.82374
3.8237
3.82362
3.81806
3.81622
3.81344
3.81278
3.81145
3.81115
3.80697
3.80401
3.80316
3.8023
3.80092
3.8009
3.79923
3.79732
3.79427
3.79194
3.79166
3.78973
3.78968
3.78529
3.78187
3.78093
3.7807
3.78044
3.7795
3.77941
3.77873
3.7783
3.77828
3.7777
3.77572
3.77254
3.7692
3.76883
3.76151
3.76103
3.76045
3.76038
3.75894
3.75612
3.75378
3.75075
3.75068
3.74396
3.73766
3.73604
3.72841
3.72741
3.7229
3.72242
3.72006
3.71776
3.71391
3.71235
3.71232
3.70748
3.7012
3.70109
3.70034
3.69908
3.69885
3.69782
3.69615
3.69392
3.69272
3.69256
3.69087
3.68782
3.6836
3.68035
3.68001
3.67542
3.6753
3.67397
3.67188
3.66931
3.66828
3.66751
3.66623
3.6625
3.66061
3.65854
3.65833
3.65758
3.65554
3.65375
3.65345
3.65076
3.6487
3.6474
3.64067
3.63702
3.63568
3.63425
3.62913
3.62832
3.62803
3.62493
3.62214
3.62045
3.62001
3.61908
3.61689
3.61645
3.61432
3.60827
3.60804
3.60597
3.60404
3.60088
3.59533
3.5951
3.59496
3.59257
3.59004
3.58914
3.58828
3.58627
3.58573
3.58507
3.582
3.58138
3.57219
3.56951
3.56854
3.56842
3.56487
3.56333
3.5616
3.56108
3.56105
3.55977
3.55951
3.55912
3.55636
3.55312
3.55208
3.54931
3.54889
3.54603
3.54588
3.5424
3.54214
3.54013
3.53881
3.53711
3.53648
3.53575
3.53347
3.53271
3.53246
3.53021
3.53019
3.5297
3.52599
3.52506
3.52352
3.51637
3.51509
3.51442
3.5136
3.5094
3.50527
3.50275
3.50261
3.50134
3.50114
3.5002
3.49785
3.49757
3.49578
3.49229
3.49172
3.49088
3.4906
3.4889
3.48823
3.48732
3.48726
3.48481
3.48399
3.48261
3.47876
3.478
3.47649
3.47611
3.47585
3.47129
3.4696
3.46884
3.45779
3.45342
3.45059
3.44693
3.44633
3.4457
3.44094
3.43612
3.43528
3.43522
3.43314
3.43034
3.43033
3.42672
3.42649
3.42619
3.42429
3.4239
3.42302
3.42228
3.42165
3.41638
3.41223
3.41205
3.41014
3.40913
3.40809
3.40729
3.40134
3.39953
3.39895
3.39359
3.38972
3.38863
3.38663
3.38617
3.37931
3.37621
3.37537
3.37123
3.36727
3.36065
3.35953
3.35746
3.35628
3.35422
3.3539
3.35363
3.35212
3.35062
3.34846
3.34721
3.34527
3.34247
3.34156
3.33868
3.33626
3.33281
3.33106
3.33029
3.33021
3.32774
3.32364
3.32358
3.32021
3.31853
3.31727
3.31358
3.31341
3.30748
3.30687
3.30641
3.30634
3.30441
3.30263
3.30207
3.30061
3.29705
3.29609
3.29572
3.29492
3.29489
3.29351
3.28895
3.28607
3.28544
3.28517
3.28475
3.28114
3.27962
3.27857
3.27524
3.27511
3.27319
3.27125
3.27093
3.26972
3.26825
3.26721
3.26011
3.2597
3.25959
3.25612
3.25444
3.25401
3.24523
3.24337
3.24121
3.23881
3.23693
3.23298
3.23256
3.23165
3.2291
3.22906
3.22615
3.22049
3.21984
3.21965
3.21676
3.21617
3.21435
3.21416
3.21134
3.20935
3.20901
3.20825
3.20782
3.20745
3.20539
3.20308
3.2003
3.19874
3.19859
3.19077
3.19054
3.18934
3.1885
3.18806
3.1868
3.18539
3.18402
3.18246
3.18087
3.18047
3.18033
3.17944
3.1769
3.17521
3.17489
3.17423
3.17317
3.17135
3.17063
3.17057
3.17035
3.16844
3.16773
3.16218
3.15787
3.15582
3.15415
3.15334
3.1518
3.15173
3.14954
3.14946
3.14938
3.13999
3.13782
3.13734
3.13525
3.13437
3.1312
3.12951
3.12879
3.12809
3.12745
3.12086
3.11956
3.11562
3.11352
3.11345
3.11312
3.1122
3.11142
3.11095
3.10949
3.1091
3.10675
3.10317
3.10214
3.09935
3.09633
3.09338
3.09232
3.09165
3.08867
3.08836
3.08554
3.08241
3.08069
3.07987
3.07972
3.07962
3.07678
3.07647
3.07542
3.0743
3.07186
3.07148
3.07117
3.06989
3.06974
3.06753
3.06746
3.06585
3.06092
3.05961
3.05871
3.05558
3.0537
3.05023
3.04753
3.04715
3.04695
3.04481
3.0431
3.04259
3.0419
3.03961
3.03945
3.03778
3.03085
3.02978
3.02757
3.02708
3.02577
3.02389
3.02107
3.01933
3.01778
3.01687
3.01592
3.01052
3.00729
3.00616
3.00389
3.0032
2.99949
2.9986
2.99808
2.9934
2.99246
2.99166
2.98416
2.98359
2.98119
2.9802
2.97914
2.97757
2.97096
2.97091
2.96998
2.96885
2.96865
2.96628
2.96503
2.96488
2.96449
2.96436
2.96307
2.96221
2.96145
2.95991
2.9588
2.95862
2.95725
2.95601
2.95362
2.95304
2.95198
2.94763
2.94644
2.94554
2.94503
2.9446
2.94264
2.94046
2.93999
2.93109
2.92816
2.92767
2.92644
2.92628
2.92447
2.92373
2.91958
2.91656
2.91639
2.91587
2.91358
2.91327
2.90739
2.90728
2.90713
2.90542
2.90484
2.90275
2.90014
2.89894
2.89831
2.89806
2.89774
2.89666
2.88148
2.87421
2.87411
2.87265
2.87109
2.8681
2.8661
2.86478
2.86122
2.86106
2.85461
2.85385
2.85328
2.85323
2.85245
2.85233
2.85116
2.85103
2.8502
2.84775
2.84488
2.84312
2.84134
2.84075
2.83906
2.83544
2.83367
2.82925
2.82791
2.82319
2.82256
2.82061
2.81934
2.8157
2.81388
2.81244
2.81049
2.80699
2.80639
2.80496
2.80378
2.80375
2.80061
2.80048
2.79797
2.79617
2.79438
2.79341
2.7932
2.78959
2.78906
2.78813
2.7849
2.78391
2.77869
2.77788
2.77339
2.76997
2.76881
2.76798
2.76443
2.76349
2.76329
2.76303
2.76234
2.76131
2.76101
2.76054
2.75977
2.75942
2.75753
2.75668
2.75258
2.75171
2.74668
2.74392
2.74198
2.74054
2.73629
2.73219
2.73189
2.72619
2.72494
2.72476
2.72188
2.71686
2.71408
2.71403
2.71198
2.71153
2.71045
2.70838
2.7064
2.70199
2.70182
2.70101
2.70049
2.69994
2.69769
2.69608
2.6957
2.69422
2.69231
2.68992
2.68931
2.68748
2.68739
2.68619
2.6858
2.68501
2.6841
2.68141
2.68111
2.68069
2.6806
2.68034
2.67839
2.67661
2.67389
2.67294
2.67058
2.67046
2.66944
2.66861
2.66845
2.66761
2.6663
2.66141
2.65827
2.65635
2.65622
2.65464
2.65391
2.65361
2.65217
2.65156
2.65126
2.65104
2.64906
2.64838
2.6483
2.64777
2.64713
2.64261
2.63919
2.63607
2.63569
2.63076
2.62758
2.62217
2.62155
2.61904
2.61799
2.61496
2.61468
2.61392
2.61338
2.61315
2.6131
2.61237
2.6112
2.61006
2.60833
2.60815
2.60721
2.60694
2.60577
2.60357
2.60345
2.59632
2.59543
2.59486
2.59455
2.59328
2.59254
2.5918
2.5913
2.5903
2.58973
2.58855
2.58851
2.58757
2.58547
2.58524
2.5822
2.58213
2.58176
2.578
2.57659
2.57369
2.57248
2.56996
2.56922
2.56914
2.56904
2.56846
2.56827
2.56744
2.5673
2.56219
2.56148
2.56134
2.55891
2.55885
2.55765
2.55649
2.55594
2.55521
2.55405
2.55328
2.55029
2.55003
2.54803
2.54767
2.54736
2.54648
2.5437
2.54361
2.54237
2.54206
2.54146
2.54033
2.54008
2.53942
2.53857
2.53795
2.53678
2.53593
2.53419
2.53324
2.53321
2.53142
2.53038
2.52537
2.52199
2.52153
2.52138
2.52049
2.52048
2.51998
2.51966
2.5192
2.51656
2.5098
2.50953
2.50951
2.50716
2.50541
2.50464
2.50252
2.50084
2.50024
2.49969
2.49721
2.49692
2.49617
2.49549
2.49464
2.49448
2.49432
2.49313
2.49115
2.4906
2.48839
2.48461
2.48398
2.48134
2.47953
2.47538
2.47371
2.47233
2.47175
2.47071
2.46912
2.4677
2.46736
2.46709
2.46381
2.46375
2.46227
2.46032
2.45996
2.45976
2.45872
2.45716
2.45442
2.44984
2.44745
2.44649
2.44509
2.44161
2.44076
2.44019
2.43882
2.437
2.43508
2.43463
2.43397
2.42928
2.42598
2.42493
2.42302
2.42193
2.42091
2.41995
2.41932
2.41872
2.41812
2.41484
2.41441
2.41353
2.41338
2.41197
2.40764
2.40445
2.40174
2.40152
2.39904
2.399
2.39606
2.39524
2.3952
2.3952
2.3889
2.38869
2.38701
2.38534
2.38254
2.3822
2.38174
2.37955
2.37666
2.3763
2.37626
2.37399
2.3706
2.36977
2.36753
2.36692
2.36621
2.36609
2.36594
2.36551
2.36281
2.36234
2.36233
2.36214
2.35947
2.35853
2.35822
2.35803
2.35786
2.35767
2.35752
2.35741
2.35604
2.35582
2.35349
2.35228
2.35056
2.349
2.34859
2.34734
2.34363
2.33987
2.33987
2.33926
2.33905
2.33801
2.33721
2.33648
2.33596
2.33595
2.33458
2.33168
2.33081
2.33033
2.33027
2.32971
2.3271
2.32478
2.32271
2.32204
2.32197
2.3211
2.32035
2.32002
2.31887
2.31792
2.31698
2.31641
2.31511
2.31481
2.31466
2.31193
2.31192
2.31131
2.31092
2.31001
2.30956
2.30713
2.30329
2.29911
2.29886
2.29801
2.29706
2.29685
2.29627
2.29264
2.2925
2.2925
2.29207
2.29148
2.29122
2.29089
2.29037
2.28846
2.28681
2.28653
2.28517
2.28506
2.28399
2.28399
2.28332
2.28242
2.2792
2.27894
2.27866
2.27829
2.27727
2.27598
2.27349
2.27285
2.2695
2.26652
2.26403
2.26223
2.26147
2.26038
2.25865
2.25791
2.25571
2.25517
2.25406
2.25237
2.25144
2.24871
2.24569
2.24537
2.24517
2.24507
2.24308
2.24256
2.24206
2.24136
2.24066
2.24029
2.23905
2.23769
2.23752
2.23744
2.23603
2.23583
2.23556
2.2349
2.2319
2.23185
2.22915
2.22879
2.22575
2.22437
2.22367
2.22231
2.22164
2.2202
2.21991
2.21988
2.21964
2.21914
2.21759
2.21753
2.21751
2.2161
2.21561
2.21262
2.21189
2.2109
2.21037
2.20702
2.20539
2.20488
2.20319
2.20216
2.20138
2.20057
2.19973
2.19327
2.19323
2.19121
2.18928
2.18856
2.18509
2.18468
2.18343
2.17992
2.17924
2.17619
2.17386
2.17237
2.17209
2.17075
2.17
2.16813
2.16785
2.16721
2.16681
2.16314
2.16276
2.16232
2.16224
2.16106
2.15634
2.15606
2.15536
2.15389
2.15368
2.15309
2.15239
2.15087
2.15032
2.14921
2.14822
2.14694
2.14625
2.146
2.1437
2.14311
2.14019
2.13928
2.13821
2.13677
2.13658
2.13646
2.13642
2.13549
2.13521
2.13029
2.12924
2.12815
2.12794
2.12762
2.12454
2.12352
2.1234
2.12319
2.12251
2.12207
2.12171
2.12125
2.12035
2.12018
2.11637
2.11532
2.11498
2.11493
2.11359
2.11186
2.1117
2.11115
2.11086
2.11064
2.11059
2.10987
2.10823
2.10783
2.10677
2.10592
2.10581
2.10555
2.10551
2.10459
2.10406
2.10356
2.10122
2.09929
2.09825
2.0975
2.09426
2.09414
2.09412
2.09396
2.09218
2.09133
2.09063
2.08807
2.08731
2.08718
2.08671
2.08465
2.0829
2.08281
2.08257
2.08171
2.08153
2.08092
2.08066
2.08048
2.08027
2.07981
2.07896
2.07739
2.07689
2.07558
2.07446
2.07415
2.0731
2.07212
2.07113
2.07009
2.06891
2.06881
2.06866
2.06765
2.06732
2.06699
2.06557
2.06496
2.06425
2.06308
2.06303
2.06041
2.05871
2.05745
2.05458
2.05367
2.05353
2.05293
2.0525
2.05034
2.04305
2.03977
2.03776
2.0365
2.03575
2.03573
2.03409
2.0313
2.02851
2.02777
2.02679
2.025
2.02397
2.02378
2.02323
2.02251
2.02207
2.0216
2.01983
2.01884
2.01549
2.01422
2.01399
2.01339
2.01084
2.01082
2.01071
2.00684
2.00626
2.00621
2.00432
2.00392
2.00186
2.0012
2.00007
1.99968
1.9991
1.99896
1.99736
1.99699
1.99656
1.99644
1.99601
1.99578
1.99544
1.99337
1.9928
1.98931
1.9892
1.98867
1.98431
1.98055
1.9775
1.97622
1.97527
1.97523
1.97503
1.97178
1.97082
1.9703
1.96979
1.9691
1.96757
1.96674
1.96486
1.96431
1.96375
1.96369
1.9617
1.96149
1.95964
1.95948
1.95895
1.958
1.95797
1.95671
1.95517
1.9543
1.95307
1.95087
1.94981
1.94973
1.9496
1.94945
1.94862
1.94855
1.94835
1.94399
1.94343
1.94332
1.94308
1.94174
1.94173
1.94063
1.94021
1.93786
1.93441
1.93323
1.93308
1.9302
1.92858
1.92825
1.92822
1.92792
1.92639
1.92566
1.92547
1.92527
1.92496
1.92415
1.92151
1.92093
1.92059
1.9205
1.91917
1.91712
1.91405
1.91298
1.91173
1.91036
1.90921
1.90835
1.9078
1.90771
1.90631
1.9059
1.90581
1.90516
1.90416
1.90316
1.90225
1.89949
1.89905
1.898
1.89537
1.89465
1.89426
1.89383
1.89185
1.88949
1.88801
1.88677
1.88584
1.88086
1.87889
1.87738
1.87663
1.8756
1.87495
1.87467
1.87188
1.87172
1.87124
1.87076
1.86993
1.86983
1.86906
1.86856
1.86759
1.86723
1.86667
1.86537
1.86078
1.86027
1.85903
1.85588
1.85551
1.85465
1.85401
1.85164
1.84978
1.84978
1.84926
1.84896
1.84521
1.84514
1.84431
1.8437
1.84196
1.84127
1.84024
1.84007
1.83955
1.83949
1.83946
1.83891
1.8389
1.83771
1.83758
1.83633
1.83612
1.83587
1.83443
1.83206
1.83024
1.82889
1.82666
1.8262
1.82613
1.82498
1.82118
1.81912
1.81879
1.81733
1.81713
1.81688
1.81664
1.81647
1.81641
1.81396
1.81366
1.81346
1.81223
1.81108
1.81091
1.81038
1.8096
1.8094
1.80813
1.80739
1.80686
1.80682
1.80489
1.8045
1.80162
1.80162
1.80058
1.79993
1.79654
1.79542
1.7954
1.79501
1.79314
1.7928
1.79002
1.78886
1.78813
1.78751
1.78667
1.78366
1.78269
1.78189
1.78157
1.78121
1.78021
1.77985
1.77915
1.77809
1.77759
1.77681
1.77655
1.77564
1.77178
1.77107
1.76963
1.76939
1.76932
1.7649
1.76486
1.7643
1.76405
1.76395
1.76317
1.76141
1.76133
1.7601
1.75954
1.75953
1.7584
1.75638
1.75603
1.75408
1.75332
1.75125
1.75029
1.74956
1.74829
1.74788
1.74775
1.74599
1.74532
1.74364
1.7433
1.74318
1.74289
1.74083
1.74067
1.74052
1.73941
1.73874
1.73765
1.73678
1.73666
1.73606
1.73495
1.73257
1.73231
1.7312
1.72975
1.72882
1.72812
1.72619
1.72592
1.72567
1.72538
1.72492
1.72447
1.72349
1.72336
1.72332
1.72257
1.72175
1.72166
1.71934
1.71625
1.71593
1.71385
1.71352
1.71342
1.71208
1.7107
1.71039
1.71033
1.7099
1.70774
1.70747
1.70643
1.70579
1.70531
1.70307
1.70306
1.70238
1.70228
1.70214
1.70107
1.70024
1.70006
1.69775
1.69757
1.6969
1.6967
1.69435
1.69413
1.69371
1.69353
1.69316
1.69272
1.69236
1.69228
1.68923
1.68904
1.68896
1.68882
1.68752
1.68718
1.68428
1.68348
1.68261
1.68254
1.68197
1.68122
1.68116
1.68057
1.67964
1.67963
1.67955
1.6783
1.67783
1.67675
1.67635
1.67627
1.67559
1.67505
1.67451
1.67199
1.6698
1.66828
1.66819
1.66728
1.66463
1.66449
1.66401
1.66399
1.66398
1.66396
1.66328
1.66318
1.66266
1.66174
1.66076
1.65992
1.65845
1.65839
1.65838
1.65565
1.65516
1.65243
1.65102
1.6508
1.64999
1.64899
1.64871
1.64801
1.64694
1.64594
1.64374
1.64321
1.64289
1.64288
1.63906
1.63898
1.63862
1.63801
1.63799
1.63651
1.63391
1.63377
1.63358
1.63352
1.63119
1.62712
1.6271
1.62321
1.62205
1.62204
1.62155
1.61965
1.61791
1.61772
1.61764
1.61694
1.61498
1.61356
1.61227
1.61034
1.61011
1.60937
1.60781
1.60648
1.60268
1.60167
1.60133
1.60008
1.59983
1.59831
1.59775
1.59761
1.59718
1.59657
1.59532
1.59414
1.59401
1.5937
1.59258
1.59018
1.58758
1.58722
1.58668
1.58637
1.58578
1.58547
1.58295
1.58253
1.58167
1.58048
1.57987
1.57926
1.57865
1.57743
1.57511
1.57491
1.5746
1.57442
1.57396
1.57386
1.57339
1.57329
1.5723
1.57212
1.57159
1.56964
1.56782
1.56781
1.56726
1.56651
1.56445
1.56419
1.56282
1.56011
1.55479
1.55474
1.55342
1.55099
1.55098
1.54964
1.54895
1.54894
1.54825
1.54753
1.54634
1.54565
1.54547
1.54521
1.54383
1.54266
1.54208
1.54145
1.5383
1.53793
1.53726
1.53667
1.53593
1.53462
1.53424
1.53176
1.53154
1.53108
1.53108
1.53034
1.52896
1.52741
1.52651
1.52648
1.52571
1.52513
1.52285
1.52275
1.52141
1.52087
1.51902
1.51645
1.51624
1.51484
1.51438
1.51284
1.5125
1.51193
1.51094
1.50933
1.50874
1.50854
1.50745
1.50735
1.50614
1.50366
1.50346
1.50221
1.50033
1.49954
1.49949
1.49937
1.49877
1.49697
1.49592
1.49495
1.49444
1.49336
1.49288
1.49235
1.49068
1.48955
1.48952
1.48946
1.48834
1.48763
1.48757
1.48753
1.48708
1.48669
1.48559
1.48352
1.48324
1.48305
1.48238
1.48236
1.48027
1.47979
1.47936
1.4789
1.47887
1.47838
1.47813
1.4777
1.47762
1.47648
1.47647
1.47623
1.47602
1.47594
1.47587
1.47559
1.47331
1.47163
1.47119
1.47038
1.46911
1.4683
1.46813
1.4674
1.4671
1.46696
1.46693
1.46569
1.4655
1.46527
1.46486
1.46484
1.46473
1.46454
1.46408
1.4632
1.46267
1.46196
1.46173
1.46165
1.46107
1.46008
1.46008
1.45936
1.45774
1.45753
1.45744
1.45726
1.45704
1.45674
1.45526
1.45479
1.4543
1.45354
1.45296
1.45158
1.45097
1.45059
1.44908
1.44775
1.44733
1.44678
1.4465
1.44418
1.44289
1.44264
1.44205
1.43957
1.43911
1.43782
1.43744
1.43716
1.43701
1.43698
1.4367
1.4366
1.43585
1.43519
1.43506
1.4343
1.43388
1.43333
1.43221
1.43051
1.43009
1.42973
1.42969
1.42731
1.42691
1.4262
1.42591
1.4231
1.42256
1.42226
1.42198
1.42099
1.42036
1.42028
1.41949
1.41769
1.41703
1.41505
1.41408
1.41406
1.41388
1.41371
1.41287
1.41249
1.41243
1.41094
1.41088
1.40942
1.40892
1.40783
1.40655
1.40653
1.4051
1.40319
1.4031
1.40274
1.40222
1.4019
1.40171
1.40125
1.40047
1.39928
1.39904
1.39841
1.39815
1.39732
1.39691
1.39621
1.39511
1.39494
1.39313
1.38954
1.38948
1.38836
1.38765
1.38762
1.38448
1.38436
1.38409
1.38351
1.38223
1.382
1.38153
1.38109
1.37875
1.37857
1.37703
1.37698
1.37339
1.37311
1.37212
1.37142
1.37041
1.3704
1.36992
1.36929
1.36817
1.36791
1.36619
1.36617
1.36613
1.36551
1.36448
1.36402
1.3636
1.36102
1.36066
1.35922
1.35869
1.35832
1.35655
1.35552
1.35512
1.35463
1.35343
1.35218
1.35155
1.35022
1.34966
1.34409
1.3432
1.34301
1.34249
1.34135
1.34061
1.34002
1.33985
1.33971
1.33917
1.33822
1.33736
1.33515
1.33492
1.33433
1.33425
1.33355
1.33287
1.33287
1.33269
1.33255
1.33254
1.33144
1.331
1.32977
1.32971
1.3291
1.32903
1.32886
1.32874
1.32832
1.32801
1.32749
1.32687
1.3265
1.3259
1.32354
1.32283
1.32252
1.32148
1.32074
1.31965
1.31953
1.31907
1.31883
1.31795
1.31788
1.31772
1.31744
1.3168
1.31449
1.31244
1.31228
1.31219
1.31208
1.31141
1.31099
1.31074
1.31069
1.31067
1.31034
1.30988
1.30919
1.3088
1.30866
1.30865
1.30864
1.30815
1.30745
1.30739
1.30568
1.30523
1.30522
1.30498
1.30476
1.3047
1.30455
1.30265
1.30246
1.3024
1.30061
1.29997
1.29899
1.29829
1.29686
1.29681
1.2967
1.29653
1.29609
1.29401
1.2937
1.29226
1.29216
1.29122
1.29064
1.29064
1.29017
1.29016
1.29013
1.28994
1.28921
1.28801
1.28683
1.28653
1.28648
1.28598
1.28502
1.28427
1.28305
1.28238
1.28179
1.28121
1.28098
1.28086
1.28049
1.27931
1.27925
1.27815
1.27804
1.27725
1.27724
1.27696
1.27674
1.27471
1.27465
1.27356
1.27126
1.2701
1.27003
1.26961
1.2692
1.26847
1.26568
1.26334
1.26286
1.26156
1.26119
1.26058
1.25944
1.25794
1.25754
1.25732
1.2557
1.25488
1.25465
1.2543
1.25376
1.25363
1.2533
1.25325
1.25318
1.252
1.25154
1.2495
1.24899
1.24769
1.24745
1.24697
1.24655
1.24517
1.24488
1.24405
1.24349
1.24225
1.24129
1.24055
1.24021
1.23991
1.23895
1.23762
1.23675
1.23469
1.23381
1.23368
1.23337
1.23278
1.23249
1.22919
1.22863
1.22847
1.22763
1.22635
1.22606
1.22466
1.22059
1.22044
1.21999
1.2198
1.21881
1.21696
1.2159
1.21521
1.215
1.21392
1.21312
1.21264
1.21201
1.21126
1.21084
1.21031
1.20846
1.20836
1.20806
1.20791
1.20786
1.20735
1.20533
1.20385
1.20306
1.20294
1.20232
1.2023
1.20037
1.19988
1.19896
1.19848
1.19759
1.19614
1.1961
1.1954
1.19446
1.19419
1.19285
1.19071
1.18965
1.18948
1.1889
1.18736
1.18582
1.18573
1.1846
1.18311
1.18218
1.18213
1.1821
1.1807
1.17988
1.17941
1.17927
1.179
1.17899
1.1782
1.17807
1.1777
1.17676
1.17601
1.17587
1.17555
1.17546
1.1746
1.17432
1.17278
1.17277
1.17063
1.16793
1.16728
1.16715
1.16636
1.16516
1.16367
1.16294
1.16291
1.16198
1.16196
1.16193
1.16154
1.16147
1.16133
1.16112
1.16025
1.16
1.15895
1.15892
1.15886
1.15883
1.15858
1.15827
1.15693
1.15636
1.1538
1.15097
1.15058
1.1497
1.14873
1.14851
1.14846
1.14791
1.14622
1.14569
1.1453
1.14461
1.14451
1.14451
1.14292
1.14184
1.14062
1.14046
1.1393
1.13886
1.13865
1.13788
1.13698
1.13618
1.13605
1.13566
1.13468
1.13373
1.13322
1.13166
1.12966
1.12852
1.12848
1.12796
1.12776
1.12771
1.12435
1.1242
1.12311
1.12297
1.12259
1.12194
1.1217
1.12108
1.12078
1.12073
1.12036
1.11996
1.11902
1.11899
1.11866
1.11821
1.11783
1.11782
1.11736
1.11583
1.11378
1.11294
1.11272
1.11117
1.11111
1.11038
1.10977
1.10962
1.10901
1.10894
1.10802
1.10664
1.10645
1.10615
1.10384
1.10328
1.10318
1.10252
1.1025
1.1023
1.1022
1.10173
1.10166
1.10162
1.10061
1.10052
1.1003
1.09982
1.09912
1.0985
1.09827
1.0977
1.09606
1.09468
1.09431
1.0939
1.09338
1.09333
1.09333
1.0921
1.0916
1.09132
1.09106
1.09085
1.08912
1.08835
1.08783
1.08694
1.08677
1.08414
1.08402
1.08399
1.08383
1.08374
1.08372
1.08239
1.08226
1.08225
1.08202
1.08161
1.08006
1.07966
1.0795
1.079
1.07845
1.07721
1.07592
1.07561
1.07554
1.07484
1.07461
1.07425
1.07325
1.07192
1.07168
1.0712
1.07044
1.06927
1.06874
1.06745
1.06741
1.06632
1.06493
1.06489
1.06413
1.06004
1.05925
1.05817
1.05633
1.05578
1.0551
1.05508
1.0531
1.05238
1.05187
1.05057
1.04997
1.04965
1.0495
1.04944
1.04809
1.04805
1.04728
1.04712
1.04671
1.04666
1.04649
1.04553
1.04537
1.04464
1.04447
1.04366
1.04353
1.04305
1.04284
1.04207
1.04201
1.04179
1.0416
1.04112
1.04107
1.03977
1.03962
1.03794
1.03647
1.03639
1.03599
1.03478
1.03393
1.03327
1.03255
1.03225
1.03208
1.02985
1.02971
1.02618
1.02565
1.02465
1.02459
1.02432
1.02333
1.02314
1.0231
1.02294
1.02223
1.02126
1.02082
1.01777
1.01715
1.01712
1.01617
1.01571
1.01543
1.01523
1.01504
1.01391
1.01387
1.01143
1.00893
1.00874
1.00644
1.00588
1.00522
1.00335
1.0027
1.00024
0.999823
0.999416
0.999335
0.998659
0.997963
0.997232
0.996686
0.996533
0.996234
0.996039
0.995049
0.993672
0.992086
0.991553
0.99118
0.990818
0.990136
0.989952
0.989652
0.988968
0.988931
0.987338
0.986266
0.984069
0.983785
0.98362
0.982785
0.981812
0.981514
0.980393
0.980241
0.978887
0.978258
0.978164
0.978148
0.976576
0.974881
0.97351
0.972527
0.971992
0.971837
0.971465
0.971217
0.971089
0.970026
0.969655
0.969402
0.968835
0.967031
0.966796
0.966727
0.966345
0.966245
0.964872
0.963035
0.962498
0.962345
0.962281
0.961419
0.958997
0.958499
0.957711
0.957575
0.957483
0.957056
0.955791
0.955317
0.955142
0.955135
0.954937
0.954879
0.954762
0.954195
0.95403
0.952415
0.952083
0.951371
0.94998
0.949661
0.949538
0.949515
0.948888
0.948421
0.948131
0.947934
0.945656
0.945482
0.945246
0.942335
0.941911
0.940781
0.939057
0.938784
0.938613
0.938538
0.937617
0.937488
0.9366
0.934066
0.934065
0.93397
0.933553
0.932476
0.931942
0.930016
0.928981
0.9275
0.926317
0.925656
0.925653
0.924705
0.923877
0.923567
0.923071
0.922978
0.922502
0.922019
0.920604
0.920231
0.919498
0.919279
0.918869
0.918302
0.917231
0.917072
0.916845
0.916408
0.915785
0.915564
0.914524
0.913988
0.913646
0.91247
0.911588
0.910894
0.909838
0.907487
0.903984
0.90302
0.902884
0.902052
0.901971
0.901009
0.900385
0.900281
0.899798
0.898629
0.898419
0.897207
0.896897
0.896896
0.896762
0.896723
0.896386
0.895674
0.894926
0.892295
0.891132
0.890648
0.888875
0.888743
0.888715
0.888399
0.885157
0.885143
0.884744
0.884239
0.883638
0.883491
0.883245
0.882565
0.882542
0.881791
0.881256
0.880667
0.880194
0.880068
0.879795
0.879795
0.879651
0.87962
0.879428
0.879357
0.879165
0.878793
0.877894
0.877336
0.876764
0.876443
0.875306
0.872952
0.872882
0.872313
0.871415
0.870883
0.870038
0.869735
0.869214
0.868653
0.86844
0.868164
0.86735
0.867043
0.866984
0.866461
0.865961
0.865732
0.865452
0.865378
0.864583
0.863426
0.863064
0.862746
0.861775
0.861044
0.859849
0.859512
0.858879
0.857571
0.854561
0.854487
0.853116
0.852893
0.85266
0.8526
0.852342
0.852308
0.852245
0.851969
0.851145
0.851056
0.851014
0.850957
0.850719
0.849246
0.847519
0.847259
0.846899
0.845307
0.845179
0.843593
0.840457
0.839441
0.839229
0.838343
0.838245
0.836615
0.835997
0.835989
0.835712
0.834738
0.834592
0.833162
0.83279
0.832547
0.832484
0.83228
0.83202
0.832007
0.83175
0.831688
0.831651
0.831635
0.83143
0.83134
0.831336
0.829404
0.829232
0.827552
0.826838
0.826641
0.826065
0.825916
0.825513
0.824687
0.823785
0.82268
0.822348
0.822203
0.821891
0.821083
0.820577
0.820407
0.820167
0.819759
0.819654
0.819563
0.819312
0.818839
0.817538
0.816931
0.816005
0.815145
0.814973
0.814672
0.81285
0.810778
0.81051
0.810398
0.809947
0.80957
0.80922
0.809047
0.808802
0.808294
0.808206
0.808113
0.807697
0.807473
0.807348
0.805714
0.805706
0.805629
0.805271
0.804306
0.804134
0.802638
0.802311
0.801833
0.801603
0.801269
0.800674
0.798961
0.798097
0.797851
0.796491
0.795216
0.79517
0.795135
0.794811
0.793732
0.793547
0.792158
0.792005
0.7919
0.790813
0.790594
0.790278
0.789161
0.788397
0.788255
0.78709
0.786951
0.786724
0.786545
0.786192
0.784995
0.7849
0.784122
0.782355
0.78218
0.782069
0.781997
0.781488
0.781417
0.781386
0.781195
0.780536
0.780366
0.780001
0.778922
0.778226
0.778204
0.778104
0.777731
0.777312
0.776864
0.776442
0.776295
0.775942
0.775806
0.775277
0.77503
0.774977
0.77492
0.774605
0.774586
0.774512
0.774072
0.773505
0.773088
0.772652
0.77065
0.770348
0.768935
0.768595
0.767946
0.767146
0.766948
0.765349
0.7649
0.764674
0.764345
0.763619
0.762644
0.76233
0.761105
0.759979
0.759882
0.759245
0.759043
0.75861
0.757808
0.757644
0.757095
0.756887
0.756431
0.755283
0.754915
0.754108
0.753737
0.753333
0.753017
0.752748
0.75274
0.752675
0.752267
0.751527
0.75102
0.750664
0.749596
0.749414
0.749095
0.748491
0.747048
0.746684
0.745109
0.745094
0.744961
0.743843
0.743239
0.742519
0.74176
0.740359
0.74002
0.739554
0.73894
0.738163
0.738041
0.73754
0.737378
0.736099
0.735911
0.735885
0.734965
0.734697
0.734303
0.734269
0.733973
0.730684
0.730246
0.7293
0.728995
0.727986
0.727532
0.727289
0.725342
0.72485
0.723402
0.72303
0.722415
0.722288
0.721647
0.721538
0.721158
0.720696
0.720163
0.717713
0.717424
0.717055
0.716946
0.716861
0.716288
0.715739
0.715326
0.715161
0.714132
0.713666
0.711082
0.710564
0.708431
0.707894
0.70757
0.707319
0.706933
0.706914
0.706511
0.706484
0.706375
0.705935
0.705554
0.704664
0.704539
0.70271
0.702705
0.702553
0.700298
0.700068
0.700067
0.699716
0.699066
0.698302
0.698097
0.697776
0.697765
0.697641
0.697405
0.697363
0.697228
0.695123
0.694574
0.693909
0.693364
0.692705
0.692247
0.691767
0.690605
0.690541
0.690523
0.690347
0.689727
0.688555
0.688505
0.688469
0.6879
0.687812
0.687787
0.687508
0.687498
0.687013
0.686987
0.686654
0.68454
0.684347
0.6837
0.683613
0.683458
0.681221
0.681198
0.680814
0.679148
0.678895
0.678351
0.678158
0.678009
0.676462
0.675614
0.675021
0.674128
0.673727
0.673002
0.672693
0.672472
0.672459
0.6719
0.67153
0.671503
0.671124
0.670892
0.670731
0.670688
0.670158
0.669365
0.669088
0.668685
0.66861
0.668158
0.668057
0.667417
0.665776
0.664821
0.664455
0.663796
0.662328
0.661935
0.661536
0.661113
0.661111
0.660957
0.660411
0.659726
0.659664
0.659102
0.65706
0.656521
0.656193
0.656026
0.654593
0.653669
0.653021
0.652897
0.65278
0.651614
0.650251
0.649749
0.649023
0.647277
0.647051
0.645934
0.645495
0.643503
0.643357
0.641586
0.641517
0.641454
0.641367
0.640212
0.639651
0.63951
0.638433
0.638371
0.637728
0.637594
0.637514
0.636381
0.635956
0.635439
0.634601
0.634435
0.63442
0.633006
0.632335
0.632028
0.631839
0.63155
0.631027
0.629928
0.629153
0.628932
0.628583
0.627215
0.62719
0.627178
0.626802
0.626798
0.626723
0.626597
0.626206
0.625949
0.625246
0.624674
0.624263
0.624012
0.623628
0.623543
0.623201
0.623066
0.622815
0.62278
0.622304
0.622068
0.621477
0.620145
0.619201
0.617079
0.616566
0.616513
0.616066
0.615181
0.615127
0.614874
0.614185
0.613698
0.613046
0.61299
0.61259
0.612422
0.612352
0.611949
0.611755
0.611729
0.61166
0.611062
0.61059
0.610053
0.608595
0.608485
0.608051
0.607985
0.607403
0.607108
0.606106
0.606026
0.605794
0.605294
0.605026
0.603398
0.602956
0.602918
0.602292
0.601881
0.601624
0.601075
0.600956
0.600001
0.598771
0.598349
0.597559
0.596969
0.596413
0.59619
0.595974
0.595753
0.594993
0.594879
0.59356
0.593386
0.592988
0.592658
0.592101
0.591411
0.591245
0.590831
0.590668
0.590581
0.589976
0.589753
0.589624
0.588928
0.587449
0.587327
0.586862
0.586623
0.58634
0.586257
0.583705
0.582205
0.581908
0.581017
0.579726
0.579539
0.579466
0.579302
0.579023
0.578747
0.578196
0.578063
0.578058
0.57768
0.577668
0.577328
0.577114
0.576809
0.576307
0.576144
0.575782
0.574966
0.574512
0.573896
0.573657
0.5713
0.57109
0.570902
0.570719
0.569942
0.569717
0.569544
0.569248
0.568542
0.568522
0.568224
0.568025
0.567943
0.56733
0.566708
0.566371
0.565828
0.563807
0.563586
0.563463
0.56206
0.561963
0.560903
0.560453
0.559226
0.557984
0.557665
0.5576
0.557037
0.556917
0.55691
0.556699
0.556512
0.555918
0.555896
0.555841
0.555396
0.555236
0.554462
0.553655
0.553552
0.553431
0.55295
0.552686
0.551525
0.551467
0.551353
0.551295
0.551274
0.550084
0.548675
0.548048
0.547961
0.547879
0.547628
0.546551
0.54618
0.545598
0.545574
0.545483
0.54546
0.54486
0.544324
0.543746
0.543498
0.542923
0.542674
0.542661
0.542267
0.542145
0.541848
0.541777
0.54169
0.541488
0.541368
0.541071
0.540776
0.540156
0.539993
0.539719
0.53949
0.538491
0.537679
0.537613
0.536007
0.535747
0.535696
0.535211
0.534275
0.534105
0.532611
0.532292
0.53222
0.53204
0.531459
0.531227
0.531212
0.531038
0.530825
0.529594
0.529435
0.528967
0.528381
0.52836
0.528081
0.528057
0.527119
0.527053
0.526723
0.526569
0.525854
0.525154
0.524345
0.523894
0.52362
0.5236
0.522934
0.521682
0.521675
0.52063
0.520264
0.519836
0.519612
0.519512
0.519493
0.519398
0.519328
0.518818
0.51858
0.517704
0.517331
0.517294
0.517127
0.516619
0.516528
0.516174
0.515292
0.514312
0.514261
0.513445
0.512637
0.512422
0.511735
0.511706
0.511065
0.50967
0.509589
0.509269
0.509205
0.508851
0.508522
0.507868
0.507669
0.507327
0.506743
0.506591
0.506432
0.50547
0.504972
0.504709
0.504354
0.503946
0.503778
0.50297
0.502738
0.501984
0.501342
0.500923
0.500806
0.500618
0.500372
0.500156
0.499832
0.499788
0.499757
0.499682
0.499105
0.498647
0.498486
0.497578
0.496605
0.495842
0.495811
0.495807
0.495589
0.495583
0.495519
0.49542
0.494456
0.494422
0.494248
0.493519
0.493493
0.493367
0.493227
0.493162
0.49244
0.492295
0.492048
0.491619
0.491443
0.491117
0.49082
0.490306
0.490115
0.489931
0.489911
0.489836
0.489621
0.487928
0.487694
0.48744
0.487286
0.486504
0.486439
0.486407
0.485774
0.485475
0.484801
0.484785
0.484425
0.484335
0.483636
0.482909
0.482788
0.482033
0.481749
0.481213
0.481202
0.481049
0.479803
0.479763
0.4797
0.479308
0.479253
0.47922
0.479099
0.479029
0.478859
0.478452
0.478355
0.476752
0.476177
0.475671
0.47534
0.475316
0.475085
0.474416
0.474187
0.474088
0.473906
0.47324
0.472425
0.472293
0.47228
0.472125
0.471846
0.470915
0.470775
0.469926
0.469519
0.469004
0.468593
0.467678
0.466937
0.466692
0.46603
0.465941
0.465911
0.465909
0.465624
0.463366
0.462955
0.462946
0.462945
0.462044
0.461534
0.461372
0.461162
0.460764
0.460477
0.459347
0.458828
0.458766
0.458682
0.458022
0.458013
0.457264
0.45643
0.456352
0.456328
0.456269
0.456115
0.455725
0.455453
0.455271
0.454938
0.454851
0.454396
0.454193
0.453619
0.453344
0.452774
0.452554
0.451738
0.45147
0.451165
0.450594
0.450231
0.449837
0.449816
0.449466
0.449452
0.449196
0.448882
0.448344
0.448294
0.447829
0.44763
0.447224
0.447159
0.447018
0.44657
0.446452
0.446019
0.445676
0.445428
0.445309
0.445088
0.444884
0.444523
0.444186
0.443377
0.443219
0.442942
0.442067
0.441659
0.440741
0.440064
0.439509
0.439293
0.43927
0.438928
0.438771
0.437711
0.437517
0.43719
0.435314
0.433687
0.432906
0.432556
0.432222
0.432162
0.431903
0.431058
0.43096
0.430789
0.430789
0.430661
0.429704
0.429033
0.428982
0.428932
0.428882
0.428562
0.428445
0.428103
0.427558
0.427535
0.427162
0.427118
0.426886
0.426079
0.426026
0.425421
0.425397
0.424583
0.424502
0.424187
0.42388
0.423821
0.4235
0.423466
0.422838
0.422619
0.422425
0.422258
0.420738
0.420569
0.42037
0.420277
0.419986
0.419456
0.418507
0.417947
0.41774
0.417611
0.417576
0.417477
0.417255
0.416838
0.416832
0.416813
0.416783
0.416334
0.416149
0.415784
0.415246
0.413832
0.413652
0.413117
0.412928
0.412722
0.412081
0.410982
0.409193
0.407971
0.407933
0.407646
0.407383
0.407074
0.405672
0.404943
0.404907
0.404072
0.403985
0.403697
0.403518
0.402588
0.402144
0.401717
0.401253
0.400749
0.400682
0.399939
0.399857
0.399016
0.398991
0.39785
0.397283
0.397255
0.397022
0.396874
0.395642
0.395413
0.395347
0.395205
0.394911
0.394605
0.393466
0.393046
0.391915
0.390959
0.390685
0.390307
0.389994
0.389306
0.389131
0.388789
0.388733
0.38827
0.387422
0.387248
0.386216
0.38595
0.385347
0.384692
0.384692
0.384537
0.384465
0.384387
0.384331
0.384268
0.383959
0.383956
0.383731
0.382808
0.382687
0.382592
0.382554
0.382471
0.382451
0.382387
0.382263
0.382029
0.381322
0.381157
0.380943
0.3802
0.379786
0.379711
0.379654
0.379222
0.379139
0.379009
0.378205
0.377596
0.377543
0.376106
0.376084
0.37427
0.37342
0.372166
0.371846
0.371597
0.371439
0.37094
0.370732
0.370574
0.370574
0.370409
0.370296
0.370134
0.370113
0.370009
0.369813
0.369354
0.369354
0.36856
0.368253
0.367847
0.367764
0.367564
0.367447
0.36684
0.366403
0.365605
0.365386
0.363492
0.36327
0.363219
0.363005
0.362242
0.361663
0.361641
0.361622
0.361458
0.360924
0.36015
0.359971
0.359787
0.359727
0.359092
0.358813
0.358589
0.358214
0.35804
0.357687
0.357387
0.356251
0.355966
0.355935
0.355877
0.355791
0.355234
0.355054
0.354169
0.353751
0.353184
0.352428
0.351717
0.35087
0.350765
0.350759
0.350066
0.349823
0.349393
0.349284
0.349117
0.349023
0.348992
0.348911
0.348865
0.348671
0.348661
0.347768
0.346732
0.346581
0.346369
0.346038
0.34593
0.344049
0.344025
0.343189
0.343064
0.342928
0.342357
0.34195
0.341122
0.340651
0.33952
0.339373
0.339368
0.338704
0.338551
0.338339
0.338117
0.337964
0.337342
0.336985
0.336711
0.336568
0.336399
0.335084
0.334599
0.33427
0.333376
0.332496
0.331986
0.331521
0.330969
0.330497
0.329637
0.329499
0.329046
0.328031
0.327835
0.327484
0.325947
0.325839
0.324951
0.324781
0.324331
0.324099
0.32345
0.323391
0.323326
0.32288
0.322719
0.321754
0.321133
0.319898
0.319571
0.319213
0.318999
0.318949
0.318609
0.318047
0.317582
0.317183
0.316968
0.316633
0.316555
0.31527
0.315268
0.314831
0.314766
0.314548
0.314262
0.314167
0.313739
0.313236
0.313045
0.312696
0.312339
0.312191
0.311768
0.311386
0.310897
0.310863
0.310596
0.309836
0.309747
0.309628
0.309264
0.308488
0.308436
0.308305
0.30697
0.306488
0.305738
0.30573
0.305617
0.305274
0.305207
0.304369
0.303914
0.303718
0.303652
0.302321
0.302192
0.302003
0.301481
0.301379
0.301238
0.300594
0.300311
0.300276
0.29958
0.298957
0.298788
0.298324
0.298035
0.297652
0.29694
0.296872
0.29472
0.294479
0.293965
0.293713
0.293687
0.293004
0.292988
0.292616
0.292374
0.292047
0.291967
0.291857
0.291237
0.290852
0.290745
0.290673
0.289911
0.289687
0.289398
0.289311
0.289164
0.288933
0.288729
0.288729
0.288526
0.287062
0.286996
0.286819
0.28576
0.285325
0.284872
0.28458
0.284164
0.283661
0.282975
0.282014
0.281816
0.281557
0.280814
0.280812
0.280589
0.280475
0.280448
0.279533
0.278967
0.278834
0.278474
0.277288
0.277134
0.276976
0.27639
0.275801
0.275707
0.275701
0.275125
0.274717
0.274448
0.274127
0.273826
0.273682
0.272595
0.270881
0.270602
0.27016
0.270034
0.270002
0.269982
0.269621
0.269123
0.267281
0.266431
0.266096
0.265578
0.264978
0.264799
0.264484
0.264193
0.264006
0.263793
0.263219
0.262762
0.262451
0.262415
0.262305
0.262257
0.261848
0.261818
0.26125
0.261002
0.260903
0.260408
0.259979
0.259799
0.259616
0.259482
0.258891
0.258729
0.25764
0.257637
0.257012
0.256946
0.256272
0.254701
0.254642
0.254216
0.253772
0.252726
0.251304
0.251261
0.250805
0.25073
0.250426
0.250412
0.249473
0.249378
0.247779
0.246765
0.246162
0.246097
0.245801
0.245794
0.245743
0.245688
0.245523
0.245245
0.244904
0.243956
0.243485
0.242903
0.241581
0.241328
0.241103
0.241097
0.240303
0.2403
0.240248
0.240112
0.239825
0.238431
0.23767
0.236856
0.236615
0.235697
0.235411
0.235039
0.234894
0.234882
0.233637
0.233149
0.231556
0.231122
0.230822
0.230761
0.230353
0.229966
0.229948
0.229565
0.229215
0.229104
0.228802
0.227024
0.226251
0.224497
0.224315
0.222827
0.222764
0.2222
0.22212
0.222101
0.221995
0.221855
0.221264
0.221166
0.221062
0.221034
0.220093
0.218961
0.218763
0.21849
0.21792
0.217846
0.21756
0.217487
0.217439
0.216767
0.216281
0.215703
0.215633
0.215248
0.214966
0.214001
0.213897
0.213017
0.212642
0.212604
0.212234
0.211984
0.208695
0.208438
0.208421
0.208184
0.207953
0.207664
0.207661
0.20672
0.206399
0.206224
0.205514
0.205059
0.204495
0.203598
0.203233
0.20292
0.202635
0.202172
0.201767
0.201174
0.200422
0.199394
0.19903
0.197912
0.197844
0.197757
0.197747
0.197641
0.196638
0.196628
0.196137
0.196086
0.195233
0.195111
0.195084
0.194749
0.193936
0.193204
0.192537
0.190841
0.188145
0.187555
0.186652
0.185879
0.18573
0.185386
0.1852
0.184547
0.184498
0.184453
0.184161
0.181676
0.181667
0.178691
0.178464
0.177965
0.177464
0.177244
0.176164
0.174975
0.173252
0.173037
0.172682
0.17207
0.171227
0.167936
0.166915
0.166583
0.165489
0.165183
0.164465
0.163397
0.163368
0.161306
0.161092
0.160775
0.160402
0.160268
0.159594
0.158926
0.157418
0.157129
0.155659
0.154628
0.153753
0.153042
0.152276
0.150009
0.148368
0.146257
0.146082
0.145889
0.145404
0.144996
0.14472
0.143826
0.140835
0.139557
0.139487
0.137688
0.136868
0.136275
0.135929
0.134813
0.134768
0.132885
0.132423
0.131702
0.130205
0.13017
0.129892
0.129188
0.128932
0.128634
0.127958
0.126888
0.126194
0.12599
0.123034
0.121304
0.120374
0.119585
0.119544
0.118686
0.117937
0.117371
0.116789
0.116654
0.114695
0.114238
0.112523
0.112476
0.11241
0.112376
0.112335
0.109079
0.108674
0.10639
0.106216
0.105996
0.105781
0.105445
0.105276
0.104492
0.102983
0.101773
0.101211
0.100828
0.0988996
0.0987175
0.0986429
0.0968763
0.0955457
0.0952897
0.0951585
0.088964
0.0885465
0.0872742
0.0871446
0.0867115
0.082469
0.0769302
0.0752031
0.0734806
0.0733949
0.0733244
0.0729187
0.0727703
0.0682446
0.0630441
0.0595181
0.0566634
0.0454219
0.0434338
0.0423404
0.0358591
