VARIABLES= "X", "Y", "Z","T"
1 1 0 300
1 1.11111 0 300
1 1.22222 0 300
1 1.33333 0 300
1 1.44444 0 300
1 1.55556 0 300
1 1.66667 0 300
1 1.77778 0 300
1 1.88889 0 300
1 2 0 300
1 2 0.111111 300
1 2 0.222222 300
1 2 0.333333 300
1 2 0.444444 300
1 2 0.555556 300
1 2 0.666667 300
1 2 0.777778 300
1 2 0.888889 300
1 2 1 300
1 1.88889 1 300
1 1.77778 1 300
1 1.66667 1 300
1 1.55556 1 300
1 1.44444 1 300
1 1.33333 1 300
1 1.22222 1 300
1 1.11111 1 300
1 1 1 300
1 1 0.888889 300
1 1 0.777778 300
1 1 0.666667 300
1 1 0.555556 300
1 1 0.444444 300
1 1 0.333333 300
1 1 0.222222 300
1 1 0.111111 300
1 1.93463 0.703499 300
1 1.89741 0.793661 300
1 1.85081 0.680684 41.9285
1 1.0994 0.0899265 300
1 1.89945 0.909696 300
1 1.91446 0.0855425 300
1 1.08554 0.914458 300
1 1.20223 0.0713969 300
1 1.288 0.0568911 300
1 1.29348 0.128271 45.7321
1 1.35946 0.278154 10.1856
1 1.38045 0.186956 19.8817
1 1.45319 0.256269 11.0576
1 1.40595 0.0880907 300
1 1.06037 0.28637 300
1 1.52076 0.326286 7.4466
1 1.5894 0.399553 6.97873
1 1.49646 0.413756 5.87979
1 1.79665 0.92993 300
1 1.71005 0.947833 300
1 1.70481 0.879022 49.3437
1 1.6231 0.744379 11.871
1 1.60784 0.834095 26.9533
1 1.51333 0.771164 14.458
1 1.60662 0.925916 300
1 1.4629 0.683847 7.10854
1 1.42345 0.751932 11.4031
1 1.92056 0.403386 300
1 1.93435 0.308034 1
1 1.8376 0.162133 57.3724
1 1.9283 0.165741 300
1 1.89307 0.2438 1
1 1.16176 0.83875 66.8413
1 1.07172 0.834233 300
1 1.10701 0.756067 300
1 1.08192 0.592634 300
1 1.06615 0.69117 1
1 1.94446 0.495148 300
1 1.80085 0.264138 29.3786
1 1.66736 0.138768 54.2177
1 1.59706 0.0786221 300
1 1.69222 0.0668004 300
1 1.13438 0.491568 46.6285
1 1.1781 0.57617 26.9243
1 1.19917 0.737414 29.207
1 1.32778 0.859487 50.0549
1 1.40563 0.918724 300
1 1.30848 0.933978 300
1 1.51289 0.111044 51.889
1 1.504 0.0553191 1
1 1.57676 0.160737 29.3904
1 1.1935 0.247733 22.6351
1 1.09449 0.199607 1
1 1.19641 0.156278 41.0473
1 1.28968 0.710317 13.9427
1 1.37536 0.692762 8.63089
1 1.34756 0.775432 17.1211
1 1.50933 0.869948 40.192
1 1.42008 0.825209 25.8091
1 1.74605 0.646542 12.9942
1 1.65013 0.662913 8.13164
1 1.66254 0.572306 7.48731
1 1.09112 0.385668 1
1 1.41133 0.62161 6.68771
1 1.16566 0.928522 1
1 1.2545 0.393656 12.4163
1 1.34235 0.364494 9.06291
1 1.3217 0.454299 7.99422
1 1.61641 0.307272 9.93485
1 1.83415 0.0716821 1
1 1.82688 0.515374 24.0832
1 1.7539 0.449258 12.8503
1 1.83646 0.424757 29.413
1 1.0588 0.494707 1
1 1.39124 0.532878 5.85527
1 1.30303 0.531899 9.55125
1 1.2831 0.214674 16.9794
1 1.49748 0.58797 5.40907
1 1.88896 0.48619 48.1693
1 1.74873 0.544115 10.468
1 1.66884 0.472604 7.51852
1 1.23128 0.489994 15.6509
1 1.17858 0.416424 27.8236
1 1.81797 0.595926 20.6232
1 1.91148 0.589087 1
1 1.48067 0.172451 24.9997
1 1.80269 0.841663 43.0589
1 1.705 0.794693 19.7442
1 1.78764 0.748648 26.5584
1 1.54812 0.241567 11.0279
1 1.47338 0.492891 5.4308
1 1.56873 0.503191 6.57983
1 1.71032 0.289683 14.905
1 1.73677 0.197186 28.7002
1 1.26192 0.802455 27.5839
1 1.18628 0.336023 25.6277
1 1.27021 0.303801 12.7713
1 1.50245 0.944579 1
1 1.2434 0.89418 1
1 1.68541 0.379033 9.62492
1 1.24981 0.569032 11.6906
1 1.23169 0.648856 16.1755
1 1.75564 0.10684 1
1 1.6457 0.222424 19.3772
1 1.32112 0.613293 8.74671
1 1.59014 0.602182 6.99681
1 1.42748 0.342731 7.01939
1 1.41176 0.431274 6.10129
1 1.55644 0.677642 8.00523
1 1.70452 0.721203 14.1806
1 1.12335 0.289498 57.6805
1 1.14294 0.668036 56.1639
1 1.77358 0.355827 18.5129
1 1.85741 0.332307 52.375
1.11111 2 0 300
1.22222 2 0 10.252
1.33333 2 0 3.11781
1.44444 2 0 1.70669
1.55556 2 0 0.694232
1.66667 2 0 0.442914
1.77778 2 0 0.222587
1.88889 2 0 0.107179
2 2 0 0.0768367
2 1.88889 0 0.115876
2 1.77778 0 0.146044
2 1.66667 0 0.175977
2 1.55556 0 0.210993
2 1.44444 0 0.169244
2 1.33333 0 0.179644
2 1.22222 0 0.128921
2 1.11111 0 0.0852884
2 1 0 0.0490813
1.88889 1 0 0.0957239
1.77778 1 0 0.17968
1.66667 1 0 0.323044
1.55556 1 0 0.583402
1.44444 1 0 1.10255
1.33333 1 0 2.24213
1.22222 1 0 9.69141
1.11111 1 0 300
1.28968 1.71032 0 8.54674
1.30727 1.61641 0 7.72526
1.22245 1.64559 0 16.7831
1.08984 1.0993 0 300
1.91 1.9004 0 0.173617
1.08554 1.91446 0 1
1.91446 1.08554 0 0.148577
1.07035 1.20179 0 300
1.05278 1.28856 0 300
1.12157 1.29655 0 51.2759
1.92992 1.79813 0 0.230869
1.94764 1.7114 0 0.227672
1.88026 1.70331 0 0.393873
1.16238 1.83731 0 40.3985
1.166 1.92804 0 43.0873
1.24508 1.89178 0 16.6154
1.40326 1.9205 0 2.38608
1.30799 1.93275 0 6.12969
1.26933 1.36578 0 7.85269
1.17325 1.39878 0 23.9647
1.25536 1.46123 0 10.1624
1.07478 1.39266 0 300
1.49502 1.94444 0 1.48622
1.32448 1.52819 0 5.9038
1.39361 1.59605 0 4.21354
1.40962 1.50723 0 3.96442
1.2854 1.06079 0 4.56663
1.2643 1.80049 0 13.8202
1.13964 1.66635 0 53.1993
1.07946 1.59372 0 300
1.06697 1.69155 0 300
1.92803 1.61111 0 0.317967
1.83403 1.60617 0 0.549047
1.73319 1.60063 0 0.81578
1.79025 1.69653 0 0.567803
1.87502 1.51179 0 0.472875
1.58927 1.91182 0 1.00484
1.67803 1.84813 0 0.924598
1.59219 1.81505 0 1.2054
1.83874 1.16204 0 0.394072
1.83405 1.07192 0 0.251015
1.75914 1.10681 0 0.378447
1.59411 1.08129 0 0.764481
1.69153 1.06757 0 0.31885
1.49255 1.13413 0 1.60324
1.57981 1.17526 0 1.19305
1.74134 1.19705 0 0.535635
1.86328 1.33308 0 0.459424
1.92252 1.40888 0 0.293181
1.93474 1.30913 0 0.252786
1.24682 1.19397 0 10.0069
1.19954 1.09445 0 19.8659
1.15621 1.19633 0 31.1439
1.39215 1.25681 0 3.40677
1.45116 1.32764 0 2.93866
1.49274 1.23383 0 1.70976
1.74375 1.43921 0 0.770318
1.79001 1.51386 0 0.627091
1.82923 1.42533 0 0.527536
1.74199 1.7792 0 0.582775
1.79357 1.89689 0 0.353369
1.84185 1.7973 0 0.369731
1.12196 1.49115 0 41.0152
1.16492 1.57498 0 28.5609
1.62447 1.30433 0 1.12081
1.68283 1.36933 0 0.812804
1.7138 1.28381 0 0.708369
1.92855 1.16568 0 0.16977
1.51348 1.82591 0 1.96699
1.44679 1.75332 0 3.19911
1.42379 1.83594 0 3.41835
1.35838 1.3453 0 4.82367
1.07168 1.83415 0 1
1.48544 1.88858 0 1.78383
1.53535 1.74367 0 1.82761
1.4647 1.66903 0 2.97609
1.21128 1.28737 0 13.4853
1.71018 1.69255 0 0.78949
1.64011 1.63432 0 1.20638
1.49472 1.05861 0 1.28704
1.59829 1.38639 0 1.441
1.57859 1.47359 0 1.9099
1.66049 1.4552 0 1.00923
1.55467 1.65596 0 1.83307
1.63659 1.73908 0 1.15604
1.41769 1.17935 0 2.49375
1.38507 1.09184 0 2.76643
1.71517 1.51076 0 0.944386
1.2434 1.55294 0 12.7031
1.42468 1.41784 0 3.92118
1.47766 1.57851 0 3.04543
1.80332 1.26259 0 0.422937
1.33478 1.18575 0 4.306
1.3005 1.27279 0 5.1593
1.19722 1.73664 0 23.0385
1.89431 1.2435 0 0.246772
1.77323 1.35207 0 0.610509
1.57625 1.24799 0 1.29927
1.65094 1.22429 0 0.936376
1.37622 1.68641 0 4.88971
1.05391 1.49578 0 1
1.10684 1.75564 0 1
1.513 1.40185 0 2.46282
1.53959 1.3156 0 1.87306
1.33762 1.43527 0 5.07112
1.5641 1.56451 0 1.91958
1.49021 1.49182 0 3.10076
1.2882 1.12342 0 5.8282
1.70106 1.93137 0 0.481082
1.64543 1.54178 0 1.25325
1.94631 1.50537 0 0.278441
1.35528 1.77332 0 6.29909
1.67141 1.1423 0 0.630269
1.19178 1.49581 0 17.9367
1.33249 1.85692 0 7.65004
2 2 0.111111 0.0986079
2 2 0.222222 0.143341
2 2 0.333333 0.180102
2 2 0.444444 0.229926
2 2 0.555556 0.213028
2 2 0.666667 0.188118
2 2 0.777778 0.171405
2 2 0.888889 0.124647
2 2 1 0.091563
1.88889 2 1 0.114286
1.77778 2 1 0.187129
1.66667 2 1 0.309479
1.55556 2 1 0.623986
1.44444 2 1 1.81402
1.33333 2 1 3.41465
1.22222 2 1 12.5309
1.11111 2 1 300
1.71032 2 0.289683 0.81776
1.61641 2 0.307272 1.20637
1.6457 2 0.222424 0.982304
1.10086 2 0.0904404 300
1.90024 2 0.909779 0.221006
1.91446 2 0.0855425 0.162098
1.08554 2 0.914458 1
1.20213 2 0.0732899 23.273
1.29221 2 0.0578801 5.41987
1.29358 2 0.129996 8.24183
1.79868 2 0.929455 0.278884
1.71475 2 0.945494 0.35163
1.70836 2 0.878624 0.701343
1.62403 2 0.743498 1.4911
1.61106 2 0.83332 1.74678
1.51639 2 0.769748 2.53119
1.61111 2 0.928028 0.867523
1.4638 2 0.684317 3.14153
1.42473 2 0.750716 3.93624
1.93531 2 0.703439 0.301688
1.83397 2 0.166028 0.376012
1.92804 2 0.165997 0.192577
1.89178 2 0.245079 0.36237
1.91951 2 0.406672 0.270601
1.93255 2 0.308672 0.293729
1.35987 2 0.278283 6.12698
1.38032 2 0.187202 5.07294
1.45334 2 0.255367 3.3871
1.40606 2 0.0884217 3.37991
1.06032 2 0.286364 300
1.52133 2 0.325498 2.29404
1.59193 2 0.400587 1.78092
1.49906 2 0.414278 2.82903
1.94603 2 0.502759 0.254502
1.79906 2 0.265483 0.631579
1.66736 2 0.138768 0.818259
1.59706 2 0.0786221 0.835596
1.69222 2 0.0668004 0.447222
1.16205 2 0.838631 42.2172
1.07192 2 0.834051 1
1.10801 2 0.755159 300
1.08158 2 0.593316 300
1.06763 2 0.691374 1
1.13461 2 0.491805 43.7736
1.17675 2 0.577315 26.6586
1.19953 2 0.737403 22.8686
1.32967 2 0.859483 6.50409
1.40736 2 0.918674 3.04747
1.30883 2 0.933968 7.18806
1.19341 2 0.248017 20.875
1.0946 2 0.199904 1
1.19731 2 0.158337 26.017
1.25384 2 0.392752 12.1973
1.32138 2 0.453731 8.12706
1.23087 2 0.490507 16.5001
1.51205 2 0.871217 2.35864
1.50481 2 0.944165 1.34547
1.89859 2 0.793683 0.335243
1.85483 2 0.67843 0.574839
1.92314 2 0.600638 0.331686
1.42248 2 0.828149 3.78206
1.51291 2 0.111123 1.57793
1.57676 2 0.160737 1.26136
1.37727 2 0.693483 4.81705
1.41126 2 0.621749 4.20483
1.16567 2 0.928522 46.4975
1.83133 2 0.424912 0.665492
1.80769 2 0.499517 0.67699
1.74934 2 0.445637 0.832663
1.34133 2 0.366164 6.38926
1.83415 2 0.0716821 0.25261
1.87768 2 0.504588 0.46167
1.74462 2 0.535291 0.797949
1.66682 2 0.472881 1.44244
1.28343 2 0.214846 10.4564
1.0586 2 0.494939 1
1.39118 2 0.533042 4.8494
1.30156 2 0.52949 10.0607
1.49748 2 0.58797 2.71638
1.66218 2 0.568374 1.34522
1.74752 2 0.641217 0.858415
1.65013 2 0.661332 1.18566
1.82766 2 0.577981 0.582276
1.17812 2 0.417113 24.9866
1.09077 2 0.385582 1
1.48067 2 0.172451 2.55517
1.80207 2 0.842832 0.503998
1.70611 2 0.794594 1.24218
1.78838 2 0.747358 0.587094
1.54812 2 0.241567 1.77398
1.47372 2 0.493029 3.14196
1.56751 2 0.503295 2.14985
1.18477 2 0.339242 19.2512
1.26949 2 0.302818 11.2377
1.28968 2 0.710317 9.5449
1.26271 2 0.802708 12.0149
1.73677 2 0.197186 0.783668
1.24345 2 0.894178 15.7107
1.3504 2 0.776957 6.52526
1.68046 2 0.380295 1.21683
1.24981 2 0.571342 13.6814
1.23169 2 0.648856 15.2565
1.50402 2 0.0553853 1.29096
1.75564 2 0.10684 0.47026
1.32076 2 0.613989 7.66248
1.58983 2 0.601101 1.74774
1.43129 2 0.343299 3.49089
1.41211 2 0.431337 4.65184
1.55657 2 0.677021 1.85705
1.12478 2 0.291822 48.2713
1.70482 2 0.719755 0.931658
1.77077 2 0.355414 0.848779
1.14301 2 0.668748 52.7783
1.85672 2 0.333174 0.497975
2 1 0.111111 0.103451
2 1 0.222222 0.141656
2 1 0.333333 0.180294
2 1 0.444444 0.157291
2 1 0.555556 0.191017
2 1 0.666667 0.191921
2 1 0.777778 0.145951
2 1 0.888889 0.0975694
2 1 1 0.0595977
2 1.11111 1 0.139761
2 1.22222 1 0.166746
2 1.33333 1 0.197729
2 1.44444 1 0.212989
2 1.55556 1 0.191365
2 1.66667 1 0.243269
2 1.77778 1 0.164802
2 1.88889 1 0.116248
2 1.58729 0.907699 0.315044
2 1.67991 0.851925 0.502553
2 1.59743 0.81899 0.423597
2 1.91201 0.091777 0.192119
2 1.0903 0.912783 0.177028
2 1.08554 0.0855425 0.109346
2 1.90884 0.900268 0.211527
2 1.79508 0.0947756 0.293981
2 1.70734 0.0601332 0.241159
2 1.68329 0.137671 0.364239
2 1.17399 0.851882 0.407446
2 1.16856 0.932874 0.272993
2 1.24518 0.899706 0.262486
2 1.40326 0.920498 0.323139
2 1.30801 0.934333 0.265416
2 1.49501 0.944513 0.345217
2 1.3309 0.861089 0.432614
2 1.26315 0.808151 0.454574
2 1.05699 0.709702 0.253543
2 1.16243 0.162044 0.253686
2 1.07171 0.165764 0.188379
2 1.10698 0.243919 0.252967
2 1.08102 0.406957 0.292209
2 1.06597 0.308749 0.235731
2 1.65196 0.224399 0.482911
2 1.74659 0.197121 0.377778
2 1.60174 0.0766579 0.302054
2 1.58396 0.167579 0.433375
2 1.50669 0.120435 0.327534
2 1.86061 0.336353 0.402868
2 1.92215 0.409106 0.328251
2 1.93466 0.309178 0.237964
2 1.05513 0.50465 0.177201
2 1.20064 0.265182 0.323813
2 1.33335 0.138793 0.301564
2 1.40628 0.079458 0.263009
2 1.30861 0.0656582 0.208835
2 1.92907 0.801956 0.243494
2 1.94549 0.714748 0.258247
2 1.87964 0.713143 0.393317
2 1.92803 0.611111 0.33982
2 1.83172 0.619066 0.519907
2 1.74327 0.632682 0.551604
2 1.79333 0.713346 0.428865
2 1.4249 0.164552 0.367475
2 1.50422 0.0539096 0.255457
2 1.74705 0.437096 0.628048
2 1.77344 0.527306 0.611861
2 1.82556 0.430565 0.508769
2 1.1868 0.757555 0.496592
2 1.09088 0.798758 0.259593
2 1.7461 0.788047 0.446322
2 1.79373 0.901559 0.288758
2 1.84218 0.804351 0.340526
2 1.87261 0.516809 0.508921
2 1.36085 0.668375 0.559018
2 1.26735 0.607322 0.608674
2 1.27283 0.714191 0.529731
2 1.67535 0.384187 0.589496
2 1.57131 0.356109 0.602142
2 1.58945 0.453016 0.685269
2 1.93228 0.169403 0.205739
2 1.28883 0.517979 0.721005
2 1.21178 0.517928 0.50893
2 1.47883 0.326007 0.542002
2 1.38587 0.30604 0.4634
2 1.40836 0.394645 0.557302
2 1.16566 0.0714659 0.189207
2 1.51603 0.824383 0.431233
2 1.4509 0.736357 0.537088
2 1.42264 0.834397 0.414444
2 1.55486 0.25805 0.509054
2 1.12637 0.512127 0.368385
2 1.34263 0.463535 0.597051
2 1.25933 0.443031 0.573163
2 1.67891 0.488175 0.639231
2 1.60177 0.560318 0.604119
2 1.69087 0.570842 0.608344
2 1.48524 0.8872 0.335497
2 1.50494 0.672108 0.586081
2 1.54662 0.745426 0.486478
2 1.63553 0.303707 0.614215
2 1.71927 0.708721 0.549053
2 1.16866 0.602764 0.441565
2 1.07646 0.606312 0.334598
2 1.57937 0.662606 0.680709
2 1.64816 0.748377 0.542906
2 1.66101 0.647939 0.614864
2 1.45188 0.241567 0.468782
2 1.35235 0.768358 0.488543
2 1.42862 0.481819 0.625954
2 1.36823 0.56045 0.766651
2 1.77336 0.35713 0.563241
2 1.51509 0.598619 0.582074
2 1.44009 0.630726 0.540502
2 1.20646 0.675383 0.518504
2 1.71538 0.289893 0.661635
2 1.80821 0.266959 0.439898
2 1.28968 0.289683 0.388926
2 1.26308 0.196673 0.321443
2 1.24342 0.105759 0.265643
2 1.35813 0.222884 0.384551
2 1.31949 0.375562 0.438864
2 1.89971 0.245178 0.28907
2 1.12806 0.692715 0.399956
2 1.70247 0.934579 0.321752
2 1.4971 0.419183 0.599521
2 1.50523 0.188261 0.427068
2 1.94572 0.50573 0.230173
2 1.23106 0.35644 0.376194
2 1.17423 0.427406 0.446354
2 1.84966 0.176727 0.399031
2 1.14291 0.333042 0.331804
2 1.45215 0.555832 0.610152
2 1.51225 0.510123 0.714855
1.11111 1 1 300
1.22222 1 1 11.46
1.33333 1 1 2.76641
1.44444 1 1 1.80404
1.55556 1 1 0.742306
1.66667 1 1 0.420258
1.77778 1 1 0.204872
1.88889 1 1 0.0941665
1.13971 1 0.668564 50.4649
1.2271 1 0.65022 15.4195
1.17236 1 0.575613 25.5972
1.90018 1 0.0903058 0.185563
1.08759 1 0.908621 300
1.09197 1 0.0879344 1
1.91446 1 0.914458 0.167529
1.09102 1 0.202148 300
1.05981 1 0.293817 1
1.14095 1 0.318275 28.5202
1.07642 1 0.399116 1
1.17316 1 0.418949 18.3476
1.24846 1 0.352104 11.0151
1.2008 1 0.246502 14.6674
1.33034 1 0.495022 6.57612
1.26824 1 0.556413 9.53346
1.37265 1 0.569571 5.01651
1.33087 1 0.139362 3.98217
1.40352 1 0.0797462 1.66855
1.30806 1 0.0657159 4.29772
1.20342 1 0.905522 21.9514
1.29362 1 0.940761 7.69366
1.31841 1 0.859344 8.80252
1.79829 1 0.072044 0.300819
1.712 1 0.0568911 0.356231
1.70666 1 0.130305 0.588223
1.39923 1 0.92413 4.52612
1.4975 1 0.946478 1.29329
1.41926 1 0.661278 4.54897
1.31781 1 0.65108 7.49799
1.08049 1 0.593328 300
1.06586 1 0.691309 1
1.52012 1 0.675349 2.47152
1.58907 1 0.606212 1.43437
1.48266 1 0.573596 2.72372
1.63274 1 0.277454 1.03917
1.61981 1 0.188071 0.921564
1.54855 1 0.256172 1.51516
1.59491 1 0.0887633 0.841852
1.52016 1 0.179072 1.58425
1.48768 1 0.114079 1.45465
1.93964 1 0.290678 0.224347
1.83783 1 0.837415 0.364477
1.92804 1 0.834003 0.248222
1.89178 1 0.754921 0.319877
1.92296 1 0.591013 0.283677
1.93324 1 0.690865 0.262041
1.947 1 0.49446 0.204984
1.8027 1 0.733948 0.482783
1.66691 1 0.860583 0.85087
1.59389 1 0.920581 0.741292
1.69142 1 0.93435 0.477147
1.3512 1 0.224643 4.3919
1.42336 1 0.166832 2.47224
1.79817 1 0.25239 0.534325
1.90082 1 0.204829 0.252412
1.80207 1 0.158156 0.418444
1.49581 1 0.878968 2.08308
1.57616 1 0.834954 1.51407
1.92293 1 0.394316 0.288573
1.6169 1 0.694025 1.14885
1.83434 1 0.928534 0.226628
1.63828 1 0.368895 1.50704
1.64612 1 0.458905 1.33079
1.73181 1 0.402687 0.837218
1.34132 1 0.417126 6.29109
1.46087 1 0.383021 2.96174
1.35602 1 0.322015 5.40165
1.1718 1 0.0643146 27.5365
1.06431 1 0.828199 300
1.14886 1 0.824135 43.3485
1.87698 1 0.487936 0.37879
1.65778 1 0.54302 1.00642
1.68342 1 0.627489 0.977785
1.74167 1 0.560738 0.686695
1.71286 1 0.217907 0.633109
1.41895 1 0.830347 4.10709
1.45988 1 0.74817 3.0216
1.34983 1 0.753814 6.23463
1.26015 1 0.455484 9.27709
1.71388 1 0.489764 0.926385
1.83122 1 0.400419 0.523511
1.78814 1 0.484911 0.59902
1.55769 1 0.338143 1.82477
1.12286 1 0.495458 42.4503
1.41034 1 0.487246 3.8213
1.5526 1 0.756866 1.88006
1.56144 1 0.425272 2.13223
1.49737 1 0.479083 3.05403
1.28232 1 0.267351 7.49469
1.26416 1 0.189101 7.67688
1.71032 1 0.710317 0.760633
1.73692 1 0.801802 0.659735
1.2677 1 0.719792 10.9038
1.18954 1 0.737065 22.6013
1.24539 1 0.801492 15.1685
1.8637 1 0.312444 0.423804
1.78942 1 0.33203 0.651162
1.24518 1 0.100294 9.55982
1.75659 1 0.894242 0.379197
1.64645 1 0.777571 0.997336
1.77547 1 0.643679 0.542261
1.10029 1 0.754822 1
1.5725 1 0.515013 1.69141
1.71721 1 0.308561 0.810082
1.50568 1 0.311561 2.36279
1.45048 1 0.263196 2.98981
1.83074 1 0.571574 0.454047
1.49646 1 0.055981 0.907085
1.49855 1 0.811365 2.50592
1.19728 1 0.497901 15.6702
1.05397 1 0.497241 1
1.86238 1 0.663233 0.336719
1.1779 1 0.150032 21.635
1.28968 1.71032 1 8.67115
1.30893 1.61619 1 6.76547
1.2227 1.64567 1 14.5624
1.08992 1.09939 1 1
1.9101 1.90059 1 0.209546
1.08554 1.91446 1 300
1.91446 1.08554 1 0.146244
1.0714 1.20223 1 1
1.05689 1.288 1 1
1.12815 1.2935 1 52.0757
1.92872 1.79752 1 0.25796
1.94357 1.71151 1 0.28628
1.87169 1.70582 1 0.417146
1.16154 1.83772 1 34.0808
1.16595 1.92808 1 35.995
1.24484 1.89199 1 15.1622
1.40733 1.91836 1 2.94001
1.30875 1.93236 1 7.41923
1.27674 1.36135 1 8.70881
1.18639 1.38061 1 23.7342
1.25448 1.4547 1 11.2301
1.08802 1.40597 1 1
1.50962 1.86596 1 1.83282
1.42536 1.82444 1 3.5121
1.32127 1.52278 1 6.82718
1.38033 1.58288 1 4.5837
1.4054 1.50781 1 4.73007
1.28627 1.06028 1 5.713
1.26339 1.80073 1 11.3708
1.13883 1.66735 1 55.8684
1.07862 1.59706 1 300
1.0668 1.69222 1 1
1.91238 1.59352 1 0.346056
1.81192 1.6172 1 0.537146
1.72105 1.63576 1 0.886323
1.74179 1.54082 1 0.76538
1.82687 1.5187 1 0.475961
1.88825 1.48691 1 0.377913
1.61542 1.90813 1 0.904617
1.70881 1.87471 1 0.625637
1.66103 1.81414 1 0.932927
1.83856 1.16217 1 0.362872
1.83405 1.07192 1 0.19865
1.75911 1.10685 1 0.350706
1.59407 1.08158 1 0.912015
1.69152 1.06763 1 0.466393
1.49315 1.13508 1 2.0363
1.57991 1.17593 1 1.25967
1.85875 1.33174 1 0.411341
1.9204 1.40334 1 0.317588
1.93431 1.30803 1 0.280784
1.74134 1.19705 1 0.557131
1.24767 1.19314 1 14.4978
1.19956 1.09445 1 24.6551
1.15628 1.19641 1 44.3964
1.3931 1.25597 1 4.40723
1.45219 1.3272 1 3.37666
1.4934 1.23399 1 2.43526
1.77444 1.3546 1 0.677837
1.8372 1.42302 1 0.432375
1.75251 1.80656 1 0.639153
1.80046 1.90554 1 0.340136
1.84374 1.80358 1 0.470519
1.11104 1.51289 1 56.4263
1.16078 1.57675 1 27.4521
1.60671 1.74391 1 1.36131
1.63141 1.65349 1 1.51774
1.5446 1.67485 1 2.292
1.36397 1.3447 1 4.96249
1.75356 1.44664 1 0.786467
1.68881 1.37595 1 1.16203
1.66908 1.4672 1 1.24008
1.92853 1.16564 1 0.238071
1.07168 1.83415 1 300
1.78497 1.7161 1 0.613046
1.21438 1.28289 1 18.4554
1.49535 1.05866 1 1.36002
1.6545 1.55894 1 1.36185
1.58126 1.47977 1 2.35423
1.56532 1.57891 1 2.49585
1.50597 1.94123 1 1.3547
1.46579 1.60304 1 3.34138
1.46894 1.69524 1 3.30286
1.41837 1.1791 1 3.57062
1.38589 1.09086 1 3.66296
1.5108 1.76831 1 2.16512
1.5834 1.82113 1 1.32618
1.17245 1.48067 1 20.9246
1.24157 1.54812 1 10.6549
1.42503 1.41818 1 3.761
1.51551 1.40511 1 2.79819
1.60472 1.39264 1 2.07991
1.49383 1.49804 1 3.52818
1.6963 1.72857 1 0.994949
1.33561 1.18522 1 6.42493
1.30267 1.2702 1 8.91696
1.19723 1.73676 1 24.1133
1.71404 1.28734 1 0.745713
1.80218 1.26374 1 0.549138
1.89424 1.24332 1 0.350506
1.62952 1.30854 1 1.11272
1.43325 1.75083 1 3.55404
1.35493 1.77091 1 5.50396
1.0553 1.504 1 1
1.10684 1.75564 1 1
1.57833 1.25186 1 1.54771
1.65188 1.22594 1 0.939931
1.54415 1.31929 1 2.15137
1.38598 1.67563 1 4.51848
1.33857 1.43499 1 5.93933
1.28903 1.12293 1 8.33629
1.71465 1.93919 1 0.39123
1.94439 1.49599 1 0.279702
1.6714 1.14235 1 0.77733
1.3321 1.85669 1 6.75499
1.4408 1.23426 0.404388 9.91596
1.45783 1.31348 0.371918 9.52167
1.42743 1.33541 0.489899 11.2938
1.55423 1.29793 0.484074 7.58659
1.64089 1.38929 0.583089 6.21468
1.47531 1.40891 0.53189 9.84212
1.58986 1.4004 0.45289 7.04387
1.69269 1.28192 0.542592 4.53486
1.62843 1.21459 0.55629 4.90404
1.58381 1.30709 0.60282 7.21032
1.56475 1.30722 0.349775 6.46318
1.44559 1.39567 0.438116 10.7144
1.14129 1.31228 0.733352 26.4983
1.24727 1.33871 0.804676 25.5468
1.23022 1.24667 0.804254 27.2874
1.27732 1.28369 0.711551 21.471
1.88409 1.93125 0.562931 0.784459
1.68941 1.29515 0.4439 4.41168
1.63336 1.22315 0.407399 4.71621
1.53436 1.22345 0.36094 6.77202
1.45892 1.67843 0.341296 11.2344
1.52673 1.5828 0.320427 8.63549
1.55152 1.58397 0.428868 8.32462
1.42656 1.59457 0.437499 12.0007
1.49122 1.49475 0.490998 10.013
1.38143 1.5202 0.396935 13.1343
1.35494 1.48258 0.515312 13.7132
1.30434 1.61339 0.449474 15.4858
1.31249 1.61225 0.331934 16.3112
1.6383 1.71107 0.942878 2.34896
1.43215 1.60193 0.546613 11.7343
1.4916 1.49419 0.390316 9.67233
1.31019 1.45801 0.427641 14.6834
1.06408 1.28126 0.380041 16.0765
1.40296 1.50356 0.294274 12.0174
1.40012 1.39906 0.341166 11.7577
1.41962 1.59435 0.341324 11.8134
1.58954 1.47223 0.633102 7.57153
1.58149 1.57784 0.580011 7.73418
1.68205 1.52441 0.658354 5.07735
1.59603 1.49447 0.515063 7.24424
1.69908 1.47076 0.439056 4.70213
1.62323 1.68151 0.691998 5.89586
1.49066 1.58403 0.648524 9.7479
1.46532 1.69522 0.651927 10.4175
1.58286 1.67804 0.595279 7.13325
1.59563 1.57393 0.721685 6.59149
1.68319 1.58017 0.562499 4.90838
1.62305 1.64438 0.46704 6.1352
1.26371 1.61795 0.072044 17.7016
1.71254 1.36214 0.342338 4.15222
1.74533 1.33911 0.510316 3.92962
1.51062 1.58783 0.733291 8.76806
1.37979 1.60632 0.670258 13.4287
1.37353 1.70246 0.617108 14.6301
1.36721 1.67495 0.766736 14.0366
1.28778 1.65507 0.713921 18.6266
1.71528 1.46969 0.55573 4.73231
1.76551 1.64143 0.672896 3.07461
1.70939 1.68396 0.557769 4.02733
1.80017 1.62686 0.565439 2.8901
1.77499 1.54452 0.631842 3.13505
1.78645 1.53664 0.505914 3.09334
1.93351 1.8439 0.850902 0.495771
1.93819 1.94653 0.862577 0.254373
1.44524 1.88051 0.935989 4.95188
1.49233 1.49551 0.594877 9.78741
1.30509 1.61573 0.595644 15.9937
1.31287 1.52598 0.646655 15.8327
1.23424 1.53311 0.426397 15.8745
1.21498 1.44623 0.501587 15.9225
1.22079 1.44459 0.618169 17.5883
1.23359 1.53428 0.583387 16.499
1.31711 1.39514 0.471133 14.8399
1.29346 1.3812 0.612229 16.5176
1.53126 1.76344 0.584131 8.04756
1.45098 1.77178 0.501555 10.9098
1.5182 1.67055 0.474666 9.35487
1.41398 1.46886 0.631943 12.2882
1.37476 1.69425 0.472512 14.5424
1.06047 1.79696 0.534152 24.751
1.05892 1.80965 0.45749 28.0831
1.06392 1.87738 0.529418 51.8977
1.35104 1.23473 0.842721 15.2696
1.31326 1.19043 0.754572 19.5081
1.93635 1.85757 0.0694991 0.317099
1.88927 1.76586 0.0621861 0.475697
1.88676 1.83798 0.127357 0.691887
1.3279 1.24072 0.633897 16.8003
1.21634 1.32505 0.571514 18.6274
1.41051 1.33448 0.678236 13.1989
1.31806 1.44126 0.714848 17.2148
1.35263 1.33621 0.795291 16.779
1.36529 1.32436 0.554351 13.9857
1.45852 1.32242 0.607233 10.44
1.52775 1.40949 0.654066 9.01074
1.59145 1.46423 0.345663 6.51818
1.35072 1.28813 0.430462 13.9538
1.31501 1.45244 0.318504 15.2728
1.58835 1.94091 0.342014 2.89025
1.72313 1.60887 0.439051 3.99139
1.65598 1.55691 0.307154 5.2445
1.57189 1.67568 0.33375 7.16497
1.68142 1.68776 0.353131 4.61095
1.78526 1.37412 0.569639 3.25841
1.73906 1.37397 0.635681 3.73575
1.69425 1.28025 0.688955 4.19838
1.63294 1.3987 0.685206 6.00881
1.33685 1.05991 0.267143 7.61488
1.67256 1.66961 0.217645 4.16542
1.70351 1.56277 0.193719 3.28844
1.76377 1.60146 0.226454 2.68894
1.76981 1.59152 0.311887 3.00411
1.70179 1.46654 0.265052 3.83265
1.73503 1.73706 0.249907 2.85177
1.83053 1.71966 0.302082 1.83247
1.81825 1.70355 0.192351 1.82427
1.22837 1.52198 0.302867 18.6657
1.49125 1.49364 0.288981 8.9172
1.06055 1.41265 0.369846 10.6846
1.4748 1.58581 0.248175 9.6857
1.37048 1.60984 0.211785 14.7072
1.62672 1.78212 0.66011 4.91645
1.73421 1.79489 0.613978 3.32463
1.60742 1.77428 0.514475 5.95682
1.53095 1.75216 0.683623 7.69755
1.78587 1.93984 0.133402 0.779271
1.76808 1.94764 0.0560032 0.434713
1.86053 1.93872 0.0661633 0.314833
1.27306 1.05815 0.501953 12.4651
1.69366 1.74577 0.448633 4.23689
1.05693 1.84286 0.109816 89.8537
1.06296 1.47992 0.640231 10.7932
1.80773 1.65448 0.460595 2.73046
1.58315 1.75556 0.401264 6.76883
1.50232 1.50196 0.679316 9.50914
1.7488 1.83533 0.0741238 0.983246
1.84604 1.86511 0.0664774 0.519324
1.79208 1.82223 0.148994 1.35538
1.407 1.54317 0.744487 12.3213
1.43502 1.43714 0.751731 11.9359
1.93387 1.75543 0.147414 0.552387
1.36213 1.21028 0.482206 13.2487
1.43522 1.22348 0.538381 10.0758
1.50476 1.54778 0.0576561 3.91491
1.55439 1.49442 0.0643555 3.51636
1.55791 1.61389 0.0626806 3.0435
1.49208 1.94193 0.642254 4.87034
1.58654 1.94412 0.648358 2.76249
1.67095 1.27869 0.274423 3.80073
1.63851 1.12424 0.371139 3.11251
1.62633 1.20406 0.298337 4.19936
1.72223 1.20738 0.328839 2.91582
1.67829 1.12485 0.299144 2.46051
1.76653 1.11648 0.277614 1.52329
1.68395 1.18315 0.247516 2.59144
1.44207 1.2241 0.31753 8.98752
1.45844 1.3141 0.274277 8.46094
1.36194 1.29678 0.331075 13.0565
1.53713 1.399 0.328081 7.85815
1.09512 1.55183 0.949454 84.4514
1.9476 1.45331 0.602926 0.889115
1.49051 1.49238 0.0882194 5.38358
1.4785 1.43594 0.056647 4.13295
1.50227 1.42026 0.154631 6.10403
1.4271 1.22341 0.675794 11.5752
1.5241 1.30023 0.685118 8.43191
1.56513 1.40586 0.0587966 2.9585
1.64551 1.47351 0.0656993 2.09979
1.56576 1.48492 0.158573 4.74787
1.61834 1.56588 0.0621461 2.20652
1.52279 1.82624 0.791658 5.98906
1.58343 1.68727 0.796735 5.7114
1.59054 1.79795 0.761759 5.15234
1.65078 1.88269 0.766464 2.99363
1.65038 1.77191 0.791065 3.85655
1.73014 1.82552 0.773354 2.35047
1.54385 1.8391 0.643264 6.32301
1.48263 1.85846 0.700039 7.68146
1.1304 1.72817 0.394327 23.9965
1.23283 1.77977 0.387929 23.7197
1.2352 1.64332 0.37647 19.0601
1.23739 1.71699 0.318344 22.922
1.13634 1.64718 0.3177 22.0654
1.20234 1.64974 0.25411 24.1858
1.34567 1.77907 0.307216 16.5502
1.29498 1.70641 0.410816 17.3118
1.14395 1.73632 0.309289 26.909
1.16672 1.76534 0.232674 33.7436
1.06014 1.11905 0.43074 65.0696
1.12814 1.06351 0.42536 39.5666
1.0811 1.14349 0.345407 45.1191
1.71447 1.22727 0.061479 1.30965
1.73688 1.14841 0.0578069 0.701264
1.80544 1.19794 0.0656982 0.750619
1.70855 1.15944 0.133386 1.44881
1.15101 1.80025 0.312342 31.8148
1.29499 1.71367 0.209914 22.0619
1.23785 1.7926 0.26483 26.9608
1.50148 1.33139 0.793893 8.86988
1.5293 1.38416 0.746402 8.50152
1.53562 1.22296 0.612876 7.25684
1.53734 1.66289 0.243058 7.38912
1.94414 1.23896 0.285977 0.719828
1.87466 1.26328 0.317128 1.48388
1.87934 1.24462 0.237378 1.21723
1.83088 1.19123 0.293689 1.52904
1.57508 1.54497 0.243921 6.16139
1.48935 1.77515 0.221427 8.29537
1.52884 1.77264 0.306599 7.77338
1.40615 1.71906 0.202142 12.2601
1.67081 1.07395 0.0740794 0.786574
1.20908 1.30454 0.250535 20.6683
1.2065 1.37271 0.304411 19.0638
1.28609 1.38336 0.320837 15.8347
1.26628 1.40106 0.215469 18.6052
1.32819 1.42954 0.864947 17.3202
1.25731 1.42107 0.801737 22.6879
1.13636 1.2759 0.815583 41.5621
1.13566 1.3827 0.798496 32.5441
1.12635 1.23738 0.757086 37.253
1.19541 1.24502 0.632307 25.9163
1.80704 1.09239 0.100983 0.58471
1.21249 1.35816 0.702999 21.6174
1.69304 1.92485 0.846886 1.53745
1.75401 1.86848 0.93607 0.847216
1.79007 1.93696 0.898589 0.599013
1.67031 1.93816 0.944501 0.705938
1.20613 1.41052 0.870477 29.4597
1.61271 1.75393 0.238786 5.12053
1.6915 1.77825 0.349742 3.91616
1.76622 1.73843 0.409696 2.94888
1.75994 1.9342 0.808076 1.04101
1.4511 1.77633 0.394643 11.4974
1.85437 1.88028 0.894893 0.597571
1.74622 1.85553 0.859559 1.50511
1.22973 1.28809 0.476023 18.7369
1.44214 1.06039 0.0988475 2.67438
1.53477 1.06691 0.129882 2.13726
1.51881 1.06319 0.072436 1.62997
1.29095 1.21444 0.402406 16.3214
1.20413 1.44003 0.357718 16.3238
1.20313 1.35899 0.437684 16.5703
1.21552 1.28092 0.386269 19.2411
1.41778 1.26212 0.784338 12.5983
1.49768 1.49406 0.797189 8.59738
1.24618 1.53651 0.700074 18.8193
1.23511 1.43617 0.697454 19.8231
1.32783 1.53246 0.774323 16.639
1.49869 1.40009 0.837344 7.76237
1.40887 1.43571 0.836636 11.4023
1.34001 1.4924 0.206893 15.2249
1.37913 1.37268 0.224246 11.559
1.35307 1.93952 0.927359 7.4924
1.27999 1.20933 0.259426 16.4804
1.6641 1.91787 0.0791376 1.13506
1.29701 1.32293 0.190202 14.5952
1.2359 1.47847 0.240599 20.1049
1.39866 1.2721 0.206848 9.51911
1.36599 1.52821 0.0561495 7.4746
1.25529 1.21049 0.514538 20.3612
1.79362 1.2493 0.404265 2.45902
1.78689 1.36324 0.389686 2.93216
1.78902 1.24328 0.261481 2.05347
1.78922 1.35101 0.283942 2.60232
1.87616 1.36717 0.329056 1.78998
1.77408 1.45801 0.32566 2.96909
1.86407 1.33112 0.261445 1.57027
1.34076 1.10427 0.347341 10.761
1.44949 1.14759 0.251336 6.85128
1.35908 1.1754 0.302145 11.6831
1.3168 1.13996 0.189083 11.3867
1.37589 1.16304 0.125111 7.64216
1.75337 1.19294 0.499189 2.72221
1.71615 1.9422 0.656777 1.70656
1.90726 1.66268 0.913251 0.620179
1.9362 1.93075 0.50441 0.500614
1.22514 1.62805 0.640276 18.9121
1.69144 1.05911 0.781516 1.37202
1.41456 1.77016 0.704516 11.6393
1.47516 1.67194 0.766277 9.17713
1.45339 1.78697 0.622603 10.6352
1.54569 1.22847 0.241764 5.34693
1.47048 1.4027 0.236545 8.73247
1.48511 1.33185 0.185996 6.82127
1.85399 1.93908 0.48443 0.851374
1.89834 1.94335 0.428449 0.58915
1.21843 1.62856 0.487473 17.2943
1.93657 1.88011 0.440273 0.690708
1.91176 1.84333 0.520816 1.05668
1.35928 1.78569 0.446047 15.6847
1.28268 1.78932 0.525025 19.6664
1.3805 1.78701 0.549332 13.9088
1.79165 1.47394 0.405468 2.98941
1.63496 1.46821 0.219776 4.40362
1.89539 1.92197 0.184171 0.500626
1.48429 1.18475 0.0591055 2.90038
1.83726 1.87488 0.497094 1.56785
1.07167 1.35663 0.222542 20.1871
1.12154 1.28618 0.310587 20.3342
1.06467 1.34376 0.308224 13.5292
1.06506 1.42138 0.288134 13.8664
1.12655 1.36067 0.366383 15.7379
1.14407 1.47825 0.283157 18.9189
1.85821 1.5596 0.219874 1.62938
1.8636 1.63716 0.192903 1.44338
1.78878 1.5448 0.144723 1.76812
1.17491 1.78491 0.0699649 37.0156
1.61203 1.36603 0.273777 5.25681
1.55489 1.31327 0.233449 5.8092
1.5614 1.39699 0.223834 6.28141
1.90308 1.88051 0.608642 0.871295
1.91017 1.93564 0.689681 0.525919
1.29002 1.40802 0.129512 14.2816
1.22689 1.45804 0.135962 23.2344
1.22231 1.32486 0.122229 20.6384
1.41856 1.47926 0.155949 9.68768
1.60803 1.2083 0.691349 5.18133
1.58032 1.27646 0.789384 5.65112
1.73762 1.13789 0.720037 2.27283
1.64701 1.20737 0.79447 3.61769
1.77393 1.19282 0.777642 2.02396
1.7495 1.44142 0.762437 3.31582
1.71196 1.31444 0.801087 3.14038
1.79486 1.36066 0.773909 2.43335
1.79742 1.27035 0.708199 2.3838
1.77776 1.26596 0.59497 2.91084
1.72101 1.2034 0.648366 3.15323
1.50067 1.15417 0.716054 6.78496
1.51738 1.21191 0.789151 6.69116
1.5746 1.49227 0.735457 6.97038
1.64008 1.54057 0.782445 4.7899
1.60661 1.41325 0.811961 5.18162
1.71687 1.37727 0.867807 2.55792
1.27454 1.78109 0.746781 22.7899
1.33101 1.77632 0.655716 16.8066
1.10923 1.2285 0.934771 90.5562
1.31008 1.70651 0.847992 17.6811
1.24188 1.76353 0.832626 25.0558
1.34215 1.59957 0.852039 14.6603
1.22881 1.61919 0.762935 22.5205
1.22899 1.6968 0.5772 19.4782
1.33015 1.9302 0.556369 11.6326
1.2207 1.57676 0.209831 22.8475
1.40796 1.60659 0.937164 7.22314
1.93347 1.84183 0.731309 0.719193
1.93778 1.89502 0.766267 0.460006
1.82078 1.91864 0.649486 1.0987
1.85242 1.9249 0.750387 0.733435
1.8095 1.87364 0.686931 1.53548
1.87406 1.64196 0.288283 1.56845
1.49198 1.57889 0.141293 6.80522
1.42992 1.64735 0.125775 9.71603
1.5485 1.72733 0.941182 3.28715
1.55229 1.70093 0.870658 5.36313
1.54344 1.80011 0.861654 5.24578
1.62844 1.76563 0.87265 3.73106
1.59148 1.79136 0.937846 2.43742
1.5933 1.86463 0.93763 1.88037
1.65627 1.85723 0.862974 2.6473
1.57942 1.8878 0.847198 3.45706
1.75105 1.77696 0.869005 1.93246
1.66529 1.69983 0.859878 3.42137
1.69595 1.79666 0.939802 1.52543
1.52441 1.2726 0.12328 4.49065
1.6139 1.28009 0.121528 3.19381
1.58782 1.37871 0.139491 4.20463
1.62506 1.85714 0.455084 4.58634
1.72948 1.85187 0.405305 2.90697
1.78588 1.80315 0.311696 2.15011
1.48305 1.57956 0.843478 8.50795
1.42558 1.68322 0.856977 9.76175
1.54246 1.61367 0.811262 6.48553
1.57723 1.63808 0.938647 3.3888
1.60715 1.66198 0.87431 4.23228
1.59214 1.57116 0.880638 4.60339
1.66603 1.62839 0.7743 4.27085
1.72858 1.35978 0.0547395 1.33117
1.64952 1.35488 0.170784 3.38128
1.73955 1.31422 0.123267 1.96267
1.70445 1.44259 0.14798 2.66505
1.58047 1.49607 0.849647 5.07461
1.72598 1.70855 0.739553 3.27016
1.72068 1.54069 0.085792 1.73857
1.78605 1.57809 0.0623213 1.1157
1.69448 1.6383 0.058938 1.54853
1.75741 1.64135 0.13809 2.03612
1.48229 1.71088 0.141686 7.11361
1.6274 1.57974 0.14354 3.71257
1.71102 1.46501 0.0579251 1.38294
1.75603 1.52818 0.0608498 1.11561
1.79165 1.46235 0.109876 1.53772
1.8373 1.51667 0.0612512 0.887403
1.87509 1.44588 0.0619431 0.810268
1.92605 1.46843 0.0579792 0.493795
1.88254 1.48368 0.149194 1.19321
1.78858 1.66356 0.775999 2.22324
1.8469 1.80478 0.734826 1.48058
1.81002 1.76054 0.663662 2.22719
1.28697 1.06936 0.340565 12.2626
1.22453 1.1299 0.314919 22.4287
1.19042 1.07242 0.360982 23.8325
1.22662 1.15231 0.407773 22.0933
1.74753 1.88155 0.224156 1.79065
1.82998 1.83553 0.225501 1.35696
1.07298 1.8771 0.935036 137.144
1.09176 1.93837 0.864278 110.795
1.69278 1.71625 0.127183 2.77064
1.86225 1.76566 0.245831 1.45963
1.07247 1.55835 0.57614 10.5423
1.7799 1.25625 0.490365 2.93621
1.22108 1.3892 0.0660308 18.9706
1.20633 1.45745 0.0614021 22.1149
1.11181 1.428 0.0963894 49.6716
1.84599 1.31022 0.505362 2.18671
1.81412 1.38058 0.455273 2.75454
1.18924 1.70564 0.718475 25.0425
1.22757 1.78097 0.657426 24.8465
1.21475 1.7133 0.46418 20.4305
1.5497 1.85684 0.505302 6.30101
1.4775 1.85147 0.306928 8.40175
1.50395 1.82348 0.41493 7.62839
1.49305 1.94056 0.359914 4.7471
1.41342 1.85603 0.449385 10.5849
1.55222 1.89187 0.367618 5.49006
1.47725 1.94021 0.449855 5.3027
1.57504 1.9398 0.44438 3.58179
1.66735 1.94345 0.311528 1.82684
1.62993 1.94456 0.167726 1.70473
1.57543 1.85717 0.060902 2.22935
1.54378 1.94652 0.0740548 1.67499
1.79621 1.33252 0.216439 2.01483
1.60417 1.93991 0.243454 2.40737
1.72852 1.94117 0.240256 1.3082
1.72479 1.37571 0.214327 3.04818
1.66039 1.92806 0.39315 2.65286
1.72556 1.94383 0.346945 1.50929
1.29448 1.44385 0.0570515 11.0455
1.05902 1.773 0.0614862 140.348
1.76014 1.94036 0.296206 1.32869
1.2798 1.86722 0.453988 19.6404
1.28353 1.08925 0.0597307 7.87824
1.85112 1.55476 0.384846 2.07898
1.20086 1.0648 0.0998802 22.4563
1.78922 1.45949 0.533886 3.15209
1.277 1.06396 0.13536 10.0011
1.34873 1.05481 0.0829757 4.02477
1.86884 1.46536 0.446844 2.06583
1.88588 1.59087 0.449307 1.85612
1.86522 1.52212 0.299491 1.96283
1.87271 1.44439 0.365206 2.03431
1.76967 1.55139 0.771195 2.77671
1.65438 1.19908 0.145328 2.48444
1.74013 1.1955 0.416378 2.88744
1.71586 1.24307 0.173681 2.25057
1.53779 1.20532 0.47924 6.8439
1.77887 1.46751 0.627225 3.16026
1.12277 1.36129 0.927187 64.0735
1.0659 1.32542 0.904999 89.496
1.13567 1.93527 0.147696 59.8681
1.94308 1.35559 0.403275 0.959105
1.24937 1.14019 0.0617441 13.1807
1.83137 1.85306 0.797683 1.16234
1.93439 1.79763 0.775948 0.692902
1.88111 1.75799 0.784254 1.18204
1.81243 1.73729 0.837629 1.66191
1.14517 1.54693 0.508915 13.7828
1.1309 1.34479 0.476512 16.8967
1.13307 1.42706 0.424487 14.1921
1.86212 1.22699 0.461047 1.66296
1.05664 1.6828 0.764648 21.4677
1.58202 1.16387 0.14362 2.96361
1.5616 1.1342 0.300788 4.21387
1.57085 1.13847 0.226824 3.56396
1.50875 1.11291 0.232624 4.34919
1.32147 1.13866 0.0678202 7.24381
1.78173 1.78686 0.511438 2.82583
1.94768 1.85985 0.93743 0.281092
1.86306 1.56084 0.572415 2.05672
1.63617 1.86747 0.58017 4.02101
1.44241 1.86476 0.554707 9.22054
1.50119 1.91939 0.926207 2.53267
1.13741 1.31958 0.61964 21.165
1.14864 1.41568 0.662386 18.2446
1.1586 1.54587 0.64366 16.9863
1.13212 1.4276 0.558423 15.1012
1.14514 1.63609 0.441208 17.4553
1.13554 1.70883 0.512722 20.1624
1.14371 1.79903 0.45105 28.9577
1.19653 1.85488 0.458002 30.0349
1.15373 1.79516 0.557476 27.8201
1.86325 1.72628 0.431376 1.86833
1.85694 1.77205 0.370926 1.59441
1.79873 1.83027 0.443962 2.24148
1.70807 1.85891 0.489245 3.06577
1.80363 1.88982 0.386781 1.55363
1.8199 1.14489 0.687686 1.53848
1.88356 1.20726 0.748918 1.35977
1.51997 1.82104 0.944541 3.58492
1.79423 1.06441 0.789172 0.969442
1.84946 1.13789 0.777286 1.1795
1.85267 1.2648 0.808332 1.47613
1.60698 1.34154 0.851622 4.26586
1.6459 1.21885 0.876408 2.79473
1.83549 1.33723 0.871085 1.44686
1.73912 1.24533 0.874121 1.85151
1.53868 1.78939 0.0584369 3.26443
1.45996 1.79273 0.14134 7.63399
1.57068 1.78535 0.128827 4.44142
1.78359 1.86145 0.608858 2.11611
1.7959 1.75899 0.0661817 1.00585
1.85218 1.76588 0.15414 1.0751
1.83814 1.72705 0.541852 2.32192
1.66606 1.88935 0.6658 3.19918
1.83872 1.13358 0.525697 1.39953
1.8578 1.1364 0.444216 1.38267
1.76751 1.11336 0.51552 1.90631
1.7711 1.14557 0.36507 1.96986
1.70302 1.13675 0.427085 2.69681
1.86361 1.23792 0.536925 1.73949
1.94498 1.05369 0.760893 0.338002
1.72062 1.12831 0.587088 2.62809
1.798 1.14053 0.595577 1.82766
1.31333 1.67504 0.940568 10.4541
1.14302 1.50229 0.720669 20.2464
1.11226 1.93487 0.806188 75.9825
1.40565 1.85814 0.631276 11.3056
1.63216 1.69467 0.0661113 2.1846
1.70647 1.75769 0.0630444 1.28102
1.81786 1.93777 0.213942 0.857744
1.42661 1.15859 0.63173 9.43072
1.06946 1.07506 0.496844 91.0941
1.86071 1.27089 0.05786 0.607847
1.89056 1.16204 0.056608 0.378886
1.91415 1.18199 0.131913 0.504987
1.83102 1.21449 0.161204 1.13137
1.86162 1.07023 0.158653 0.517687
1.76951 1.12943 0.182457 1.33913
1.84313 1.13306 0.227425 0.988641
1.78777 1.25333 0.117597 1.34248
1.80467 1.46782 0.223536 2.2153
1.05972 1.27115 0.254585 19.3625
1.54868 1.13469 0.417838 5.23954
1.05879 1.44606 0.792093 24.8525
1.13242 1.44069 0.866347 40.5309
1.13767 1.47073 0.795246 27.5337
1.06412 1.47564 0.732274 16.3593
1.1138 1.41691 0.738716 21.8529
1.13332 1.56688 0.787853 26.8147
1.36013 1.86013 0.51369 14.3479
1.28368 1.87251 0.644477 20.1738
1.83662 1.91149 0.268918 0.985794
1.74715 1.6598 0.853076 2.4863
1.83277 1.64728 0.852766 1.50127
1.87881 1.65618 0.760148 1.48381
1.90041 1.69752 0.836623 1.03085
1.85732 1.5745 0.794154 1.53358
1.84808 1.57809 0.680538 1.78984
1.06621 1.80074 0.198049 45.163
1.05803 1.74286 0.149994 60.5824
1.14528 1.79292 0.147881 49.0382
1.07188 1.70407 0.232393 28.9965
1.18152 1.68141 0.171493 36.3678
1.22535 1.74743 0.126055 31.3334
1.25552 1.81486 0.158505 25.593
1.34719 1.57331 0.137796 13.2568
1.26541 1.62272 0.146419 22.2916
1.30147 1.76503 0.0645504 16.0244
1.33257 1.65483 0.12858 16.0915
1.36213 1.79246 0.155259 14.8781
1.84076 1.82247 0.558852 1.86795
1.45866 1.76474 0.792555 8.72909
1.33897 1.78339 0.805231 15.7252
1.41508 1.8004 0.867603 10.2699
1.63809 1.94776 0.610322 2.09334
1.62306 1.12803 0.486782 3.90933
1.55656 1.9354 0.753374 3.50236
1.58142 1.86909 0.721883 4.52435
1.43967 1.86888 0.800835 8.15491
1.93473 1.19786 0.806543 0.770704
1.42565 1.13353 0.361144 7.76163
1.37389 1.14064 0.420631 11.5785
1.45904 1.20553 0.139844 6.02819
1.62065 1.56761 0.930953 2.77593
1.69353 1.57889 0.849412 3.2999
1.49343 1.49744 0.906405 6.35254
1.55334 1.51034 0.934711 3.60201
1.47646 1.64467 0.922866 5.25536
1.49223 1.5532 0.936424 5.06862
1.42698 1.41747 0.112044 7.07311
1.51075 1.344 0.068952 4.07991
1.42854 1.48948 0.0619923 5.45306
1.3764 1.43363 0.0625336 7.13194
1.38524 1.34147 0.12963 8.69106
1.435 1.36228 0.0648268 5.13772
1.49097 1.493 0.188266 7.66206
1.26706 1.28463 0.895332 20.9957
1.4995 1.13971 0.137284 4.21308
1.26719 1.94461 0.611491 16.5268
1.17588 1.93879 0.648272 34.2948
1.23824 1.85679 0.567763 24.9837
1.93919 1.37709 0.620705 1.07862
1.3965 1.86629 0.725598 11.7925
1.32716 1.9421 0.677496 11.4017
1.31401 1.87454 0.751517 18.0991
1.17662 1.85291 0.67624 36.388
1.1452 1.20537 0.269313 28.7066
1.25022 1.22337 0.126822 17.6096
1.15629 1.22807 0.143061 30.7892
1.28775 1.51519 0.138829 16.9657
1.14174 1.28611 0.199881 27.1436
1.94058 1.49665 0.260214 0.986851
1.63657 1.85983 0.319411 4.07428
1.65637 1.94851 0.710409 1.99308
1.68518 1.85868 0.253806 2.85737
1.73434 1.87413 0.320163 2.36255
1.24347 1.23738 0.943876 21.8026
1.1778 1.14519 0.934004 41.9135
1.18061 1.23154 0.877558 39.7956
1.87035 1.83214 0.299244 1.26136
1.13285 1.19996 0.455648 27.4741
1.86243 1.64047 0.520831 2.07384
1.46539 1.751 0.948133 5.01826
1.80147 1.94356 0.549521 1.1346
1.71835 1.93942 0.472198 1.75062
1.79518 1.94127 0.446167 1.28108
1.15956 1.31551 0.86533 40.0974
1.06394 1.35121 0.829567 37.8373
1.09668 1.18386 0.850699 65.3674
1.44693 1.85865 0.222324 9.66822
1.62477 1.84994 0.186287 3.59424
1.58066 1.85046 0.258267 5.11171
1.52165 1.86084 0.197117 5.81688
1.79002 1.56137 0.880786 1.86347
1.67609 1.64407 0.931006 2.09112
1.14461 1.28676 0.917309 50.6718
1.13603 1.19344 0.376926 29.2755
1.0815 1.1156 0.901837 114.202
1.86285 1.23895 0.665982 1.76847
1.19509 1.9019 0.0870812 34.7154
1.94193 1.24535 0.0630461 0.290666
1.64971 1.06531 0.596393 2.05131
1.58196 1.06329 0.660759 2.62528
1.4341 1.48757 0.937259 6.47768
1.37446 1.43032 0.93722 8.50258
1.40583 1.50684 0.84722 11.1455
1.41606 1.3038 0.866323 11.1587
1.50196 1.44291 0.937224 4.95864
1.41763 1.35938 0.939498 7.16726
1.49182 1.92987 0.826575 4.43587
1.35794 1.50157 0.936811 9.82985
1.58341 1.68404 0.132815 4.58637
1.63104 1.93595 0.888873 1.625
1.28212 1.82343 0.857659 21.0562
1.30126 1.76542 0.932007 13.2737
1.16032 1.54363 0.356984 16.5018
1.15754 1.40891 0.199001 25.0657
1.66479 1.86774 0.937838 1.34664
1.93524 1.65333 0.442344 1.21559
1.86314 1.66039 0.393729 1.91507
1.56826 1.20019 0.876368 4.0998
1.64143 1.1288 0.862191 2.33518
1.60611 1.13049 0.801628 3.34915
1.57088 1.12537 0.744312 4.3233
1.65713 1.13094 0.751716 2.88465
1.41615 1.06637 0.718472 6.99449
1.42332 1.14105 0.776414 9.73981
1.16576 1.64441 0.944565 36.8711
1.86396 1.43013 0.270416 1.78503
1.86548 1.45616 0.570943 1.96458
1.8755 1.50797 0.510496 1.89724
1.87551 1.38438 0.517451 1.92044
1.15619 1.1726 0.699795 37.6931
1.05978 1.23925 0.717213 27.6387
1.06643 1.37455 0.138289 37.3563
1.14429 1.63724 0.558579 16.8036
1.93634 1.9439 0.254545 0.320845
1.30223 1.1235 0.264823 13.644
1.283 1.06346 0.415755 12.4985
1.45452 1.07368 0.315488 4.76018
1.40695 1.06756 0.424898 6.12822
1.18385 1.15176 0.822683 40.9808
1.27632 1.15864 0.852305 20.7565
1.93937 1.13098 0.411311 0.638829
1.93517 1.07673 0.497883 0.48366
1.13751 1.70413 0.612831 20.8914
1.86267 1.80572 0.492668 1.79289
1.14389 1.59347 0.72164 21.2456
1.4924 1.07108 0.927867 2.64532
1.53697 1.27556 0.864631 5.67719
1.85156 1.266 0.928646 0.770405
1.79568 1.18112 0.861755 1.17854
1.86098 1.32603 0.729313 1.74845
1.78572 1.38621 0.132646 1.69088
1.06871 1.84976 0.863572 74.5021
1.18883 1.83884 0.868608 44.1642
1.14981 1.80694 0.78766 41.6505
1.06814 1.76407 0.911763 88.9284
1.23706 1.86693 0.773304 28.5105
1.12837 1.94386 0.718493 61.6039
1.58056 1.13159 0.939048 1.97749
1.55776 1.05886 0.888905 1.78946
1.13111 1.76771 0.664189 30.2006
1.23649 1.93839 0.699617 22.4531
1.58849 1.32897 0.0539821 2.36913
1.6733 1.30186 0.0589691 1.77759
1.66097 1.39731 0.0545759 1.75578
1.84746 1.45642 0.732169 1.85999
1.87503 1.46232 0.659444 1.70885
1.21869 1.50784 0.774656 22.5712
1.85062 1.31054 0.411029 1.88388
1.87982 1.38117 0.418771 1.85708
1.85513 1.33734 0.611478 2.07875
1.14533 1.50233 0.207412 27.0543
1.15112 1.57178 0.273276 21.6016
1.51659 1.34814 0.93508 4.61027
1.46366 1.22583 0.859984 8.12004
1.17873 1.93947 0.886557 44.6665
1.35475 1.90351 0.0529202 7.97059
1.8255 1.93107 0.330786 1.08034
1.93451 1.93104 0.353901 0.481039
1.85246 1.39687 0.681144 2.04015
1.48968 1.05441 0.85309 3.42283
1.4275 1.0615 0.875881 6.0488
1.50812 1.18014 0.935243 3.73677
1.32897 1.87041 0.24444 18.2691
1.43769 1.11213 0.935807 4.67961
1.38902 1.73785 0.0565726 8.45918
1.35672 1.81745 0.0576643 10.1492
1.36561 1.87053 0.168236 13.2799
1.44592 1.87585 0.133593 7.5383
1.44931 1.93619 0.204465 5.7935
1.41213 1.93717 0.14519 6.65935
1.82573 1.05878 0.629725 0.793563
1.7634 1.05738 0.69704 1.04361
1.86229 1.05954 0.718822 0.669682
1.17853 1.54548 0.114904 31.8655
1.12856 1.60921 0.172991 34.8073
1.86136 1.40361 0.795817 1.61173
1.78926 1.45754 0.871893 1.82247
1.86695 1.40308 0.881809 1.0634
1.71863 1.14251 0.825276 1.94566
1.92905 1.36208 0.825317 0.890762
1.26158 1.18537 0.642809 23.6686
1.88944 1.06687 0.547338 0.676587
1.9093 1.05948 0.65048 0.532052
1.68913 1.32543 0.888 2.36307
1.70445 1.49375 0.848489 3.05093
1.89318 1.17051 0.918009 0.541323
1.66566 1.40887 0.945197 2.1555
1.06186 1.86031 0.600616 42.052
1.28622 1.50433 0.865527 19.3034
1.1943 1.49744 0.870547 31.9631
1.73319 1.05408 0.613818 1.32135
1.0565 1.27507 0.463837 16.2306
1.05619 1.20787 0.39394 24.5434
1.34522 1.16275 0.547208 14.3097
1.4236 1.14481 0.479135 8.4449
1.78807 1.05497 0.545768 1.07605
1.56435 1.20694 0.062138 2.15508
1.54937 1.13404 0.551372 5.45955
1.70241 1.05341 0.557773 1.51521
1.63292 1.93475 0.801114 2.31584
1.93678 1.50971 0.446941 1.14445
1.78679 1.07025 0.415135 1.25238
1.11297 1.82714 0.947041 86.0545
1.43977 1.28941 0.128182 6.72626
1.73 1.89109 0.704875 2.14934
1.87611 1.8024 0.646694 1.45135
1.946 1.75842 0.693405 0.848833
1.94078 1.71142 0.642733 1.05006
1.8623 1.66334 0.614095 1.96073
1.88841 1.71711 0.711318 1.53281
1.93517 1.7502 0.570332 1.20904
1.18575 1.86008 0.227871 38.6748
1.94431 1.1459 0.656619 0.703857
1.93746 1.12435 0.579853 0.698098
1.87344 1.16342 0.630292 1.24793
1.33752 1.23579 0.132308 11.0895
1.93778 1.11919 0.856039 0.424422
1.91366 1.09216 0.909202 0.320099
1.88053 1.12278 0.852176 0.716312
1.23144 1.12456 0.204641 20.9236
1.35643 1.29061 0.942836 8.77974
1.85885 1.10926 0.945094 0.403541
1.70435 1.88611 0.14561 1.63073
1.69763 1.79119 0.124987 2.36007
1.6349 1.80162 0.0647674 1.99475
1.66549 1.05592 0.697617 1.61634
1.36142 1.86794 0.371574 13.9786
1.93913 1.37857 0.475244 1.1287
1.88431 1.06024 0.804878 0.539151
1.9423 1.70625 0.235557 0.823486
1.9291 1.65517 0.160423 0.789921
1.74864 1.66621 0.0615076 1.14616
1.83843 1.68203 0.0663527 0.916124
1.83717 1.06052 0.883371 0.515398
1.37698 1.29892 0.0617657 6.2056
1.29816 1.34481 0.0612595 9.58314
1.44793 1.89777 0.0544577 3.87199
1.14722 1.35266 0.168691 29.3094
1.22869 1.05959 0.289918 17.6384
1.27786 1.05095 0.227243 10.3923
1.05839 1.37874 0.604655 11.5185
1.06028 1.3371 0.520932 12.8548
1.47038 1.93568 0.10785 3.37686
1.50944 1.87161 0.0585676 3.23635
1.22081 1.94437 0.220281 24.5799
1.93974 1.21919 0.70349 0.922763
1.09626 1.93972 0.436699 74.5623
1.05835 1.92014 0.359418 90.4646
1.14749 1.26198 0.526462 23.1209
1.19907 1.13394 0.63214 34.1279
1.41075 1.92909 0.485869 7.40633
1.40099 1.94153 0.376891 6.73071
1.24915 1.13927 0.579898 22.9309
1.2724 1.12254 0.49874 18.6382
1.3411 1.59316 0.056237 8.96281
1.34681 1.93985 0.314528 10.4649
1.43635 1.80789 0.0623021 5.75226
1.93394 1.56284 0.302944 1.04713
1.56391 1.06802 0.364135 2.98082
1.06953 1.62992 0.512715 11.2093
1.93924 1.74749 0.849961 0.576743
1.94212 1.38572 0.137693 0.686277
1.07636 1.66931 0.931366 91.0237
1.63923 1.15687 0.0631043 1.393
1.56019 1.1175 0.0590512 1.71434
1.62022 1.05768 0.141247 1.40159
1.26849 1.87439 0.337676 23.2844
1.82319 1.70423 0.931229 0.915461
1.79461 1.77701 0.939512 0.841796
1.15346 1.87437 0.30868 37.9465
1.13912 1.87339 0.40253 40.0947
1.73414 1.13791 0.938429 0.976998
1.06391 1.48905 0.357381 10.789
1.69655 1.06051 0.363491 1.54874
1.86353 1.49424 0.861234 1.18226
1.65515 1.13761 0.66649 3.25326
1.31975 1.06195 0.710624 12.1654
1.62653 1.05506 0.509525 2.19867
1.82948 1.06329 0.311612 0.834517
1.6048 1.05588 0.745025 2.20233
1.92879 1.0861 0.119051 0.252664
1.7561 1.05579 0.942017 0.427628
1.35361 1.86457 0.865188 13.4872
1.21082 1.7951 0.940411 28.5552
1.1761 1.71329 0.850022 32.5964
1.11007 1.72789 0.728548 27.1332
1.20987 1.61912 0.859748 27.159
1.13115 1.64461 0.772654 27.571
1.57233 1.42043 0.937739 3.59329
1.63811 1.49382 0.93745 2.56575
1.94317 1.24762 0.86628 0.588489
1.93459 1.25204 0.941577 0.340278
1.13308 1.45307 0.935464 46.0563
1.05851 1.49957 0.914143 84.8401
1.24718 1.93912 0.9418 17.9187
1.32874 1.57688 0.944836 10.1902
1.25636 1.57412 0.857906 21.2677
1.29692 1.21796 0.0562539 7.88253
1.38252 1.20737 0.0537768 5.43027
1.17342 1.93745 0.503815 32.9898
1.14188 1.07256 0.255646 38.118
1.39619 1.7312 0.939001 7.22213
1.0739 1.84187 0.738888 50.2175
1.19735 1.88276 0.934786 35.4884
1.86828 1.32927 0.175154 1.25013
1.8652 1.41941 0.190664 1.40526
1.24465 1.26471 0.0596475 13.8669
1.0536 1.65387 0.712266 15.6721
1.06267 1.71301 0.671073 16.835
1.63965 1.06494 0.226873 1.74519
1.1431 1.93929 0.236633 47.9322
1.05017 1.87497 0.453632 51.6389
1.56258 1.06623 0.201169 2.46458
1.66381 1.11544 0.174506 1.93141
1.14623 1.06739 0.893904 56.7836
1.06714 1.23988 0.85438 58.3073
1.20485 1.57381 0.0541774 23.9333
1.55953 1.12654 0.64191 5.02408
1.30816 1.35592 0.938368 11.1965
1.32369 1.67131 0.0561782 10.6579
1.06527 1.84987 0.262886 46.1222
1.32229 1.12628 0.667201 15.9903
1.06545 1.79734 0.649264 28.8616
1.25505 1.91396 0.523373 19.8365
1.23459 1.70276 0.0562788 22.1242
1.41889 1.95054 0.68842 6.40981
1.4676 1.94149 0.734862 5.54854
1.38326 1.94883 0.742412 8.38528
1.06449 1.71817 0.56584 15.0333
1.34218 1.93949 0.823511 11.4812
1.0643 1.17855 0.788601 47.1825
1.06303 1.13234 0.722864 63.8144
1.08764 1.08378 0.813746 86.6744
1.13314 1.06133 0.731036 56.6345
1.06264 1.05801 0.750208 143.677
1.10345 1.06122 0.561725 73.1159
1.06175 1.08294 0.287365 94.2118
1.36163 1.06604 0.809965 9.82387
1.06188 1.09014 0.648229 96.0006
1.21391 1.05529 0.192795 18.973
1.26403 1.06796 0.650921 17.5582
1.22616 1.05219 0.711516 21.2803
1.23519 1.10651 0.726109 27.8921
1.47916 1.72255 0.0596275 4.95725
1.07234 1.92879 0.65616 86.4944
1.27298 1.52943 0.061132 14.6254
1.94143 1.49863 0.86719 0.536886
1.19269 1.05891 0.789935 32.6604
1.25107 1.06987 0.854902 22.3275
1.37085 1.81478 0.944021 8.28471
1.19031 1.56118 0.941849 27.1794
1.23987 1.72912 0.934114 20.2749
1.26317 1.61963 0.937715 16.4102
1.06062 1.73749 0.367462 19.6385
1.94112 1.34599 0.074992 0.450583
1.94165 1.73128 0.391108 1.00722
1.13604 1.19603 0.618407 36.0173
1.15353 1.15327 0.54654 35.1564
1.70638 1.06964 0.254127 1.3127
1.17298 1.16225 0.079231 33.8346
1.14602 1.15929 0.195191 37.3977
1.10215 1.06679 0.144267 61.8795
1.27386 1.92698 0.264389 18.692
1.13195 1.88099 0.112928 63.067
1.35023 1.94096 0.227288 9.59349
1.42947 1.94216 0.29216 6.56092
1.11232 1.81342 0.0570592 76.271
1.61359 1.24965 0.0495927 1.69716
1.05748 1.51895 0.199728 24.9494
1.07401 1.48533 0.105748 59.2979
1.06935 1.55104 0.099903 71.6399
1.94447 1.56493 0.793957 0.721456
1.93207 1.45427 0.790493 0.84853
1.53509 1.26301 0.0540324 2.48408
1.1366 1.71761 0.92196 50.4905
1.74055 1.39051 0.942153 1.38607
1.81025 1.4617 0.941071 0.863654
1.31836 1.06172 0.553199 11.4215
1.0704 1.14727 0.259985 44.4283
1.12216 1.07703 0.315874 43.6221
1.77737 1.06396 0.212202 0.82017
1.06051 1.2047 0.193252 32.6172
1.55848 1.05768 0.278587 2.49406
1.69846 1.31425 0.952189 1.38898
1.76512 1.30653 0.938948 1.24707
1.13175 1.52341 0.0540702 47.3801
1.93554 1.64352 0.80919 0.853481
1.05734 1.76275 0.303528 26.1394
1.89839 1.76267 0.913171 0.653388
1.06709 1.26753 0.163931 32.3368
1.08771 1.19024 0.0965296 62.156
1.06592 1.13009 0.148986 58.3004
1.06416 1.83235 0.360459 35.4165
1.05864 1.52217 0.278118 14.6383
1.16125 1.63483 0.0832517 39.4073
1.94119 1.18497 0.336601 0.713367
1.86298 1.15305 0.362932 1.22183
1.06019 1.60037 0.25028 20.3044
1.07551 1.94472 0.493924 99.4105
1.34995 1.93746 0.422931 10.2439
1.30122 1.95196 0.374377 13.2102
1.05905 1.64898 0.605066 11.8158
1.22289 1.89357 0.179993 30.4782
1.93706 1.62277 0.884649 0.618524
1.1238 1.93468 0.568867 56.2367
1.24997 1.50567 0.940493 16.7233
1.71044 1.57378 0.93621 1.70826
1.77369 1.64418 0.93485 1.25007
1.39146 1.94273 0.869533 6.32425
1.76647 1.94256 0.700494 1.09176
1.45771 1.27616 0.935938 5.49186
1.42102 1.21792 0.941953 6.60381
1.94157 1.70545 0.765793 0.823474
1.94258 1.66146 0.697464 0.989163
1.18943 1.93995 0.801717 34.2175
1.26742 1.94378 0.7577 16.6799
1.36349 1.94242 0.616097 8.69326
1.20368 1.9412 0.389237 25.9694
1.86335 1.62251 0.933902 0.824026
1.72474 1.47852 0.934171 1.57969
1.45186 1.27055 0.0590864 3.77249
1.06285 1.59188 0.65583 12.3866
1.06414 1.5636 0.731645 16.9372
1.80124 1.21111 0.939417 0.788964
1.93941 1.41773 0.337882 1.02913
1.47671 1.06576 0.636627 5.04888
1.50963 1.05513 0.732787 3.90678
1.93746 1.58152 0.506155 1.21007
1.05024 1.2592 0.529125 17.3964
1.93775 1.65794 0.566635 1.17304
1.0607 1.7215 0.478828 15.8484
1.54299 1.28012 0.936871 3.36903
1.06783 1.59551 0.344681 13.3516
1.50245 1.0529 0.274846 3.09967
1.12352 1.85756 0.488228 41.7098
1.93705 1.20658 0.207261 0.555927
1.94185 1.30518 0.231526 0.731781
1.94249 1.27944 0.142868 0.560508
1.60444 1.32875 0.946019 2.32002
1.55335 1.92959 0.570646 3.76568
1.62265 1.26075 0.948053 2.03272
1.70425 1.21532 0.944085 1.17001
1.43006 1.93761 0.581928 6.53415
1.15572 1.12766 0.461995 33.9967
1.06349 1.17465 0.478556 33.6574
1.78452 1.52329 0.938419 1.04418
1.06101 1.13189 0.56232 55.08
1.15324 1.05935 0.518511 34.7615
1.21143 1.0617 0.548346 22.8573
1.19507 1.05238 0.460796 21.0692
1.56293 1.06057 0.573994 3.00903
1.82608 1.35917 0.945372 0.794361
1.284 1.86453 0.944514 16.2461
1.2843 1.94514 0.885056 17.6916
1.94541 1.54364 0.193624 0.813022
1.94188 1.76731 0.305503 0.874541
1.92727 1.28964 0.469604 1.16189
1.93978 1.25622 0.385572 0.896121
1.94799 1.20161 0.446743 0.833298
1.20446 1.94711 0.318491 22.9711
1.1263 1.94327 0.339809 51.2018
1.42507 1.13713 0.0619213 3.67988
1.45062 1.06721 0.209221 4.11252
1.415 1.06882 0.575837 6.50027
1.48877 1.06553 0.520273 4.51117
1.86769 1.85431 0.414234 1.26828
1.93495 1.05671 0.255774 0.335375
1.93455 1.16382 0.526746 0.848408
1.93481 1.08173 0.342868 0.458651
1.88163 1.06714 0.409567 0.652442
1.93445 1.21301 0.594767 0.931902
1.06091 1.47569 0.431622 9.18723
1.06213 1.40702 0.487853 9.56553
1.64276 1.06198 0.310626 1.83466
1.9344 1.64828 0.356698 1.07811
1.53875 1.86525 0.122924 4.17782
1.94222 1.61542 0.252019 0.864676
1.48498 1.63758 0.0667194 4.67622
1.28647 1.06021 0.761682 15.7858
1.31282 1.078 0.872773 12.157
1.28323 1.08504 0.93674 13.4921
1.14337 1.88161 0.554384 41.2043
1.73185 1.06206 0.169057 0.942675
1.0608 1.88965 0.190901 80.5626
1.37656 1.06028 0.630353 8.56832
1.15945 1.28928 0.0679194 33.928
1.05695 1.35621 0.420671 11.0034
1.0541 1.37594 0.741337 18.1994
1.9466 1.50324 0.721903 0.878316
1.93795 1.30769 0.560374 1.14745
1.93481 1.14052 0.768481 0.685728
1.06242 1.91363 0.134259 121.351
1.56816 1.05361 0.471473 2.97931
1.83374 1.05798 0.483178 0.875175
1.1266 1.71362 0.0551702 61.0291
1.07123 1.66278 0.077284 93.2314
1.06638 1.67037 0.31512 18.0443
1.06679 1.6554 0.409292 13.6893
1.70008 1.11939 0.522471 2.68582
1.62598 1.12594 0.562604 3.61352
1.32377 1.22666 0.938991 11.4414
1.2603 1.1569 0.933813 18.5055
1.55106 1.13083 0.848413 3.83573
1.58878 1.20676 0.943924 2.09721
1.05931 1.32723 0.674503 15.8336
1.34727 1.13077 0.924957 8.46357
1.64507 1.18185 0.940334 1.49502
1.47939 1.15606 0.847165 6.16824
1.3949 1.1447 0.851756 10.35
1.3552 1.06142 0.477781 8.44695
1.73288 1.7048 0.926135 1.50998
1.62643 1.93321 0.521938 2.7408
1.72026 1.93657 0.57083 1.73717
1.06831 1.53755 0.82636 30.6164
1.94009 1.52227 0.564583 1.08873
1.62496 1.0621 0.433493 2.52808
1.05964 1.21739 0.300524 23.1723
1.05456 1.18852 0.663676 35.2128
1.50911 1.93709 0.265187 4.34662
1.93303 1.67922 0.0917668 0.482993
1.53917 1.94023 0.187281 2.99762
1.20415 1.44246 0.939635 25.6571
1.33862 1.06798 0.168611 6.15482
1.41289 1.57717 0.068249 6.5575
1.9368 1.34504 0.934503 0.491879
1.94313 1.29072 0.770103 0.817044
1.07006 1.29151 0.08571 93.617
1.93436 1.56185 0.115235 0.658181
1.84576 1.06465 0.227452 0.635198
1.93755 1.14956 0.278948 0.637758
1.22069 1.36015 0.937305 21.866
1.54531 1.71399 0.0698327 3.16383
1.23322 1.84404 0.0654199 22.7367
1.77808 1.29055 0.0566575 0.910419
1.82973 1.36048 0.0762631 0.991655
1.88707 1.62839 0.071351 0.771348
1.93918 1.81881 0.365953 0.790502
1.93496 1.86922 0.269413 0.58854
1.93719 1.43638 0.422461 1.12049
1.93213 1.4929 0.363816 1.14848
1.94094 1.331 0.320293 0.898152
1.06417 1.92826 0.266921 102.855
1.30993 1.92965 0.17082 14.5582
1.93919 1.11116 0.191418 0.408248
1.27147 1.93996 0.466036 16.7655
1.8802 1.52785 0.934813 0.586174
1.94469 1.46291 0.193793 0.886024
1.94403 1.47372 0.132481 0.55922
1.43478 1.94098 0.792877 5.72719
1.40349 1.65214 0.0591706 7.47153
1.77093 1.05533 0.30143 1.07091
1.0682 1.62812 0.148412 45.6556
1.0619 1.62264 0.790853 24.3848
1.12338 1.61709 0.853316 37.6634
1.95461 1.58324 0.416496 0.968552
1.5354 1.07094 0.804083 3.59836
1.64302 1.06306 0.823022 1.73267
1.91196 1.45348 0.946083 0.509723
1.50735 1.062 0.406152 3.98576
1.06053 1.49811 0.538715 8.35578
1.93621 1.58937 0.718526 0.967885
1.06273 1.42946 0.869709 53.9012
1.18198 1.06371 0.642911 34.4249
1.05877 1.27137 0.596973 17.5492
1.05679 1.19827 0.554754 26.6205
1.43601 1.06223 0.794935 5.76115
1.93802 1.60031 0.621621 1.06932
1.06179 1.75383 0.81346 35.4388
1.94964 1.53154 0.645757 1.00185
1.94394 1.78576 0.426466 0.936094
1.93337 1.436 0.686091 0.988785
1.9353 1.38237 0.724819 0.970198
1.06592 1.30029 0.766123 28.5764
1.10443 1.07228 0.0604214 86.2414
1.07101 1.44998 0.206475 23.6758
1.94395 1.40127 0.244609 0.873264
1.07378 1.55716 0.427449 10.1351
1.05076 1.41642 0.673811 11.6135
1.78381 1.41506 0.0546937 0.983066
1.1121 1.59632 0.0685664 59.19
1.93112 1.29958 0.658797 1.05989
1.69717 1.05772 0.452419 1.76453
1.75232 1.05217 0.492733 1.30005
1.65279 1.07004 0.937744 0.959979
1.72717 1.06672 0.852229 0.965734
1.20719 1.94513 0.574919 25.2087
1.93904 1.80305 0.210845 0.749486
1.94496 1.43053 0.885 0.600531
1.94668 1.24373 0.507314 0.903294
1.08249 1.58741 0.890713 54.3276
1.2922 1.93222 0.0874336 13.4493
1.28954 1.44534 0.93943 14.6691
1.94028 1.43674 0.515783 1.1083
1.49786 1.94424 0.528892 4.42948
1.93576 1.80497 0.605482 0.92699
1.93273 1.74284 0.50413 1.19223
1.0643 1.66704 0.85803 40.5686
