VARIABLES= "X", "Y", "P", "U", "V1"
1 1 0 0 0
1 1.02 0 0 0
1 1.04 0 0 0
1 1.06 0 0 0
1 1.08 0 0 0
1 1.1 0 0 0
1 1.12 0 0 0
1 1.14 0 0 0
1 1.16 0 0 0
1 1.18 0 0 0
1 1.2 0 0 0
1 1.22 0 0 0
1 1.24 0 0 0
1 1.26 0 0 0
1 1.28 0 0 0
1 1.3 0 0 0
1 1.32 0 0 0
1 1.34 0 0 0
1 1.36 0 0 0
1 1.38 0 0 0
1 1.4 5e+007 0 0
1 1.42 5e+007 0 0
1 1.44 5e+007 0 0
1 1.46 5e+007 0 0
1 1.48 5e+007 0 0
1 1.5 5e+007 0 0
1 1.52 5e+007 0 0
1 1.54 5e+007 0 0
1 1.56 5e+007 0 0
1 1.58 5e+007 0 0
1 1.6 5e+007 0 0
1 1.62 0 0 0
1 1.64 0 0 0
1 1.66 0 0 0
1 1.68 0 0 0
1 1.7 0 0 0
1 1.72 0 0 0
1 1.74 0 0 0
1 1.76 0 0 0
1 1.78 0 0 0
1 1.8 0 0 0
1 1.82 0 0 0
1 1.84 0 0 0
1 1.86 0 0 0
1 1.88 0 0 0
1 1.9 0 0 0
1 1.92 0 0 0
1 1.94 0 0 0
1 1.96 0 0 0
1 1.98 0 0 0
1 2 11393 -1.70895 0
1.02 1 42127.3 -2.06178 -2.15095
1.02 1.02 85146.2 -40.9871 -22.7318
1.02 1.04 129997 -62.8122 -25.3157
1.02 1.06 177722 -85.7945 -109.511
1.02 1.08 229531 -110.667 -30.237
1.02 1.1 286888 -138.093 -33.0866
1.02 1.12 351624 -168.893 -38.0608
1.02 1.14 426111 -204.111 -44.6572
1.02 1.16 513514 -245.109 -53.4748
1.02 1.18 618186 -293.713 -65.4484
1.02 1.2 746313 -352.429 -82.0643
1.02 1.22 906996 -424.773 -105.793
1.02 1.24 1.11419e+006 -515.791 -140.962
1.02 1.26 1.39035e+006 -632.842 -195.645
1.02 1.28 1.77383e+006 -786.678 -286.26
1.02 1.3 2.33509e+006 -992.381 -448.383
1.02 1.32 3.2158e+006 -1267.31 -771.188
1.02 1.34 4.73357e+006 -1612.08 -1485.68
1.02 1.36 7.69348e+006 -1910.33 -3392.49
1.02 1.38 1.44162e+007 -1456.19 -8795.67
1.02 1.4 3.24557e+007 2978.09 -3367.77
1.02 1.42 3.91296e+007 3453.85 -1447.8
1.02 1.44 4.1987e+007 3200.59 -685.928
1.02 1.46 4.33374e+007 2928.07 -319.351
1.02 1.48 4.39652e+007 2759.22 -94.3802
1.02 1.5 4.41506e+007 2703.74 94.3801
1.02 1.52 4.39652e+007 2759.22 319.351
1.02 1.54 4.33374e+007 2928.07 685.928
1.02 1.56 4.1987e+007 3200.59 1447.8
1.02 1.58 3.91296e+007 3453.85 3367.77
1.02 1.6 3.24557e+007 2978.09 8795.67
1.02 1.62 1.44162e+007 -1456.19 3392.34
1.02 1.64 7.69348e+006 -1910.33 1465.27
1.02 1.66 4.73357e+006 -1612.08 -802.995
1.02 1.68 3.21581e+006 -1267.31 430.887
1.02 1.7 2.33509e+006 -992.383 286.004
1.02 1.72 1.77384e+006 -786.68 195.604
1.02 1.74 1.39036e+006 -632.844 135.386
1.02 1.76 1.1142e+006 -515.794 -394.051
1.02 1.78 907004 -424.776 76.3947
1.02 1.8 746324 -352.433 65.4081
1.02 1.82 618201 -293.719 53.4718
1.02 1.84 513534 -245.117 44.7217
1.02 1.86 426139 -204.122 44.2864
1.02 1.88 351667 -168.909 37.8061
1.02 1.9 286956 -138.115 29.3386
1.02 1.92 229648 -110.696 26.4242
1.02 1.94 177944 -85.8283 24.2611
1.02 1.96 130476 -62.8201 22.5622
1.02 1.98 86339 -40.8177 20.6619
1.02 2 45571.9 -1.94919 0
1.04 1 83363 -1.97505 -4.25488
1.04 1.02 168461 -39.6697 -44.6782
1.04 1.04 257119 -60.7208 -47.8869
1.04 1.06 351359 -82.7916 -51.0974
1.04 1.08 453515 -106.537 -57.3587
1.04 1.1 566396 -132.522 -64.5928
1.04 1.12 693496 -161.424 -74.096
1.04 1.14 839306 -194.071 -86.6534
1.04 1.16 1.00976e+006 -231.501 -103.218
1.04 1.18 1.21292e+006 -275.019 -125.548
1.04 1.2 1.46007e+006 -326.278 -156.129
1.04 1.22 1.76748e+006 -387.346 -199.005
1.04 1.24 2.15941e+006 -460.705 -260.89
1.04 1.26 2.67339e+006 -549.011 -353.606
1.04 1.28 3.36989e+006 -654.077 -507.781
1.04 1.3 4.35071e+006 -773.671 -726.642
1.04 1.32 5.79456e+006 -892.234 -1121.2
1.04 1.34 8.02499e+006 -955.918 -1163.56
1.04 1.36 1.16242e+007 -812.613 -2963.81
1.04 1.38 1.75154e+007 -109.345 -4409.41
1.04 1.4 2.62771e+007 1601.86 -2924.07
1.04 1.42 3.20757e+007 2322.73 -1719.95
1.04 1.44 3.54811e+007 2502.05 -969.11
1.04 1.46 3.73974e+007 2494.42 -493.636
1.04 1.48 3.83727e+007 2454 -151.527
1.04 1.5 3.8672e+007 2436.12 151.527
1.04 1.52 3.83727e+007 2454 493.636
1.04 1.54 3.73974e+007 2494.42 969.11
1.04 1.56 3.54811e+007 2502.05 1719.95
1.04 1.58 3.20757e+007 2322.72 2924.07
1.04 1.6 2.62771e+007 1601.86 4409.4
1.04 1.62 1.75155e+007 -109.346 2962.37
1.04 1.64 1.16242e+007 -812.614 1034.55
1.04 1.66 8.025e+006 -955.919 1122.57
1.04 1.68 5.79456e+006 -892.235 731.406
1.04 1.7 4.35072e+006 -773.672 497.303
1.04 1.72 3.3699e+006 -654.079 353.372
1.04 1.74 2.6734e+006 -549.013 260.942
1.04 1.76 2.15942e+006 -460.708 203.086
1.04 1.78 1.7675e+006 -387.349 149.139
1.04 1.8 1.46009e+006 -326.282 125.45
1.04 1.82 1.21295e+006 -275.024 103.153
1.04 1.84 1.0098e+006 -231.507 86.6024
1.04 1.86 839358 -194.078 74.1533
1.04 1.88 693571 -161.432 64.6268
1.04 1.9 566508 -132.531 57.3376
1.04 1.92 453693 -106.542 51.8634
1.04 1.94 351653 -82.7807 47.7953
1.04 1.96 257621 -60.6633 44.888
1.04 1.98 169308 -39.5008 42.6045
1.04 2 84555.7 -1.93937 0
1.06 1 122864 -1.85076 -6.26749
1.06 1.02 248214 -37.1282 -65.6056
1.06 1.04 378661 -56.7285 -69.334
1.06 1.06 517081 -77.1455 3.33778
1.06 1.08 666775 -98.9189 -82.7669
1.06 1.1 831684 -122.474 -93.8182
1.06 1.12 1.01666e+006 -148.294 -107.159
1.06 1.14 1.22786e+006 -176.93 -127.775
1.06 1.16 1.47329e+006 -209.009 -147.276
1.06 1.18 1.76366e+006 -245.219 -177.393
1.06 1.2 2.11356e+006 -286.257 -217.894
1.06 1.22 2.54345e+006 -332.69 -273.203
1.06 1.24 3.08258e+006 -384.608 -350.332
1.06 1.26 3.7739e+006 -440.847 -471.996
1.06 1.28 4.68164e+006 -497.289 -1093.16
1.06 1.3 5.90331e+006 -543.272 -635.791
1.06 1.32 7.58672e+006 -554.515 -1190.5
1.06 1.34 9.94767e+006 -480.936 -1666.18
1.06 1.36 1.32628e+007 -232.873 -2260.04
1.06 1.38 1.77443e+007 304.865 -2679.54
1.06 1.4 2.30616e+007 1123.66 -2195.3
1.06 1.42 2.74152e+007 1673.87 -1538.7
1.06 1.44 3.04641e+007 1946.81 -976.877
1.06 1.46 3.23984e+007 2057.27 -534.534
1.06 1.48 3.34563e+007 2093.39 -169.613
1.06 1.5 3.37919e+007 2100.91 169.613
1.06 1.52 3.34563e+007 2093.39 534.533
1.06 1.54 3.23984e+007 2057.27 976.876
1.06 1.56 3.04641e+007 1946.81 1538.7
1.06 1.58 2.74152e+007 1673.87 2195.3
1.06 1.6 2.30616e+007 1123.66 2679.54
1.06 1.62 1.77443e+007 304.864 2260.29
1.06 1.64 1.32628e+007 -232.874 1680.06
1.06 1.66 9.94768e+006 -480.937 2112.68
1.06 1.68 7.58673e+006 -554.516 861.623
1.06 1.7 5.90332e+006 -543.273 618.339
1.06 1.72 4.68165e+006 -497.29 459.674
1.06 1.74 3.77391e+006 -440.849 355.103
1.06 1.76 3.0826e+006 -384.61 711.261
1.06 1.78 2.54347e+006 -332.693 -96.0679
1.06 1.8 2.11359e+006 -286.26 173.805
1.06 1.82 1.7637e+006 -245.222 142.745
1.06 1.84 1.47334e+006 -209.012 124.398
1.06 1.86 1.22792e+006 -176.933 107.103
1.06 1.88 1.01675e+006 -148.296 93.8049
1.06 1.9 831813 -122.473 83.6222
1.06 1.92 666962 -98.91 75.8955
1.06 1.94 517353 -77.1198 70.1639
1.06 1.96 379048 -56.6713 66.1171
1.06 1.98 248715 -37.0257 62.9098
1.06 2 123343 -1.83792 0
1.08 1 159879 -1.6952 -8.14952
1.08 1.02 322870 -33.9518 -85.0988
1.08 1.04 492230 -51.7524 -90.8528
1.08 1.06 671527 -70.1356 -97.0739
1.08 1.08 864821 -89.5107 -107.461
1.08 1.1 1.0769e+006 -110.151 -119.947
1.08 1.12 1.3136e+006 -132.334 -137.747
1.08 1.14 1.58217e+006 -156.331 -306.69
1.08 1.16 1.8919e+006 -182.368 -185.522
1.08 1.18 2.25486e+006 -210.567 -218.907
1.08 1.2 2.68708e+006 -240.815 -264.853
1.08 1.22 3.21016e+006 -272.517 -325.732
1.08 1.24 3.85358e+006 -304.149 -410.637
1.08 1.26 4.65799e+006 -332.432 -835.745
1.08 1.28 5.67945e+006 -350.894 -666.181
1.08 1.3 6.99418e+006 -347.527 -860.266
1.08 1.32 8.70134e+006 -301.503 -1118.53
1.08 1.34 1.09162e+007 -180.266 -1418.73
1.08 1.36 1.3735e+007 57.4698 -1716.26
1.08 1.38 1.71376e+007 438.524 -1851.49
1.08 1.4 2.08096e+007 913.415 -1638.86
1.08 1.42 2.40592e+007 1301.88 -1262.66
1.08 1.44 2.65618e+007 1553.76 -865.165
1.08 1.46 2.82759e+007 1694.22 -498.008
1.08 1.48 2.92622e+007 1761.15 -162.006
1.08 1.5 2.9583e+007 1780.53 162.006
1.08 1.52 2.92622e+007 1761.15 498.007
1.08 1.54 2.82759e+007 1694.22 865.168
1.08 1.56 2.65618e+007 1553.76 1262.96
1.08 1.58 2.40592e+007 1301.88 1638.87
1.08 1.6 2.08096e+007 913.414 1851.64
1.08 1.62 1.71376e+007 438.524 1728.94
1.08 1.64 1.3735e+007 57.4693 1648.79
1.08 1.66 1.09162e+007 -180.266 1131.39
1.08 1.68 8.70135e+006 -301.503 862.887
1.08 1.7 6.99419e+006 -347.528 664.774
1.08 1.72 5.67946e+006 -350.895 516.721
1.08 1.74 4.65801e+006 -332.433 407.142
1.08 1.76 3.8536e+006 -304.15 330.616
1.08 1.78 3.21018e+006 -272.519 267.114
1.08 1.8 2.68712e+006 -240.816 216.67
1.08 1.82 2.25491e+006 -210.569 -17.9688
1.08 1.84 1.89196e+006 -182.369 154.649
1.08 1.86 1.58225e+006 -156.331 136.049
1.08 1.88 1.3137e+006 -132.332 119.92
1.08 1.9 1.07703e+006 -110.145 107.452
1.08 1.92 864991 -89.4972 97.9324
1.08 1.94 671747 -70.1099 90.843
1.08 1.96 492502 -51.7101 85.8196
1.08 1.98 323163 -33.8946 81.7427
1.08 2 160102 -1.68993 0
1.1 1 193783 -1.51573 -9.86862
1.1 1.02 391156 -30.2968 -102.795
1.1 1.04 595863 -46.0449 -109.454
1.1 1.06 811975 -62.1328 -117.547
1.1 1.08 1.04408e+006 -78.8373 -128.347
1.1 1.1 1.29751e+006 -96.2846 -142.37
1.1 1.12 1.57866e+006 -114.562 -160.328
1.1 1.14 1.89534e+006 -133.69 -182.081
1.1 1.16 2.25727e+006 -153.564 -212.355
1.1 1.18 2.67681e+006 -173.868 -249.486
1.1 1.2 3.16975e+006 -193.917 -296.914
1.1 1.22 3.75652e+006 -212.414 -357.697
1.1 1.24 4.46358e+006 -227.039 -435.637
1.1 1.26 5.32503e+006 -233.836 -530.232
1.1 1.28 6.38399e+006 -226.328 -324.328
1.1 1.3 7.69262e+006 -194.44 -812.376
1.1 1.32 9.30828e+006 -123.702 -994.002
1.1 1.34 1.12808e+007 3.9067 -1005.27
1.1 1.36 1.36233e+007 204.496 -1328.97
1.1 1.38 1.62614e+007 478.35 -1371.15
1.1 1.4 1.898e+007 789.598 -1246
1.1 1.42 2.14503e+007 1066.47 -1007.93
1.1 1.44 2.34481e+007 1272.13 -723.11
1.1 1.46 2.4881e+007 1404.72 -430.327
1.1 1.48 2.57336e+007 1476.45 -142.409
1.1 1.5 2.60158e+007 1498.9 142.408
1.1 1.52 2.57336e+007 1476.45 430.328
1.1 1.54 2.4881e+007 1404.72 723.41
1.1 1.56 2.34481e+007 1272.13 1030.44
1.1 1.58 2.14503e+007 1066.47 1246.34
1.1 1.6 1.898e+007 789.597 1376.33
1.1 1.62 1.62614e+007 478.35 1788.65
1.1 1.64 1.36233e+007 204.495 1189.88
1.1 1.66 1.12808e+007 3.90616 996.137
1.1 1.68 9.30829e+006 -123.702 816.188
1.1 1.7 7.69263e+006 -194.441 661.367
1.1 1.72 6.384e+006 -226.329 535.391
1.1 1.74 5.32505e+006 -233.837 435.654
1.1 1.76 4.4636e+006 -227.04 357.296
1.1 1.78 3.75655e+006 -212.415 558.227
1.1 1.8 3.16979e+006 -193.918 252.415
1.1 1.82 2.67685e+006 -173.868 213.815
1.1 1.84 2.25733e+006 -153.564 183.252
1.1 1.86 1.89541e+006 -133.688 160.334
1.1 1.88 1.57875e+006 -114.558 142.359
1.1 1.9 1.29763e+006 -96.2766 128.333
1.1 1.92 1.04422e+006 -78.8238 117.539
1.1 1.94 812144 -62.1119 109.45
1.1 1.96 596050 -46.0162 103.685
1.1 1.98 391333 -30.2646 98.9121
1.1 2 193900 -1.51328 0
1.12 1 224098 -1.32017 -11.4004
1.12 1.02 452107 -26.3246 -118.448
1.12 1.04 688091 -39.8646 -125.723
1.12 1.06 936431 -53.5125 -134.446
1.12 1.08 1.20201e+006 -67.4213 -145.992
1.12 1.1 1.49041e+006 -81.5876 -160.846
1.12 1.12 1.8082e+006 -95.9407 -178.258
1.12 1.14 2.16323e+006 -110.303 -75.1871
1.12 1.16 2.56505e+006 -124.331 -231.474
1.12 1.18 3.02535e+006 -137.422 -269.773
1.12 1.2 3.55859e+006 -148.573 -315.62
1.12 1.22 4.18259e+006 -156.182 -372.471
1.12 1.24 4.91919e+006 -157.756 -440.049
1.12 1.26 5.79456e+006 -149.547 -303.144
1.12 1.28 6.83886e+006 -126.142 -622.831
1.12 1.3 8.08402e+006 -80.2046 -742.827
1.12 1.32 9.55835e+006 -2.77024 -866.898
1.12 1.34 1.12754e+007 115.099 -977.424
1.12 1.36 1.32159e+007 278.255 -1053.94
1.12 1.38 1.53048e+007 480.784 -1053.95
1.12 1.4 1.73989e+007 700.159 -965.974
1.12 1.42 1.93137e+007 902.26 -799.937
1.12 1.44 2.08992e+007 1063.57 -589.021
1.12 1.46 2.20666e+007 1176.07 -357.78
1.12 1.48 2.27755e+007 1241.05 -119.711
1.12 1.5 2.30128e+007 1262.16 119.711
1.12 1.52 2.27756e+007 1241.05 357.855
1.12 1.54 2.20666e+007 1176.07 600.389
1.12 1.56 2.08992e+007 1063.57 1819.02
1.12 1.58 1.93137e+007 902.26 977.37
1.12 1.6 1.73989e+007 700.159 1056.6
1.12 1.62 1.53048e+007 480.783 1059.09
1.12 1.64 1.32159e+007 278.255 979.482
1.12 1.66 1.12754e+007 115.098 866.949
1.12 1.68 9.55836e+006 -2.77066 744.647
1.12 1.7 8.08404e+006 -80.205 629.118
1.12 1.72 6.83888e+006 -126.142 527.786
1.12 1.74 5.79459e+006 -149.547 440.863
1.12 1.76 4.91921e+006 -157.757 220.979
1.12 1.78 4.18262e+006 -156.182 316.854
1.12 1.8 3.55862e+006 -148.573 271.645
1.12 1.82 3.0254e+006 -137.421 399.628
1.12 1.84 2.5651e+006 -124.33 205.193
1.12 1.86 2.1633e+006 -110.3 179.693
1.12 1.88 1.80828e+006 -95.9356 160.847
1.12 1.9 1.49051e+006 -81.5796 145.984
1.12 1.92 1.20212e+006 -67.4095 134.44
1.12 1.94 936558 -53.4967 125.727
1.12 1.96 688220 -39.8456 119.478
1.12 1.98 452219 -26.3059 114.203
1.12 2 224166 -1.31891 0
1.14 1 250501 -1.11617 -12.729
1.14 1.02 505082 -22.1925 -131.904
1.14 1.04 767963 -33.4606 -139.524
1.14 1.06 1.04365e+006 -44.6307 -148.513
1.14 1.08 1.33711e+006 -55.7475 -160.318
1.14 1.1 1.65391e+006 -66.704 -175.371
1.14 1.12 2.00049e+006 -77.3094 -194.194
1.14 1.14 2.38435e+006 -87.2508 -216.11
1.14 1.16 2.81434e+006 -96.0359 -246.143
1.14 1.18 3.30096e+006 -102.915 -282.555
1.14 1.2 3.85666e+006 -106.772 -323.335
1.14 1.22 4.49606e+006 -105.985 -374.08
1.14 1.24 5.23601e+006 -98.2579 -434.218
1.14 1.26 6.09518e+006 -80.4521 -501.617
1.14 1.28 7.09286e+006 -48.4875 -581.703
1.14 1.3 8.24626e+006 2.53378 -586.915
1.14 1.32 9.56567e+006 77.7268 -746.858
1.14 1.34 1.10467e+007 181.003 -814.376
1.14 1.36 1.26602e+007 312.643 -849.171
1.14 1.38 1.43429e+007 466.37 -834.567
1.14 1.4 1.5997e+007 627.995 -761.613
1.14 1.42 1.75065e+007 778.84 -636.796
1.14 1.44 1.87686e+007 903.844 -475.256
1.14 1.46 1.97104e+007 994.923 -292.062
1.14 1.48 2.02892e+007 1049.52 -98.3647
1.14 1.5 2.04842e+007 1067.63 98.3642
1.14 1.52 2.02892e+007 1049.52 292.064
1.14 1.54 1.97104e+007 994.923 475.357
1.14 1.56 1.87686e+007 903.844 629.041
1.14 1.58 1.75065e+007 778.84 761.677
1.14 1.6 1.5997e+007 627.995 834.589
1.14 1.62 1.43429e+007 466.37 848.734
1.14 1.64 1.26602e+007 312.643 814.389
1.14 1.66 1.10467e+007 181.003 747.81
1.14 1.68 9.56568e+006 77.7265 666.336
1.14 1.7 8.24627e+006 2.53356 582.661
1.14 1.72 7.09288e+006 -48.4877 504.127
1.14 1.74 6.09521e+006 -80.4522 434.255
1.14 1.76 5.23604e+006 -98.2578 374.475
1.14 1.78 4.49609e+006 -105.985 323.336
1.14 1.8 3.85669e+006 -106.771 281.061
1.14 1.82 3.301e+006 -102.914 247.998
1.14 1.84 2.81439e+006 -96.0337 217.547
1.14 1.86 2.38441e+006 -87.2473 194.208
1.14 1.88 2.00056e+006 -77.3042 175.366
1.14 1.9 1.65399e+006 -66.6968 160.314
1.14 1.92 1.3372e+006 -55.738 148.511
1.14 1.94 1.04375e+006 -44.6191 139.532
1.14 1.96 768055 -33.4479 133.053
1.14 1.98 505156 -22.1811 127.461
1.14 2 250544 -1.11546 0
1.16 1 272825 -0.91077 -13.8466
1.16 1.02 549757 -18.0433 -143.099
1.16 1.04 835027 -27.0567 -150.819
1.16 1.06 1.13311e+006 -35.8016 -159.755
1.16 1.08 1.44886e+006 -44.2342 -171.399
1.16 1.1 1.78764e+006 -52.1712 -186.096
1.16 1.12 2.15551e+006 -59.3422 -204.28
1.16 1.14 2.55933e+006 -65.3544 -227.365
1.16 1.16 3.00699e+006 -69.6468 -253.877
1.16 1.18 3.50748e+006 -71.4301 -353.568
1.16 1.2 4.07102e+006 -69.6147 -323.284
1.16 1.22 4.70899e+006 -62.7277 -366.27
1.16 1.24 5.43362e+006 -48.8383 -416.244
1.16 1.26 6.2573e+006 -25.516 -471.77
1.16 1.28 7.19113e+006 10.1097 -529.931
1.16 1.3 8.24249e+006 61.1009 -589.392
1.16 1.32 9.41138e+006 130.14 -643.287
1.16 1.34 1.06855e+007 218.545 -681.265
1.16 1.36 1.20351e+007 324.943 -693.704
1.16 1.38 1.34097e+007 444.059 -671.14
1.16 1.4 1.47396e+007 566.609 -609.06
1.16 1.42 1.59466e+007 681.262 -510.377
1.16 1.44 1.69581e+007 778.037 -383.146
1.16 1.46 1.77174e+007 850.262 -236.847
1.16 1.48 1.81868e+007 894.477 -80.0503
1.16 1.5 1.83454e+007 909.322 80.0508
1.16 1.52 1.81868e+007 894.477 236.99
1.16 1.54 1.77174e+007 850.262 389.008
1.16 1.56 1.69581e+007 778.037 -355.312
1.16 1.58 1.59466e+007 681.262 612.124
1.16 1.6 1.47396e+007 566.609 671.007
1.16 1.62 1.34097e+007 444.059 672.393
1.16 1.64 1.20352e+007 324.943 681.093
1.16 1.66 1.06855e+007 218.545 648.325
1.16 1.68 9.41139e+006 130.14 590.359
1.16 1.7 8.2425e+006 61.1009 531.098
1.16 1.72 7.19115e+006 10.1098 471.808
1.16 1.74 6.25733e+006 -25.5158 417.297
1.16 1.76 5.43365e+006 -48.8379 460.788
1.16 1.78 4.70902e+006 -62.727 323.57
1.16 1.8 4.07106e+006 -69.6136 284.944
1.16 1.82 3.50752e+006 -71.4284 253.108
1.16 1.84 3.00704e+006 -69.6444 226.408
1.16 1.86 2.55939e+006 -65.3509 204.263
1.16 1.88 2.15557e+006 -59.3375 186.093
1.16 1.9 1.78771e+006 -52.1651 171.397
1.16 1.92 1.44893e+006 -44.2267 159.755
1.16 1.94 1.13318e+006 -35.7931 150.829
1.16 1.96 835093 -27.0481 144.347
1.16 1.98 549809 -18.036 138.61
1.16 2 272853 -0.910341 0
1.18 1 291040 -0.710003 -14.7528
1.18 1.02 586095 -13.9992 -152.052
1.18 1.04 889279 -20.8413 -159.662
1.18 1.06 1.2049e+006 -27.2844 -168.283
1.18 1.08 1.53757e+006 -33.2164 -179.426
1.18 1.1 1.89229e+006 -38.4046 -193.352
1.18 1.12 2.27456e+006 -42.5337 -210.831
1.18 1.14 2.69049e+006 -45.178 -274.163
1.18 1.16 3.14681e+006 -45.7666 -255.385
1.18 1.18 3.65096e+006 -43.5443 -282.947
1.18 1.2 4.21096e+006 -37.5286 -315.551
1.18 1.22 4.83524e+006 -26.4733 -352.218
1.18 1.24 5.53218e+006 -8.85104 -392.654
1.18 1.26 6.30928e+006 17.1161 -435.207
1.18 1.28 7.17186e+006 53.342 -428.808
1.18 1.3 8.12118e+006 101.62 -519.901
1.18 1.32 9.15183e+006 163.186 -553.888
1.18 1.34 1.02489e+007 238.095 -573.663
1.18 1.36 1.13853e+007 324.526 -573.24
1.18 1.38 1.2521e+007 418.312 -547.202
1.18 1.4 1.36052e+007 513.123 -493.11
1.18 1.42 1.45823e+007 601.56 -412.506
1.18 1.44 1.53998e+007 676.78 -310.103
1.18 1.46 1.60143e+007 733.612 -192.132
1.18 1.48 1.6395e+007 768.806 -65.0378
1.18 1.5 1.65239e+007 780.702 65.0897
1.18 1.52 1.6395e+007 768.806 199.97
1.18 1.54 1.60143e+007 733.612 1012.77
1.18 1.56 1.53998e+007 676.78 417.111
1.18 1.58 1.45824e+007 601.56 1069.17
1.18 1.6 1.36052e+007 513.123 553.623
1.18 1.62 1.2521e+007 418.312 572.952
1.18 1.64 1.13853e+007 324.526 576.197
1.18 1.66 1.02489e+007 238.095 781.551
1.18 1.68 9.15184e+006 163.186 523.046
1.18 1.7 8.1212e+006 101.62 482.228
1.18 1.72 7.17188e+006 53.3423 435.808
1.18 1.74 6.3093e+006 17.1166 392.67
1.18 1.76 5.53221e+006 -8.85041 353.271
1.18 1.78 4.83527e+006 -26.4724 315.565
1.18 1.8 4.21099e+006 -37.5272 283.102
1.18 1.82 3.651e+006 -43.5425 254.9
1.18 1.84 3.14686e+006 -45.7641 230.75
1.18 1.86 2.69054e+006 -45.1747 210.349
1.18 1.88 2.27462e+006 -42.5295 193.347
1.18 1.9 1.89234e+006 -38.3996 179.425
1.18 1.92 1.53763e+006 -33.2106 168.284
1.18 1.94 1.20496e+006 -27.2782 159.673
1.18 1.96 889328 -20.8353 153.379
1.18 1.98 586132 -13.9944 147.646
1.18 2 291060 -0.709729 0
1.2 1 305240 -0.518772 -15.4532
1.2 1.02 614305 -10.1578 -158.845
1.2 1.04 931092 -14.9628 -166.177
1.2 1.06 1.25965e+006 -19.2779 -174.282
1.2 1.08 1.60423e+006 -22.9425 -184.673
1.2 1.1 1.96938e+006 -25.697 -197.524
1.2 1.12 2.35997e+006 -27.2101 -213.02
1.2 1.14 2.78125e+006 -27.057 -231.253
1.2 1.16 3.23881e+006 -24.6975 -252.186
1.2 1.18 3.73858e+006 -19.4517 -235.107
1.2 1.2 4.28661e+006 -10.4823 -303.905
1.2 1.22 4.88885e+006 3.21453 -334.393
1.2 1.24 5.55058e+006 22.7908 -366.397
1.2 1.26 6.27576e+006 49.4901 -399.153
1.2 1.28 7.06587e+006 84.5217 -431.885
1.2 1.3 7.91855e+006 128.851 -458.225
1.2 1.32 8.8259e+006 182.89 -478.135
1.2 1.34 9.77286e+006 246.122 -486.253
1.2 1.36 1.0736e+007 316.753 -478.392
1.2 1.38 1.16838e+007 391.542 -451.318
1.2 1.4 1.25779e+007 466.01 -403.672
1.2 1.42 1.33778e+007 535.077 -336.435
1.2 1.44 1.40444e+007 593.911 -252.627
1.2 1.46 1.4545e+007 638.6 -156.539
1.2 1.48 1.48552e+007 666.433 -53.0077
1.2 1.5 1.49602e+007 675.875 53.0065
1.2 1.52 1.48552e+007 666.433 156.463
1.2 1.54 1.4545e+007 638.6 246.955
1.2 1.56 1.40444e+007 593.911 336.359
1.2 1.58 1.33778e+007 535.077 398.778
1.2 1.6 1.25779e+007 466.01 451.142
1.2 1.62 1.16838e+007 391.542 470.11
1.2 1.64 1.0736e+007 316.753 486.106
1.2 1.66 9.77287e+006 246.123 475.482
1.2 1.68 8.82591e+006 182.89 459.545
1.2 1.7 7.91856e+006 128.851 553.729
1.2 1.72 7.06589e+006 84.5221 400.508
1.2 1.74 6.27578e+006 49.4907 366.405
1.2 1.76 5.55061e+006 22.7916 334.42
1.2 1.78 4.88887e+006 3.21557 304.371
1.2 1.8 4.28665e+006 -10.4809 277.018
1.2 1.82 3.73861e+006 -19.4499 252.653
1.2 1.84 3.23885e+006 -24.6952 231.354
1.2 1.86 2.78129e+006 -27.0541 213.357
1.2 1.88 2.36001e+006 -27.2066 197.528
1.2 1.9 1.96942e+006 -25.6929 184.673
1.2 1.92 1.60427e+006 -22.938 174.284
1.2 1.94 1.25969e+006 -19.2733 166.188
1.2 1.96 931129 -14.9585 160.234
1.2 1.98 614332 -10.1545 154.627
1.2 2 305254 -0.518588 0
1.22 1 315615 -0.340743 -15.9588
1.22 1.02 634791 -6.5916 -163.613
1.22 1.04 961138 -9.52864 -170.541
1.22 1.06 1.29836e+006 -11.9218 -177.988
1.22 1.08 1.65032e+006 -13.5784 -187.458
1.22 1.1 2.02103e+006 -14.231 -199.052
1.22 1.12 2.41469e+006 -13.5525 -212.576
1.22 1.14 2.83571e+006 -11.1428 -202.908
1.22 1.16 3.28861e+006 -6.51437 -247.053
1.22 1.18 3.77793e+006 0.916923 -267.48
1.22 1.2 4.30807e+006 11.837 -290.515
1.22 1.22 4.88294e+006 27.0224 -314.598
1.22 1.24 5.50554e+006 47.3101 -339.401
1.22 1.26 6.17731e+006 73.5313 -364.579
1.22 1.28 6.89731e+006 106.404 -466.475
1.22 1.3 7.66123e+006 146.372 -404.457
1.22 1.32 8.46035e+006 193.4 -414.193
1.22 1.34 9.28063e+006 246.752 -414.823
1.22 1.36 1.01023e+007 304.822 -402.757
1.22 1.38 1.09001e+007 365.091 -376.007
1.22 1.4 1.1645e+007 424.298 -333.823
1.22 1.42 1.23064e+007 478.825 -276.935
1.22 1.44 1.28551e+007 525.187 -207.432
1.22 1.46 1.32661e+007 560.444 -128.392
1.22 1.48 1.35205e+007 582.452 -43.4597
1.22 1.5 1.36066e+007 589.929 43.4133
1.22 1.52 1.35205e+007 582.452 121.567
1.22 1.54 1.32661e+007 560.444 -404.271
1.22 1.56 1.28551e+007 525.187 274.283
1.22 1.58 1.23064e+007 478.825 -178.641
1.22 1.6 1.1645e+007 424.298 366.109
1.22 1.62 1.09001e+007 365.091 27.876
1.22 1.64 1.01023e+007 304.822 408.015
1.22 1.66 9.28064e+006 246.752 178.687
1.22 1.68 8.46036e+006 193.4 400.907
1.22 1.7 7.66125e+006 146.373 384.102
1.22 1.72 6.89733e+006 106.405 363.684
1.22 1.74 6.17733e+006 73.532 339.412
1.22 1.76 5.50557e+006 47.311 315.986
1.22 1.78 4.88297e+006 27.0235 290.538
1.22 1.8 4.3081e+006 11.8384 267.948
1.22 1.82 3.77796e+006 0.91866 247.354
1.22 1.84 3.28864e+006 -6.51224 229.455
1.22 1.86 2.83575e+006 -11.1402 228.12
1.22 1.88 2.41473e+006 -13.5495 199.224
1.22 1.9 2.02106e+006 -14.2277 187.46
1.22 1.92 1.65036e+006 -13.5749 177.99
1.22 1.94 1.2984e+006 -11.9183 170.552
1.22 1.96 961167 -9.52557 165.045
1.22 1.98 634812 -6.58927 159.66
1.22 2 315626 -0.340616 0
1.24 1 322430 -0.178433 -16.2838
1.24 1.02 648107 -3.34905 -166.524
1.24 1.04 980305 -4.60876 -172.96
1.24 1.06 1.32236e+006 -5.30191 -179.664
1.24 1.08 1.67766e+006 -5.21843 -188.118
1.24 1.1 2.04971e+006 -4.09589 -198.368
1.24 1.12 2.44206e+006 -1.62636 -210.425
1.24 1.14 2.8583e+006 2.55311 -223.989
1.24 1.16 3.30198e+006 8.86549 -239.83
1.24 1.18 3.77647e+006 17.7972 -256.902
1.24 1.2 4.2848e+006 29.8907 -275.163
1.24 1.22 4.82931e+006 45.7285 -294.081
1.24 1.24 5.41134e+006 65.8954 -312.848
1.24 1.26 6.03064e+006 90.9214 -328.299
1.24 1.28 6.68483e+006 121.192 -346.288
1.24 1.3 7.36872e+006 156.834 -356.01
1.24 1.32 8.07364e+006 197.585 -360.231
1.24 1.34 8.78704e+006 242.664 -356.096
1.24 1.36 9.49231e+006 290.692 -341.806
1.24 1.38 1.01694e+007 339.702 -316.129
1.24 1.4 1.07956e+007 387.266 -278.678
1.24 1.42 1.13477e+007 430.74 -230.048
1.24 1.44 1.18034e+007 467.565 -171.775
1.24 1.46 1.21437e+007 495.539 -106.134
1.24 1.48 1.2354e+007 513.002 -35.8983
1.24 1.5 1.24251e+007 518.937 35.8972
1.24 1.52 1.2354e+007 513.002 106.076
1.24 1.54 1.21437e+007 495.539 169.944
1.24 1.56 1.18034e+007 467.565 677.653
1.24 1.58 1.13477e+007 430.74 277.955
1.24 1.6 1.07956e+007 387.266 316.119
1.24 1.62 1.01694e+007 339.702 344.3
1.24 1.64 9.49232e+006 290.692 356.093
1.24 1.66 8.78705e+006 242.664 357.593
1.24 1.68 8.07366e+006 197.585 354.401
1.24 1.7 7.36873e+006 156.835 205.485
1.24 1.72 6.68485e+006 121.192 328.906
1.24 1.74 6.03066e+006 90.922 313.567
1.24 1.76 5.41136e+006 65.8962 356.963
1.24 1.78 4.82934e+006 45.7295 275.864
1.24 1.8 4.28482e+006 29.892 256.91
1.24 1.82 3.7765e+006 17.7988 239.998
1.24 1.84 3.30201e+006 8.86739 239.025
1.24 1.86 2.85833e+006 2.55532 210.764
1.24 1.88 2.44209e+006 -1.62389 198.372
1.24 1.9 2.04974e+006 -4.09323 188.119
1.24 1.92 1.67769e+006 -5.2157 179.665
1.24 1.94 1.32238e+006 -5.2993 172.971
1.24 1.96 980327 -4.60649 167.984
1.24 1.98 648123 -3.34737 162.889
1.24 2 322439 -0.178342 0
1.26 1 325999 -0.0332901 -16.4451
1.26 1.02 654901 -0.457466 -167.768
1.26 1.04 989619 -0.239763 -173.661
1.26 1.06 1.33309e+006 0.541214 -179.579
1.26 1.08 1.68826e+006 2.1027 -186.983
1.26 1.1 2.0581e+006 4.69192 -195.871
1.26 1.12 2.44554e+006 8.59017 -206.202
1.26 1.14 2.85345e+006 14.1157 -217.894
1.26 1.16 3.28453e+006 21.6265 -230.801
1.26 1.18 3.74118e+006 31.5152 -244.675
1.26 1.2 4.22533e+006 44.2005 -259.146
1.26 1.22 4.73818e+006 60.1048 -273.678
1.26 1.24 5.27985e+006 79.6222 -286.468
1.26 1.26 5.84906e+006 103.066 -201.318
1.26 1.28 6.44266e+006 130.607 -308.278
1.26 1.3 7.05517e+006 162.187 -314.779
1.26 1.32 7.67847e+006 197.442 -314.641
1.26 1.34 8.30155e+006 235.626 -307.524
1.26 1.36 8.9106e+006 275.581 -292.241
1.26 1.38 9.48942e+006 315.76 -268.027
1.26 1.4 1.00203e+007 354.324 -234.712
1.26 1.42 1.04853e+007 389.304 -192.806
1.26 1.44 1.08672e+007 418.796 -143.484
1.26 1.46 1.11515e+007 441.144 -88.4738
1.26 1.48 1.13267e+007 455.081 -29.896
1.26 1.5 1.1386e+007 459.815 29.8953
1.26 1.52 1.13267e+007 455.081 88.4723
1.26 1.54 1.11515e+007 441.144 143.387
1.26 1.56 1.08672e+007 418.796 188.941
1.26 1.58 1.04853e+007 389.304 234.644
1.26 1.6 1.00203e+007 354.324 271.397
1.26 1.62 9.48943e+006 315.76 594.49
1.26 1.64 8.91061e+006 275.581 310.894
1.26 1.66 8.30156e+006 235.626 314.645
1.26 1.68 7.67849e+006 197.442 314.764
1.26 1.7 7.05519e+006 162.188 307.81
1.26 1.72 6.44267e+006 130.608 299.828
1.26 1.74 5.84908e+006 103.067 287.553
1.26 1.76 5.27987e+006 79.6231 272.706
1.26 1.78 4.7382e+006 60.1058 259.133
1.26 1.8 4.22536e+006 44.2017 244.674
1.26 1.82 3.74121e+006 31.5166 230.803
1.26 1.84 3.28456e+006 21.6282 218.06
1.26 1.86 2.85348e+006 14.1176 206.206
1.26 1.88 2.44557e+006 8.59223 195.871
1.26 1.9 2.05812e+006 4.69408 186.984
1.26 1.92 1.68829e+006 2.10485 179.581
1.26 1.94 1.33311e+006 0.543227 173.672
1.26 1.96 989637 -0.238049 169.242
1.26 1.98 654913 -0.456217 164.483
1.26 2 326005 -0.0332234 0
1.28 1 326665 0.094106 -16.4606
1.28 1.02 655877 2.07386 -167.543
1.28 1.04 990183 3.56859 -172.871
1.28 1.06 1.33212e+006 5.60408 -178
1.28 1.08 1.68419e+006 8.3958 -184.365
1.28 1.1 2.04888e+006 12.171 -191.928
1.28 1.12 2.42855e+006 17.1791 -200.614
1.28 1.14 2.82543e+006 23.6935 -210.3
1.28 1.16 3.24151e+006 32.0091 -220.801
1.28 1.18 3.67839e+006 42.437 -231.846
1.28 1.2 4.13718e+006 55.2908 -243.062
1.28 1.22 4.6182e+006 70.8687 -253.947
1.28 1.24 5.12082e+006 89.4215 -263.842
1.28 1.26 5.64311e+006 111.116 -270.795
1.28 1.28 6.18156e+006 135.983 -277.38
1.28 1.3 6.73084e+006 163.866 -279.131
1.28 1.32 7.28352e+006 194.369 -276.025
1.28 1.34 7.83011e+006 226.817 -267.116
1.28 1.36 8.3591e+006 260.246 -251.607
1.28 1.38 8.85741e+006 293.433 -229.027
1.28 1.4 9.31103e+006 324.964 -199.336
1.28 1.42 9.70587e+006 353.355 -162.98
1.28 1.44 1.00287e+007 377.171 -120.884
1.28 1.46 1.02682e+007 395.161 -74.3796
1.28 1.48 1.04155e+007 406.36 -25.108
1.28 1.5 1.04652e+007 410.162 25.1073
1.28 1.52 1.04155e+007 406.36 74.3491
1.28 1.54 1.02682e+007 395.161 116.408
1.28 1.56 1.00287e+007 377.171 -238.138
1.28 1.58 9.70588e+006 353.355 194.861
1.28 1.6 9.31104e+006 324.965 228.959
1.28 1.62 8.85742e+006 293.433 248.774
1.28 1.64 8.35911e+006 260.246 267.077
1.28 1.66 7.83012e+006 226.818 276.024
1.28 1.68 7.28354e+006 194.37 279.131
1.28 1.7 6.73085e+006 163.867 277.423
1.28 1.72 6.18158e+006 135.983 271.991
1.28 1.74 5.64313e+006 111.117 263.008
1.28 1.76 5.12084e+006 89.4223 177.87
1.28 1.78 4.61822e+006 70.8697 242.236
1.28 1.8 4.1372e+006 55.292 231.84
1.28 1.82 3.67842e+006 42.4383 220.8
1.28 1.84 3.24153e+006 32.0105 210.303
1.28 1.86 2.82545e+006 23.6951 200.614
1.28 1.88 2.42857e+006 17.1808 191.929
1.28 1.9 2.0489e+006 12.1728 184.365
1.28 1.92 1.68421e+006 8.39752 178.001
1.28 1.94 1.33214e+006 5.60565 172.882
1.28 1.96 990197 3.5699 169.018
1.28 1.98 655887 2.0748 164.622
1.28 2 326670 0.0941561 0
1.3 1 324783 0.20391 -16.3489
1.3 1.02 651761 4.2495 -166.05
1.3 1.04 983118 6.82797 -170.813
1.3 1.06 1.32101e+006 9.91042 -175.177
1.3 1.08 1.66752e+006 13.7057 -180.547
1.3 1.1 2.02468e+006 18.417 -186.863
1.3 1.12 2.39435e+006 24.2619 -194.026
1.3 1.14 2.77822e+006 31.4697 -201.891
1.3 1.16 3.17767e+006 40.2799 -210.255
1.3 1.18 3.59371e+006 50.9323 -218.846
1.3 1.2 4.02678e+006 63.6577 -227.308
1.3 1.22 4.47664e+006 78.657 -235.184
1.3 1.24 4.94213e+006 96.0799 -241.865
1.3 1.26 5.42099e+006 115.992 -242.145
1.3 1.28 5.90965e+006 138.342 -246.257
1.3 1.3 6.40308e+006 162.926 -248.244
1.3 1.32 6.89468e+006 189.352 -243.209
1.3 1.34 7.37626e+006 217.027 -233.309
1.3 1.36 7.83827e+006 245.154 -218.045
1.3 1.38 8.27009e+006 272.759 -197.138
1.3 1.4 8.66053e+006 298.747 -170.623
1.3 1.42 8.99847e+006 321.981 -138.894
1.3 1.44 9.27358e+006 341.372 -102.689
1.3 1.46 9.47698e+006 355.969 -63.0539
1.3 1.48 9.60187e+006 365.038 -21.2628
1.3 1.5 9.64399e+006 368.113 21.2623
1.3 1.52 9.60188e+006 365.038 63.0529
1.3 1.54 9.47698e+006 355.969 102.629
1.3 1.56 9.27358e+006 341.372 134.42
1.3 1.58 8.99847e+006 321.981 170.618
1.3 1.6 8.66054e+006 298.747 194.004
1.3 1.62 8.2701e+006 272.759 -62.9123
1.3 1.64 7.83828e+006 245.155 230.174
1.3 1.66 7.37627e+006 217.028 243.188
1.3 1.68 6.89469e+006 189.352 248.283
1.3 1.7 6.4031e+006 162.926 249.234
1.3 1.72 5.90966e+006 138.343 246.848
1.3 1.74 5.421e+006 115.993 241.906
1.3 1.76 4.94214e+006 96.0807 234.359
1.3 1.78 4.47666e+006 78.6579 229.07
1.3 1.8 4.0268e+006 63.6587 218.87
1.3 1.82 3.59373e+006 50.9335 210.256
1.3 1.84 3.17769e+006 40.2811 202.027
1.3 1.86 2.77824e+006 31.4711 194.028
1.3 1.88 2.39437e+006 24.2633 186.864
1.3 1.9 2.02469e+006 18.4185 180.547
1.3 1.92 1.66754e+006 13.7071 175.178
1.3 1.94 1.32102e+006 9.91166 170.823
1.3 1.96 983130 6.82899 167.515
1.3 1.98 651769 4.25022 163.49
1.3 2 324787 0.203948 0
1.32 1 320704 0.296791 -16.1281
1.32 1.02 643267 6.08481 -163.481
1.32 1.04 969523 9.56515 -167.696
1.32 1.06 1.30126e+006 13.5041 -171.338
1.32 1.08 1.64021e+006 18.0992 -175.782
1.32 1.1 1.98796e+006 23.5299 -180.952
1.32 1.12 2.34595e+006 29.9813 -186.737
1.32 1.14 2.71541e+006 37.6441 -192.981
1.32 1.16 3.09725e+006 46.7078 -199.482
1.32 1.18 3.49199e+006 57.3554 -205.977
1.32 1.2 3.8996e+006 69.75 -212.138
1.32 1.22 4.31945e+006 84.0223 -217.564
1.32 1.24 4.75006e+006 100.248 -221.803
1.32 1.26 5.18906e+006 118.43 -225.218
1.32 1.28 5.63297e+006 138.469 -91.9394
1.32 1.3 6.07717e+006 160.142 -220.081
1.32 1.32 6.51583e+006 183.086 -215.211
1.32 1.34 6.94198e+006 206.786 -204.863
1.32 1.36 7.34765e+006 230.584 -190.128
1.32 1.38 7.72416e+006 253.703 -170.856
1.32 1.4 8.06252e+006 275.284 -147.127
1.32 1.42 8.3539e+006 294.45 -119.284
1.32 1.44 8.59015e+006 310.366 -87.9272
1.32 1.46 8.7643e+006 322.306 -53.8827
1.32 1.48 8.87102e+006 329.707 -18.1527
1.32 1.5 8.90698e+006 332.215 18.1522
1.32 1.52 8.87102e+006 329.707 53.8821
1.32 1.54 8.7643e+006 322.307 87.9267
1.32 1.56 8.59015e+006 310.366 119.329
1.32 1.58 8.35391e+006 294.45 152.839
1.32 1.6 8.06252e+006 275.284 170.889
1.32 1.62 7.72416e+006 253.703 186.994
1.32 1.64 7.34765e+006 230.585 204.821
1.32 1.66 6.94199e+006 206.786 215.22
1.32 1.68 6.51584e+006 183.086 221.557
1.32 1.7 6.07718e+006 160.142 224.373
1.32 1.72 5.63298e+006 138.469 224.245
1.32 1.74 5.18907e+006 118.431 221.786
1.32 1.76 4.75008e+006 100.249 218.483
1.32 1.78 4.31946e+006 84.0232 292.473
1.32 1.8 3.89962e+006 69.751 206.873
1.32 1.82 3.492e+006 57.3564 199.556
1.32 1.84 3.09727e+006 46.7089 199.148
1.32 1.86 2.71543e+006 37.6453 186.806
1.32 1.88 2.34597e+006 29.9825 180.953
1.32 1.9 1.98797e+006 23.5311 175.783
1.32 1.92 1.64022e+006 18.1003 171.339
1.32 1.94 1.30128e+006 13.5051 167.705
1.32 1.96 969532 9.56596 164.925
1.32 1.98 643273 6.08538 161.27
1.32 2 320708 0.296821 0
1.34 1 314769 0.373825 -15.8155
1.34 1.02 631078 7.60225 -160.016
1.34 1.04 950442 11.8178 -163.713
1.34 1.06 1.27432e+006 16.4412 -166.691
1.34 1.08 1.60409e+006 21.6575 -170.29
1.34 1.1 1.94099e+006 27.6215 -174.428
1.34 1.12 2.28609e+006 34.4899 -178.987
1.34 1.14 2.64023e+006 42.4171 -183.814
1.34 1.16 3.00395e+006 51.5524 -188.713
1.34 1.18 3.37738e+006 62.0307 -193.442
1.34 1.2 3.7602e+006 73.9654 -197.705
1.34 1.22 4.15148e+006 87.4331 -201.163
1.34 1.24 4.54961e+006 102.462 -204.656
1.34 1.26 4.95221e+006 119.012 -317.309
1.34 1.28 5.356e+006 136.961 -205.136
1.34 1.3 5.7568e+006 156.087 -198.382
1.34 1.32 6.14951e+006 176.063 -191.252
1.34 1.34 6.52818e+006 196.446 -180.795
1.34 1.36 6.88617e+006 216.695 -166.748
1.34 1.38 7.21637e+006 236.183 -149.03
1.34 1.4 7.51149e+006 254.236 -127.743
1.34 1.42 7.76447e+006 270.169 -103.187
1.34 1.44 7.96882e+006 283.337 -75.8518
1.34 1.46 8.11904e+006 293.182 -46.3979
1.34 1.48 8.21094e+006 299.271 -15.6166
1.34 1.5 8.24186e+006 301.332 15.6161
1.34 1.52 8.21094e+006 299.271 46.3975
1.34 1.54 8.11905e+006 293.182 75.8705
1.34 1.56 7.96882e+006 283.338 106.072
1.34 1.58 7.76447e+006 270.169 386.403
1.34 1.6 7.51149e+006 254.236 151.915
1.34 1.62 7.21637e+006 236.183 166.746
1.34 1.64 6.88618e+006 216.695 180.795
1.34 1.66 6.52819e+006 196.446 191.251
1.34 1.68 6.14952e+006 176.063 198.354
1.34 1.7 5.75681e+006 156.088 202.454
1.34 1.72 5.35601e+006 136.961 203.98
1.34 1.74 4.95222e+006 119.012 203.421
1.34 1.76 4.54963e+006 102.463 203.321
1.34 1.78 4.15149e+006 87.4339 196.782
1.34 1.8 3.76021e+006 73.9662 193.429
1.34 1.82 3.37739e+006 62.0316 188.714
1.34 1.84 3.00396e+006 51.5533 183.883
1.34 1.86 2.64025e+006 42.4181 178.988
1.34 1.88 2.2861e+006 34.4909 174.428
1.34 1.9 1.941e+006 27.6225 170.29
1.34 1.92 1.6041e+006 21.6584 166.692
1.34 1.94 1.27433e+006 16.442 163.722
1.34 1.96 950450 11.8184 161.432
1.34 1.98 631083 7.6027 158.132
1.34 2 314771 0.373849 0
1.36 1 307292 0.436308 -15.4271
1.36 1.02 615834 8.82914 -155.822
1.36 1.04 926846 13.6293 -159.037
1.36 1.06 1.24149e+006 18.7854 -161.416
1.36 1.08 1.56083e+006 24.4678 -164.258
1.36 1.1 1.88581e+006 30.8093 -167.482
1.36 1.12 2.21719e+006 37.9392 -170.97
1.36 1.14 2.55548e+006 45.9825 -174.576
1.36 1.16 2.90092e+006 55.0533 -178.116
1.36 1.18 3.25339e+006 65.2504 -181.372
1.36 1.2 3.61233e+006 76.647 -184.084
1.36 1.22 3.97665e+006 89.2836 -185.955
1.36 1.24 4.34471e+006 103.154 -186.682
1.36 1.26 4.71417e+006 118.195 -188.554
1.36 1.28 5.08202e+006 134.275 -314.194
1.36 1.3 5.44452e+006 151.185 -179.615
1.36 1.32 5.79722e+006 168.632 -170.648
1.36 1.34 6.13507e+006 186.241 -160.317
1.36 1.36 6.45249e+006 203.565 -147.039
1.36 1.38 6.74365e+006 220.1 -130.773
1.36 1.4 7.0026e+006 235.307 -111.63
1.36 1.42 7.22366e+006 248.652 -89.8695
1.36 1.44 7.40162e+006 259.632 -65.8958
1.36 1.46 7.53212e+006 267.814 -40.2397
1.36 1.48 7.61181e+006 272.863 -13.5328
1.36 1.5 7.63861e+006 274.57 13.5323
1.36 1.52 7.61181e+006 272.863 40.2392
1.36 1.54 7.53212e+006 267.814 65.8952
1.36 1.56 7.40163e+006 259.632 89.8374
1.36 1.58 7.22366e+006 248.652 109.257
1.36 1.6 7.0026e+006 235.307 130.741
1.36 1.62 6.74365e+006 220.1 147.038
1.36 1.64 6.4525e+006 203.566 160.317
1.36 1.66 6.13507e+006 186.242 170.637
1.36 1.68 5.79723e+006 168.632 178.153
1.36 1.7 5.44453e+006 151.185 183.111
1.36 1.72 5.08203e+006 134.275 185.835
1.36 1.74 4.71418e+006 118.195 187.749
1.36 1.76 4.34472e+006 103.154 283.698
1.36 1.78 3.97667e+006 89.2842 101.552
1.36 1.8 3.61234e+006 76.6477 180.446
1.36 1.82 3.2534e+006 65.2512 178.11
1.36 1.84 2.90093e+006 55.0541 174.576
1.36 1.86 2.55549e+006 45.9834 170.97
1.36 1.88 2.2172e+006 37.94 167.482
1.36 1.9 1.88583e+006 30.8101 164.259
1.36 1.92 1.56084e+006 24.4686 161.417
1.36 1.94 1.2415e+006 18.7861 159.046
1.36 1.96 926853 13.6299 157.203
1.36 1.98 615839 8.82951 154.24
1.36 2 307294 0.436327 0
1.38 1 298566 0.485697 -14.9777
1.38 1.02 598119 9.79496 -151.047
1.38 1.04 899619 15.0468 -153.823
1.38 1.06 1.20396e+006 20.6028 -155.669
1.38 1.08 1.51195e+006 26.6195 -157.845
1.38 1.1 1.82425e+006 33.2081 -160.271
1.38 1.12 2.14136e+006 40.4755 -162.836
1.38 1.14 2.46357e+006 48.52 -165.402
1.38 1.16 2.79087e+006 57.4286 -167.804
1.38 1.18 3.12294e+006 67.2698 -169.846
1.38 1.2 3.45906e+006 78.0894 -171.305
1.38 1.22 3.7981e+006 89.8998 -171.928
1.38 1.24 4.13839e+006 102.675 -171.444
1.38 1.26 4.47774e+006 116.338 -169.594
1.38 1.28 4.8134e+006 130.759 -167.472
1.38 1.3 5.14203e+006 145.744 -160.528
1.38 1.32 5.45979e+006 161.038 -152.829
1.38 1.34 5.76237e+006 176.322 -142.797
1.38 1.36 6.04509e+006 191.226 -130.318
1.38 1.38 6.30312e+006 205.342 -115.393
1.38 1.4 6.53161e+006 218.242 -98.1341
1.38 1.42 6.72593e+006 229.5 -78.7656
1.38 1.44 6.8819e+006 238.725 -57.6213
1.38 1.46 6.996e+006 245.577 -35.1332
1.38 1.48 7.06558e+006 249.798 -11.806
1.38 1.5 7.08896e+006 251.223 11.8055
1.38 1.52 7.06558e+006 249.798 35.1327
1.38 1.54 6.99601e+006 245.577 57.6032
1.38 1.56 6.8819e+006 238.725 76.1093
1.38 1.58 6.72593e+006 229.5 -139.964
1.38 1.6 6.53161e+006 218.242 112.737
1.38 1.62 6.30313e+006 205.342 130.3
1.38 1.64 6.0451e+006 191.227 142.797
1.38 1.66 5.76237e+006 176.322 152.828
1.38 1.68 5.4598e+006 161.038 160.508
1.38 1.7 5.14204e+006 145.745 166.01
1.38 1.72 4.8134e+006 130.76 169.566
1.38 1.74 4.47775e+006 116.339 171.429
1.38 1.76 4.1384e+006 102.675 170.846
1.38 1.78 3.79811e+006 89.9004 170.357
1.38 1.8 3.45908e+006 78.09 169.834
1.38 1.82 3.12295e+006 67.2705 167.804
1.38 1.84 2.79088e+006 57.4293 165.402
1.38 1.86 2.46358e+006 48.5207 162.836
1.38 1.88 2.14137e+006 40.4762 160.271
1.38 1.9 1.82426e+006 33.2088 157.845
1.38 1.92 1.51196e+006 26.6201 155.67
1.38 1.94 1.20397e+006 20.6033 153.832
1.38 1.96 899624 15.0472 152.387
1.38 1.98 598123 9.79526 149.738
1.38 2 298568 0.485712 0
1.4 1 288852 0.523467 -14.4804
1.4 1.02 578459 10.5302 -145.824
1.4 1.04 869548 16.1173 -148.205
1.4 1.06 1.16278e+006 21.9594 -149.584
1.4 1.08 1.45874e+006 28.1988 -151.182
1.4 1.1 1.75787e+006 34.9285 -152.921
1.4 1.12 2.06045e+006 42.2344 -154.7
1.4 1.14 2.36657e+006 50.1939 -156.393
1.4 1.16 2.67604e+006 58.8705 -157.851
1.4 1.18 2.98842e+006 68.3116 -158.904
1.4 1.2 3.3029e+006 78.5402 -159.36
1.4 1.22 3.61829e+006 89.5521 -159.008
1.4 1.24 3.93301e+006 101.307 -157.625
1.4 1.26 4.24501e+006 113.725 -154.982
1.4 1.28 4.55179e+006 126.679 -150.865
1.4 1.3 4.85042e+006 139.997 -145.042
1.4 1.32 5.13755e+006 153.453 -137.372
1.4 1.34 5.40951e+006 166.782 -127.724
1.4 1.36 5.66238e+006 179.675 -116.042
1.4 1.38 5.89214e+006 191.802 -102.348
1.4 1.4 6.09479e+006 202.816 -86.7482
1.4 1.42 6.26655e+006 212.383 -69.4364
1.4 1.44 6.40404e+006 220.19 -50.6917
1.4 1.46 6.50442e+006 225.972 -30.8646
1.4 1.48 6.56554e+006 229.527 -10.3647
1.4 1.5 6.58606e+006 230.727 10.3643
1.4 1.52 6.56554e+006 229.527 30.8642
1.4 1.54 6.50442e+006 225.973 50.6911
1.4 1.56 6.40405e+006 220.19 69.4006
1.4 1.58 6.26656e+006 212.383 84.092
1.4 1.6 6.09479e+006 202.816 102.312
1.4 1.62 5.89214e+006 191.802 116.042
1.4 1.64 5.66239e+006 179.676 127.723
1.4 1.66 5.40952e+006 166.782 137.372
1.4 1.68 5.13756e+006 153.454 145.042
1.4 1.7 4.85042e+006 139.997 150.855
1.4 1.72 4.5518e+006 126.68 154.974
1.4 1.74 4.24502e+006 113.725 156.529
1.4 1.76 3.93302e+006 101.307 60.7598
1.4 1.78 3.6183e+006 89.5527 158.258
1.4 1.8 3.30291e+006 78.5408 158.897
1.4 1.82 2.98843e+006 68.3122 157.87
1.4 1.84 2.67605e+006 58.8712 156.393
1.4 1.86 2.36657e+006 50.1945 154.721
1.4 1.88 2.06046e+006 42.235 152.922
1.4 1.9 1.75788e+006 34.9291 151.182
1.4 1.92 1.45875e+006 28.1993 149.585
1.4 1.94 1.16279e+006 21.9599 148.213
1.4 1.96 869553 16.1176 147.12
1.4 1.98 578463 10.5304 144.76
1.4 2 288854 0.523479 0
1.42 1 278383 0.551105 -13.9468
1.42 1.02 557318 11.0644 -140.268
1.42 1.04 837330 16.8868 -142.297
1.42 1.06 1.11889e+006 22.9183 -143.274
1.42 1.08 1.40237e+006 29.2882 -144.376
1.42 1.1 1.68804e+006 36.0724 -145.533
1.42 1.12 1.97601e+006 43.3401 -146.651
1.42 1.14 2.2662e+006 51.15 -147.618
1.42 1.16 2.55832e+006 59.5487 -148.303
1.42 1.18 2.8518e+006 68.5652 -148.56
1.42 1.2 3.14581e+006 78.2085 -148.224
1.42 1.22 3.43917e+006 88.4609 -147.121
1.42 1.24 3.73035e+006 99.2766 -145.067
1.42 1.26 4.01749e+006 110.574 -141.881
1.42 1.28 4.29833e+006 122.237 -137.387
1.42 1.3 4.57029e+006 134.109 -131.433
1.42 1.32 4.83048e+006 145.998 -123.892
1.42 1.34 5.07575e+006 157.677 -114.684
1.42 1.36 5.3028e+006 168.892 -103.778
1.42 1.38 5.50826e+006 179.372 -91.2086
1.42 1.4 5.68885e+006 188.84 -77.0733
1.42 1.42 5.84145e+006 197.024 -61.5412
1.42 1.44 5.9633e+006 203.68 -44.8435
1.42 1.46 6.05209e+006 208.595 -27.2699
1.42 1.48 6.10609e+006 211.612 -9.15143
1.42 1.5 6.12421e+006 212.629 9.15106
1.42 1.52 6.10609e+006 211.612 27.2696
1.42 1.54 6.05209e+006 208.595 44.8431
1.42 1.56 5.9633e+006 203.68 61.5406
1.42 1.58 5.84145e+006 197.024 77.0552
1.42 1.6 5.68885e+006 188.84 91.2081
1.42 1.62 5.50827e+006 179.373 103.778
1.42 1.64 5.3028e+006 168.893 114.684
1.42 1.66 5.07575e+006 157.677 123.892
1.42 1.68 4.83049e+006 145.998 131.433
1.42 1.7 4.5703e+006 134.109 137.387
1.42 1.72 4.29834e+006 122.237 141.88
1.42 1.74 4.0175e+006 110.574 145.052
1.42 1.76 3.73036e+006 99.277 146.051
1.42 1.78 3.43917e+006 88.4614 148.21
1.42 1.8 3.14582e+006 78.209 148.579
1.42 1.82 2.85181e+006 68.5657 149.744
1.42 1.84 2.55832e+006 59.5493 147.647
1.42 1.86 2.26621e+006 51.1505 147.572
1.42 1.88 1.97602e+006 43.3406 145.543
1.42 1.9 1.68805e+006 36.0729 144.376
1.42 1.92 1.40238e+006 29.2886 143.275
1.42 1.94 1.11889e+006 22.9187 142.305
1.42 1.96 837334 16.8871 141.516
1.42 1.98 557321 11.0646 139.419
1.42 2 278384 0.551115 0
1.44 1 267361 0.570004 -13.3869
1.44 1.02 535099 11.426 -134.48
1.44 1.04 803567 17.3987 -136.198
1.44 1.06 1.07306e+006 23.5388 -136.832
1.44 1.08 1.34381e+006 29.963 -137.515
1.44 1.1 1.61591e+006 36.7331 -138.183
1.44 1.12 1.88934e+006 43.9031 -138.752
1.44 1.14 2.16391e+006 51.5178 -139.124
1.44 1.16 2.43922e+006 59.6086 -139.185
1.44 1.18 2.71466e+006 68.1926 -138.807
1.44 1.2 2.98937e+006 77.2668 -137.855
1.44 1.22 3.26221e+006 86.8073 -136.182
1.44 1.24 3.53174e+006 96.7636 -133.641
1.44 1.26 3.79626e+006 107.059 -130.086
1.44 1.28 4.05376e+006 117.584 -125.381
1.44 1.3 4.30195e+006 128.204 -119.409
1.44 1.32 4.53832e+006 138.751 -112.081
1.44 1.34 4.76021e+006 149.035 -103.341
1.44 1.36 4.96479e+006 158.844 -93.1798
1.44 1.38 5.14927e+006 167.956 -81.6339
1.44 1.4 5.31089e+006 176.146 -68.7963
1.44 1.42 5.4471e+006 183.196 -54.8104
1.44 1.44 5.55562e+006 188.908 -39.8723
1.44 1.46 5.63456e+006 193.118 -24.219
1.44 1.48 5.68251e+006 195.696 -8.12334
1.44 1.5 5.6986e+006 196.565 8.123
1.44 1.52 5.68251e+006 195.696 24.2187
1.44 1.54 5.63456e+006 193.118 39.872
1.44 1.56 5.55562e+006 188.909 54.8101
1.44 1.58 5.4471e+006 183.196 68.7959
1.44 1.6 5.31089e+006 176.146 81.6336
1.44 1.62 5.14927e+006 167.957 93.1795
1.44 1.64 4.9648e+006 158.844 103.341
1.44 1.66 4.76021e+006 149.036 112.081
1.44 1.68 4.53833e+006 138.752 119.409
1.44 1.7 4.30195e+006 128.205 125.381
1.44 1.72 4.05376e+006 117.585 130.086
1.44 1.74 3.79627e+006 107.059 133.668
1.44 1.76 3.53175e+006 96.764 138.16
1.44 1.78 3.26222e+006 86.8078 137.886
1.44 1.8 2.98938e+006 77.2672 139.535
1.44 1.82 2.71467e+006 68.1931 204.423
1.44 1.84 2.43923e+006 59.6091 139.852
1.44 1.86 2.16391e+006 51.5183 138.768
1.44 1.88 1.88935e+006 43.9036 138.183
1.44 1.9 1.61592e+006 36.7335 137.515
1.44 1.92 1.34381e+006 29.9633 136.833
1.44 1.94 1.07307e+006 23.5392 136.205
1.44 1.96 803571 17.3989 135.678
1.44 1.98 535102 11.4262 133.817
1.44 2 267362 0.570013 0
1.46 1 255960 0.581496 -12.8095
1.46 1.02 512151 11.6413 -128.543
1.46 1.04 768776 17.6931 -129.989
1.46 1.06 1.02599e+006 23.8748 -130.335
1.46 1.08 1.28389e+006 30.292 -130.668
1.46 1.1 1.54245e+006 36.9937 -130.931
1.46 1.12 1.80154e+006 44.022 -131.051
1.46 1.14 2.06087e+006 51.409 -130.941
1.46 1.16 2.31999e+006 59.176 -130.503
1.46 1.18 2.57826e+006 67.3292 -129.63
1.46 1.2 2.83481e+006 75.8595 -128.207
1.46 1.22 3.08855e+006 84.7372 -126.113
1.46 1.24 3.33815e+006 93.9127 -123.23
1.46 1.26 3.58206e+006 103.312 -119.441
1.46 1.28 3.81848e+006 112.839 -114.641
1.46 1.3 4.04541e+006 122.372 -108.743
1.46 1.32 4.26067e+006 131.769 -101.681
1.46 1.34 4.46195e+006 140.868 -93.4213
1.46 1.36 4.6469e+006 149.494 -83.9644
1.46 1.38 4.81312e+006 157.463 -73.3521
1.46 1.4 4.95834e+006 164.591 -61.6663
1.46 1.42 5.08043e+006 170.704 -49.0331
1.46 1.44 5.17751e+006 175.642 -35.6152
1.46 1.46 5.24802e+006 179.271 -21.6116
1.46 1.48 5.29081e+006 181.491 -7.2447
1.46 1.5 5.30515e+006 182.238 7.24438
1.46 1.52 5.29081e+006 181.491 21.6113
1.46 1.54 5.24802e+006 179.271 35.6149
1.46 1.56 5.17751e+006 175.642 49.0327
1.46 1.58 5.08043e+006 170.704 61.666
1.46 1.6 4.95835e+006 164.591 73.3518
1.46 1.62 4.81313e+006 157.463 83.9641
1.46 1.64 4.6469e+006 149.494 93.4211
1.46 1.66 4.46196e+006 140.868 101.681
1.46 1.68 4.26067e+006 131.769 108.743
1.46 1.7 4.04541e+006 122.372 114.641
1.46 1.72 3.81849e+006 112.839 119.447
1.46 1.74 3.58207e+006 103.312 124.232
1.46 1.76 3.33816e+006 93.9131 215.978
1.46 1.78 3.08855e+006 84.7375 129.209
1.46 1.8 2.83481e+006 75.8599 129.628
1.46 1.82 2.57827e+006 67.3296 129.808
1.46 1.84 2.32e+006 59.1764 130.932
1.46 1.86 2.06088e+006 51.4093 131.051
1.46 1.88 1.80154e+006 44.0223 130.932
1.46 1.9 1.54245e+006 36.994 130.668
1.46 1.92 1.28389e+006 30.2923 130.336
1.46 1.94 1.026e+006 23.8751 129.996
1.46 1.96 768779 17.6933 129.689
1.46 1.98 512153 11.6414 128.04
1.46 2 255961 0.581504 0
1.48 1 244331 0.586769 -12.2218
1.48 1.02 488767 11.7344 -122.527
1.48 1.04 733392 17.8063 -123.738
1.48 1.06 978247 23.9753 -123.845
1.48 1.08 1.22331e+006 30.3362 -123.89
1.48 1.1 1.46846e+006 36.9279 -123.823
1.48 1.12 1.71349e+006 43.7817 -123.581
1.48 1.14 1.95804e+006 50.9206 -123.086
1.48 1.16 2.20162e+006 58.3565 -122.258
1.48 1.18 2.44357e+006 66.0895 -121.004
1.48 1.2 2.68305e+006 74.1041 -119.229
1.48 1.22 2.91902e+006 82.3699 -116.834
1.48 1.24 3.15026e+006 90.8371 -113.724
1.48 1.26 3.37535e+006 99.4386 -109.806
1.48 1.28 3.5927e+006 108.086 -105
1.48 1.3 3.80054e+006 116.676 -99.2393
1.48 1.32 3.99698e+006 125.084 -92.4789
1.48 1.34 4.18005e+006 133.174 -84.6976
1.48 1.36 4.34772e+006 140.8 -75.9055
1.48 1.38 4.49798e+006 147.81 -66.1426
1.48 1.4 4.62893e+006 154.053 -55.4849
1.48 1.42 4.73877e+006 159.387 -44.0391
1.48 1.44 4.82596e+006 163.682 -31.945
1.48 1.46 4.8892e+006 166.834 -19.3664
1.48 1.48 4.92755e+006 168.758 -6.48944
1.48 1.5 4.94039e+006 169.405 6.48916
1.48 1.52 4.92755e+006 168.758 19.3661
1.48 1.54 4.88921e+006 166.834 31.9447
1.48 1.56 4.82596e+006 163.682 44.0388
1.48 1.58 4.73878e+006 159.387 55.4846
1.48 1.6 4.62893e+006 154.053 66.1424
1.48 1.62 4.49799e+006 147.81 75.9053
1.48 1.64 4.34772e+006 140.8 84.6974
1.48 1.66 4.18005e+006 133.175 92.4787
1.48 1.68 3.99699e+006 125.084 99.2391
1.48 1.7 3.80055e+006 116.676 105
1.48 1.72 3.59271e+006 108.087 109.806
1.48 1.74 3.37536e+006 99.4389 113.712
1.48 1.76 3.15027e+006 90.8374 115.916
1.48 1.78 2.91903e+006 82.3703 119.212
1.48 1.8 2.68306e+006 74.1045 120.285
1.48 1.82 2.44358e+006 66.0898 57.8276
1.48 1.84 2.20163e+006 58.3568 122.368
1.48 1.86 1.95805e+006 50.9209 123.576
1.48 1.88 1.71349e+006 43.782 123.824
1.48 1.9 1.46847e+006 36.9282 123.891
1.48 1.92 1.22331e+006 30.3365 123.846
1.48 1.94 978250 23.9755 123.744
1.48 1.96 733394 17.8065 123.621
1.48 1.98 488768 11.7346 122.162
1.48 2 244331 0.586775 0
1.5 1 232595 0.586922 -11.6299
1.5 1.02 465193 11.7268 -116.493
1.5 1.04 697778 17.771 -117.499
1.5 1.06 930294 23.8834 -117.412
1.5 1.08 1.16263e+006 30.1499 -117.224
1.5 1.1 1.3946e+006 36.5998 -116.892
1.5 1.12 1.62591e+006 43.2566 -116.361
1.5 1.14 1.85618e+006 50.1348 -115.566
1.5 1.16 2.08489e+006 57.2404 -114.437
1.5 1.18 2.31136e+006 64.5674 -112.898
1.5 1.2 2.5348e+006 72.0983 -110.869
1.5 1.22 2.75423e+006 79.8005 -108.271
1.5 1.24 2.96852e+006 87.6281 -105.025
1.5 1.26 3.17639e+006 95.5179 -101.06
1.5 1.28 3.37642e+006 103.393 -96.3133
1.5 1.3 3.56707e+006 111.161 -90.7363
1.5 1.32 3.74668e+006 118.717 -84.2968
1.5 1.34 3.91354e+006 125.945 -76.9859
1.5 1.36 4.06594e+006 132.722 -68.8162
1.5 1.38 4.20217e+006 138.923 -59.8291
1.5 1.4 4.32061e+006 144.424 -50.0904
1.5 1.42 4.41977e+006 149.107 -39.6946
1.5 1.44 4.49836e+006 152.869 -28.7582
1.5 1.46 4.55529e+006 155.622 -17.4206
1.5 1.48 4.58978e+006 157.302 -5.83463
1.5 1.5 4.60133e+006 157.866 5.83437
1.5 1.52 4.58978e+006 157.302 17.4203
1.5 1.54 4.55529e+006 155.622 28.7579
1.5 1.56 4.49836e+006 152.869 39.6944
1.5 1.58 4.41977e+006 149.107 50.0902
1.5 1.6 4.32061e+006 144.424 59.8289
1.5 1.62 4.20217e+006 138.923 68.816
1.5 1.64 4.06594e+006 132.723 76.9857
1.5 1.66 3.91355e+006 125.945 84.2966
1.5 1.68 3.74668e+006 118.717 90.7361
1.5 1.7 3.56707e+006 111.161 96.3131
1.5 1.72 3.37643e+006 103.394 101.054
1.5 1.74 3.1764e+006 95.5182 104.055
1.5 1.76 2.96852e+006 87.6284 21.3294
1.5 1.78 2.75423e+006 79.8008 109.92
1.5 1.8 2.5348e+006 72.0986 112.882
1.5 1.82 2.31137e+006 64.5677 113.719
1.5 1.84 2.08489e+006 57.2407 115.557
1.5 1.86 1.85619e+006 50.1351 116.361
1.5 1.88 1.62592e+006 43.2569 116.892
1.5 1.9 1.3946e+006 36.6001 117.224
1.5 1.92 1.16263e+006 30.1501 117.413
1.5 1.94 930297 23.8836 117.506
1.5 1.96 697780 17.7711 117.533
1.5 1.98 465195 11.7269 116.242
1.5 2 232596 0.586927 0
1.52 1 220857 0.582903 -11.0388
1.52 1.02 441633 11.6377 -110.486
1.52 1.04 662232 17.6157 -111.318
1.52 1.06 882522 23.6373 -111.075
1.52 1.08 1.10232e+006 29.7797 -110.701
1.52 1.1 1.32139e+006 36.0653 -110.16
1.52 1.12 1.53938e+006 42.5097 -109.405
1.52 1.14 1.75589e+006 49.1221 -108.38
1.52 1.16 1.97038e+006 55.9024 -107.027
1.52 1.18 2.18219e+006 62.8421 -105.282
1.52 1.2 2.39055e+006 69.9204 -103.08
1.52 1.22 2.59456e+006 77.1066 -100.355
1.52 1.24 2.79319e+006 84.3559 -97.0459
1.52 1.26 2.98527e+006 91.6125 -93.0957
1.52 1.28 3.16954e+006 98.8067 -88.4575
1.52 1.3 3.34463e+006 105.859 -83.0946
1.52 1.32 3.50911e+006 112.678 -76.9873
1.52 1.34 3.6615e+006 119.167 -70.1317
1.52 1.36 3.80033e+006 125.221 -62.5456
1.52 1.38 3.92414e+006 130.737 -54.2661
1.52 1.4 4.03157e+006 135.611 -45.3542
1.52 1.42 4.12135e+006 139.749 -35.8896
1.52 1.44 4.1924e+006 143.064 -25.9738
1.52 1.46 4.24382e+006 145.486 -15.7219
1.52 1.48 4.27495e+006 146.961 -5.26415
1.52 1.5 4.28537e+006 147.457 5.26391
1.52 1.52 4.27495e+006 146.961 15.7216
1.52 1.54 4.24382e+006 145.486 25.9735
1.52 1.56 4.1924e+006 143.064 35.8894
1.52 1.58 4.12135e+006 139.749 45.354
1.52 1.6 4.03157e+006 135.611 54.2659
1.52 1.62 3.92415e+006 130.737 62.5454
1.52 1.64 3.80033e+006 125.221 70.1315
1.52 1.66 3.66151e+006 119.167 76.9872
1.52 1.68 3.50911e+006 112.678 83.0944
1.52 1.7 3.34463e+006 105.859 88.4573
1.52 1.72 3.16954e+006 98.8069 93.0955
1.52 1.74 2.98527e+006 91.6127 97.0333
1.52 1.76 2.79319e+006 84.3561 99.4277
1.52 1.78 2.59457e+006 77.1069 104.639
1.52 1.8 2.39056e+006 69.9207 105.303
1.52 1.82 2.18219e+006 62.8423 107.023
1.52 1.84 1.97038e+006 55.9027 108.38
1.52 1.86 1.7559e+006 49.1223 109.405
1.52 1.88 1.53939e+006 42.5099 110.16
1.52 1.9 1.32139e+006 36.0655 110.701
1.52 1.92 1.10233e+006 29.7799 111.075
1.52 1.94 882525 23.6375 111.324
1.52 1.96 662234 17.6158 111.473
1.52 1.98 441634 11.6378 110.33
1.52 2 220857 0.582907 0
1.54 1 209199 0.575574 -10.4526
1.54 1.02 418251 11.4838 -104.545
1.54 1.04 626994 17.3656 -105.229
1.54 1.06 835239 23.2698 -104.863
1.54 1.08 1.04275e+006 29.2667 -104.344
1.54 1.1 1.24924e+006 35.3716 -103.643
1.54 1.12 1.45434e+006 41.5952 -102.717
1.54 1.14 1.65762e+006 47.9408 -101.523
1.54 1.16 1.85854e+006 54.4057 -100.009
1.54 1.18 2.05646e+006 60.9773 -98.1234
1.54 1.2 2.25066e+006 67.6355 -95.8121
1.54 1.22 2.44029e+006 74.3489 -93.0234
1.54 1.24 2.6244e+006 81.0772 -89.7071
1.54 1.26 2.80196e+006 87.7686 -85.82
1.54 1.28 2.97182e+006 94.3629 -81.3253
1.54 1.3 3.1328e+006 100.789 -76.1983
1.54 1.32 3.28363e+006 106.97 -70.4252
1.54 1.34 3.42303e+006 112.822 -64.009
1.54 1.36 3.54973e+006 118.258 -56.9672
1.54 1.38 3.6625e+006 123.191 -49.3366
1.54 1.4 3.76017e+006 127.536 -41.1694
1.54 1.42 3.84167e+006 131.213 -32.5371
1.54 1.44 3.90608e+006 134.153 -23.5241
1.54 1.46 3.95265e+006 136.296 -14.2303
1.54 1.48 3.98082e+006 137.6 -4.76274
1.54 1.5 3.99025e+006 138.038 4.76252
1.54 1.52 3.98082e+006 137.6 14.23
1.54 1.54 3.95265e+006 136.296 23.5239
1.54 1.56 3.90608e+006 134.153 32.5369
1.54 1.58 3.84167e+006 131.213 41.1692
1.54 1.6 3.76017e+006 127.536 49.3364
1.54 1.62 3.66251e+006 123.191 56.967
1.54 1.64 3.54974e+006 118.259 64.0089
1.54 1.66 3.42303e+006 112.822 70.425
1.54 1.68 3.28363e+006 106.97 76.1982
1.54 1.7 3.1328e+006 100.789 81.3252
1.54 1.72 2.97183e+006 94.3631 85.8201
1.54 1.74 2.80196e+006 87.7688 89.7342
1.54 1.76 2.62441e+006 81.0775 95.4558
1.54 1.78 2.44029e+006 74.3491 166.982
1.54 1.8 2.25067e+006 67.6358 98.9172
1.54 1.82 2.05647e+006 60.9775 100.014
1.54 1.84 1.85854e+006 54.4059 101.523
1.54 1.86 1.65762e+006 47.9411 102.718
1.54 1.88 1.45435e+006 41.5954 103.643
1.54 1.9 1.24924e+006 35.3718 104.344
1.54 1.92 1.04275e+006 29.2669 104.863
1.54 1.94 835242 23.27 105.235
1.54 1.96 626996 17.3657 105.48
1.54 1.98 418252 11.4838 104.468
1.54 2 209199 0.575578 0
1.56 1 197687 0.565655 -9.87445
1.56 1.02 395176 11.2796 -98.7004
1.56 1.04 592255 17.0422 -99.2585
1.56 1.06 788690 22.8098 -98.7982
1.56 1.08 984205 28.6453 -98.17
1.56 1.1 1.17848e+006 34.5598 -97.3486
1.56 1.12 1.37113e+006 40.5582 -96.3
1.56 1.14 1.56171e+006 46.641 -94.9851
1.56 1.16 1.74969e+006 52.8015 -93.363
1.56 1.18 1.93447e+006 59.0267 -91.3898
1.56 1.2 2.11534e+006 65.2947 -89.0227
1.56 1.22 2.29153e+006 71.5769 -86.2189
1.56 1.24 2.46218e+006 77.8347 -82.94
1.56 1.26 2.62634e+006 84.0228 -79.1511
1.56 1.28 2.783e+006 90.0862 -74.8265
1.56 1.3 2.93111e+006 95.9649 -69.9471
1.56 1.32 3.06957e+006 101.591 -64.5071
1.56 1.34 3.19725e+006 106.894 -58.511
1.56 1.36 3.31307e+006 111.799 -51.9787
1.56 1.38 3.41597e+006 116.234 -44.9425
1.56 1.4 3.50493e+006 120.128 -37.451
1.56 1.42 3.57907e+006 123.415 -29.5641
1.56 1.44 3.63759e+006 126.036 -21.3566
1.56 1.46 3.67987e+006 127.946 -12.911
1.56 1.48 3.70543e+006 129.105 -4.32032
1.56 1.5 3.71398e+006 129.495 4.32013
1.56 1.52 3.70543e+006 129.105 12.9108
1.56 1.54 3.67987e+006 127.946 21.3564
1.56 1.56 3.63759e+006 126.037 29.5639
1.56 1.58 3.57907e+006 123.415 37.4508
1.56 1.6 3.50493e+006 120.128 44.9423
1.56 1.62 3.41597e+006 116.235 51.9786
1.56 1.64 3.31308e+006 111.799 58.5108
1.56 1.66 3.19726e+006 106.894 64.507
1.56 1.68 3.06957e+006 101.591 69.947
1.56 1.7 2.93112e+006 95.965 74.8264
1.56 1.72 2.78301e+006 90.0864 79.1566
1.56 1.74 2.62634e+006 84.023 83.7707
1.56 1.76 2.46218e+006 77.8349 160.696
1.56 1.78 2.29154e+006 71.5771 89.1343
1.56 1.8 2.11534e+006 65.2949 91.3858
1.56 1.82 1.93447e+006 59.0269 93.3631
1.56 1.84 1.74969e+006 52.8017 94.9852
1.56 1.86 1.56171e+006 46.6412 96.3001
1.56 1.88 1.37113e+006 40.5583 97.3487
1.56 1.9 1.17848e+006 34.5599 98.1701
1.56 1.92 984207 28.6455 98.7984
1.56 1.94 788692 22.8099 99.2639
1.56 1.96 592257 17.0423 99.5835
1.56 1.98 395177 11.2797 98.6871
1.56 2 197688 0.565658 0
1.58 1 186374 0.553795 -9.30683
1.58 1.02 372511 11.0376 -92.9744
1.58 1.04 558162 16.6644 -93.4263
1.58 1.06 743058 22.2811 -92.8965
1.58 1.08 926898 27.9455 -92.1886
1.58 1.1 1.10934e+006 33.6635 -91.2823
1.58 1.12 1.28999e+006 39.4371 -90.1482
1.58 1.14 1.4684e+006 45.263 -88.7549
1.58 1.16 1.64405e+006 51.1332 -87.0673
1.58 1.18 1.81637e+006 57.0325 -85.0508
1.58 1.2 1.9847e+006 62.9405 -82.6694
1.58 1.22 2.14832e+006 68.8286 -79.8902
1.58 1.24 2.30644e+006 74.6628 -76.6818
1.58 1.26 2.45821e+006 80.4007 -73.019
1.58 1.28 2.60274e+006 85.9954 -68.8812
1.58 1.3 2.73908e+006 91.3926 -64.2575
1.58 1.32 2.86627e+006 96.5353 -59.1442
1.58 1.34 2.98334e+006 101.362 -53.5501
1.58 1.36 3.08934e+006 105.81 -47.493
1.58 1.38 3.18336e+006 109.818 -41.0049
1.58 1.4 3.26453e+006 113.328 -34.1267
1.58 1.42 3.33208e+006 116.282 -26.913
1.58 1.44 3.38536e+006 118.634 -19.4259
1.58 1.46 3.42381e+006 120.343 -11.7382
1.58 1.48 3.44705e+006 121.382 -3.92643
1.58 1.5 3.45482e+006 121.73 3.92625
1.58 1.52 3.44705e+006 121.382 11.738
1.58 1.54 3.42381e+006 120.343 19.4257
1.58 1.56 3.38536e+006 118.634 26.9129
1.58 1.58 3.33208e+006 116.282 34.1265
1.58 1.6 3.26453e+006 113.328 41.0047
1.58 1.62 3.18336e+006 109.819 47.4929
1.58 1.64 3.08935e+006 105.811 53.55
1.58 1.66 2.98335e+006 101.362 59.1441
1.58 1.68 2.86628e+006 96.5355 64.2574
1.58 1.7 2.73908e+006 91.3927 68.8812
1.58 1.72 2.60274e+006 85.9956 73.0189
1.58 1.74 2.45822e+006 80.4009 76.6667
1.58 1.76 2.30644e+006 74.6629 78.3787
1.58 1.78 2.14832e+006 68.8287 14.1495
1.58 1.8 1.9847e+006 62.9406 84.2867
1.58 1.82 1.81637e+006 57.0326 87.0771
1.58 1.84 1.64405e+006 51.1334 88.7551
1.58 1.86 1.4684e+006 45.2632 90.1484
1.58 1.88 1.28999e+006 39.4373 91.2824
1.58 1.9 1.10934e+006 33.6636 92.1887
1.58 1.92 926900 27.9456 92.8967
1.58 1.94 743060 22.2812 93.4313
1.58 1.96 558163 16.6644 93.8067
1.58 1.98 372512 11.0377 93.0118
1.58 2 186375 0.553797 0
1.6 1 175298 0.540519 -8.75164
1.6 1.02 350331 10.7686 -87.3835
1.6 1.04 524824 16.2476 -87.7465
1.6 1.06 698483 21.7046 -87.168
1.6 1.08 870990 27.1918 -86.4058
1.6 1.1 1.04199e+006 32.7119 -85.4432
1.6 1.12 1.21109e+006 38.2634 -84.2564
1.6 1.14 1.37784e+006 43.8413 -82.8182
1.6 1.16 1.54175e+006 49.4351 -81.1012
1.6 1.18 1.70226e+006 55.0302 -79.0759
1.6 1.2 1.85876e+006 60.6054 -76.7146
1.6 1.22 2.0106e+006 66.1349 -73.99
1.6 1.24 2.15704e+006 71.5862 -70.8789
1.6 1.26 2.29733e+006 76.9227 -67.361
1.6 1.28 2.43066e+006 82.1011 -63.423
1.6 1.3 2.5562e+006 87.0756 -59.0565
1.6 1.32 2.6731e+006 91.7952 -54.2632
1.6 1.34 2.78051e+006 96.2085 -49.051
1.6 1.36 2.8776e+006 100.261 -43.4396
1.6 1.38 2.96359e+006 103.903 -37.456
1.6 1.4 3.03773e+006 107.081 -31.1391
1.6 1.42 3.09937e+006 109.751 -24.5341
1.6 1.44 3.14794e+006 111.873 -17.6971
1.6 1.46 3.18297e+006 113.414 -10.688
1.6 1.48 3.20413e+006 114.348 -3.57471
1.6 1.5 3.21121e+006 114.661 3.57455
1.6 1.52 3.20413e+006 114.348 10.6879
1.6 1.54 3.18297e+006 113.414 17.6969
1.6 1.56 3.14794e+006 111.873 24.534
1.6 1.58 3.09937e+006 109.751 31.1389
1.6 1.6 3.03773e+006 107.081 37.4559
1.6 1.62 2.96359e+006 103.903 43.4395
1.6 1.64 2.8776e+006 100.262 49.0509
1.6 1.66 2.78051e+006 96.2087 54.2631
1.6 1.68 2.6731e+006 91.7953 59.0565
1.6 1.7 2.5562e+006 87.0758 63.4229
1.6 1.72 2.43067e+006 82.1013 67.3556
1.6 1.74 2.29734e+006 76.9229 70.0816
1.6 1.76 2.15705e+006 71.5864 2.51422
1.6 1.78 2.0106e+006 66.1351 75.1534
1.6 1.8 1.85877e+006 60.6055 79.0753
1.6 1.82 1.70226e+006 55.0304 82.2224
1.6 1.84 1.54175e+006 49.4353 82.8333
1.6 1.86 1.37784e+006 43.8415 84.2566
1.6 1.88 1.21109e+006 38.2635 85.4433
1.6 1.9 1.04199e+006 32.712 86.406
1.6 1.92 870992 27.1919 87.1681
1.6 1.94 698485 21.7047 87.7513
1.6 1.96 524825 16.2477 88.1661
1.6 1.98 350332 10.7687 87.4607
1.6 2 175299 0.540522 0
1.62 1 164488 0.526302 -8.21016
1.62 1.02 328691 10.4815 -81.9397
1.62 1.04 492318 15.8055 -82.2283
1.62 1.06 655060 21.0975 -81.6187
1.62 1.08 816590 26.4054 -80.8232
1.62 1.1 976545 31.7286 -79.8289
1.62 1.12 1.13454e+006 37.0637 -78.6153
1.62 1.14 1.29013e+006 42.4032 -77.1611
1.62 1.16 1.44284e+006 47.7364 -75.4427
1.62 1.18 1.59215e+006 53.0473 -73.4376
1.62 1.2 1.7375e+006 58.3165 -71.1224
1.62 1.22 1.87827e+006 63.5187 -68.4769
1.62 1.24 2.01381e+006 68.6253 -65.482
1.62 1.26 2.14342e+006 73.6019 -62.1239
1.62 1.28 2.26638e+006 78.4117 -58.3921
1.62 1.3 2.38196e+006 83.0127 -54.2835
1.62 1.32 2.48941e+006 87.3624 -49.7999
1.62 1.34 2.58798e+006 91.4148 -44.9522
1.62 1.36 2.67696e+006 95.1253 -39.7573
1.62 1.38 2.75566e+006 98.4484 -34.2418
1.62 1.4 2.82344e+006 101.343 -28.4382
1.62 1.42 2.87974e+006 103.769 -22.3886
1.62 1.44 2.92406e+006 105.694 -16.139
1.62 1.46 2.956e+006 107.089 -9.74343
1.62 1.48 2.97529e+006 107.935 -3.25771
1.62 1.5 2.98174e+006 108.218 3.25757
1.62 1.52 2.97529e+006 107.935 9.7433
1.62 1.54 2.956e+006 107.089 16.1388
1.62 1.56 2.92406e+006 105.694 22.3884
1.62 1.58 2.87974e+006 103.769 28.4381
1.62 1.6 2.82345e+006 101.343 34.2417
1.62 1.62 2.75566e+006 98.4485 39.7571
1.62 1.64 2.67697e+006 95.1254 44.9521
1.62 1.66 2.58798e+006 91.4149 49.7998
1.62 1.68 2.48941e+006 87.3625 54.2835
1.62 1.7 2.38196e+006 83.0128 58.3921
1.62 1.72 2.26638e+006 78.4118 62.1238
1.62 1.74 2.14342e+006 73.6021 65.4716
1.62 1.76 2.01381e+006 68.6255 67.6973
1.62 1.78 1.87827e+006 63.5189 71.1107
1.62 1.8 1.73751e+006 58.3167 74.0037
1.62 1.82 1.59216e+006 53.0475 126.206
1.62 1.84 1.44284e+006 47.7365 77.7274
1.62 1.86 1.29013e+006 42.4033 78.6191
1.62 1.88 1.13454e+006 37.0638 79.829
1.62 1.9 976547 31.7287 80.8233
1.62 1.92 816591 26.4055 81.6188
1.62 1.94 655062 21.0976 82.2327
1.62 1.96 492319 15.8056 82.6738
1.62 1.98 328692 10.4815 82.0471
1.62 2 164488 0.526304 0
1.64 1 153962 0.511515 -7.68331
1.64 1.02 307628 10.1839 -76.6499
1.64 1.04 460696 15.3491 -76.877
1.64 1.06 612852 20.4744 -76.2507
1.64 1.08 763761 25.6034 -75.4397
1.64 1.1 913066 30.7336 -74.4333
1.64 1.12 1.06038e+006 35.8592 -73.2153
1.64 1.14 1.20529e+006 40.9719 -71.7675
1.64 1.16 1.34733e+006 46.0594 -70.0717
1.64 1.18 1.48602e+006 51.1067 -68.1087
1.64 1.2 1.62082e+006 56.0941 -65.8613
1.64 1.22 1.75118e+006 60.9989 -63.3125
1.64 1.24 1.87649e+006 65.7937 -60.4491
1.64 1.26 1.99614e+006 70.4488 -57.2597
1.64 1.28 2.10948e+006 74.93 -53.739
1.64 1.3 2.21585e+006 79.202 -49.8846
1.64 1.32 2.31459e+006 83.226 -45.7016
1.64 1.34 2.40505e+006 86.9638 -41.1997
1.64 1.36 2.48661e+006 90.3755 -36.3965
1.64 1.38 2.55865e+006 93.424 -31.3145
1.64 1.4 2.62064e+006 96.0724 -25.9847
1.64 1.42 2.67208e+006 98.2888 -20.4417
1.64 1.44 2.71254e+006 100.044 -14.728
1.64 1.46 2.7417e+006 101.315 -8.88784
1.64 1.48 2.75929e+006 102.085 -2.97146
1.64 1.5 2.76517e+006 102.343 2.97134
1.64 1.52 2.75929e+006 102.085 8.88772
1.64 1.54 2.7417e+006 101.315 14.7278
1.64 1.56 2.71254e+006 100.044 20.4416
1.64 1.58 2.67208e+006 98.2889 25.9846
1.64 1.6 2.62064e+006 96.0724 31.3144
1.64 1.62 2.55866e+006 93.4241 36.3964
1.64 1.64 2.48661e+006 90.3756 41.1996
1.64 1.66 2.40506e+006 86.9639 45.7016
1.64 1.68 2.31459e+006 83.2261 49.8845
1.64 1.7 2.21585e+006 79.2021 53.7389
1.64 1.72 2.10948e+006 74.9301 57.2598
1.64 1.74 1.99614e+006 70.4489 60.4668
1.64 1.76 1.87649e+006 65.7938 64.641
1.64 1.78 1.75118e+006 60.999 65.879
1.64 1.8 1.62082e+006 56.0942 68.102
1.64 1.82 1.48602e+006 51.1069 69.5577
1.64 1.84 1.34733e+006 46.0595 71.7607
1.64 1.86 1.20529e+006 40.972 73.2154
1.64 1.88 1.06038e+006 35.8593 74.4334
1.64 1.9 913068 30.7337 75.4399
1.64 1.92 763762 25.6035 76.2508
1.64 1.94 612853 20.4745 76.8811
1.64 1.96 460697 15.3492 77.3369
1.64 1.98 307628 10.1839 76.7797
1.64 2 153962 0.511517 0
1.66 1 143731 0.496495 -7.17154
1.66 1.02 287162 9.88202 -71.5181
1.66 1.04 429987 14.8878 -71.6941
1.66 1.06 571889 19.8472 -71.0636
1.66 1.08 712536 24.8005 -70.2514
1.66 1.1 851577 29.743 -69.2497
1.66 1.12 988636 34.6679 -68.0447
1.66 1.14 1.12331e+006 39.5653 -66.6223
1.66 1.16 1.25517e+006 44.4231 -64.9672
1.66 1.18 1.38376e+006 49.2256 -63.0649
1.66 1.2 1.50858e+006 53.9547 -60.901
1.66 1.22 1.62913e+006 58.5883 -58.4634
1.66 1.24 1.74485e+006 63.1024 -55.7412
1.66 1.26 1.85518e+006 67.4688 -52.7278
1.66 1.28 1.95955e+006 71.6584 -49.4186
1.66 1.3 2.05737e+006 75.6384 -45.815
1.66 1.32 2.14805e+006 79.3766 -41.9215
1.66 1.34 2.23103e+006 82.838 -37.7493
1.66 1.36 2.30576e+006 85.99 -33.3134
1.66 1.38 2.3717e+006 88.7988 -28.6362
1.66 1.4 2.42839e+006 91.2348 -23.7431
1.66 1.42 2.47539e+006 93.269 -18.6669
1.66 1.44 2.51234e+006 94.8783 -13.4422
1.66 1.46 2.53895e+006 96.042 -8.10966
1.66 1.48 2.555e+006 96.7467 -2.71048
1.66 1.5 2.56037e+006 96.9822 2.71037
1.66 1.52 2.555e+006 96.7467 8.10956
1.66 1.54 2.53895e+006 96.042 13.4421
1.66 1.56 2.51234e+006 94.8783 18.6668
1.66 1.58 2.47539e+006 93.269 23.743
1.66 1.6 2.42839e+006 91.2348 28.6361
1.66 1.62 2.3717e+006 88.7989 33.3134
1.66 1.64 2.30576e+006 85.99 37.7492
1.66 1.66 2.23104e+006 82.8381 41.9214
1.66 1.68 2.14806e+006 79.3767 45.815
1.66 1.7 2.05737e+006 75.6385 49.4186
1.66 1.72 1.95955e+006 71.6585 52.7323
1.66 1.74 1.85518e+006 67.4689 56.4148
1.66 1.76 1.74485e+006 63.1026 118.851
1.66 1.78 1.62913e+006 58.5885 61.5709
1.66 1.8 1.50859e+006 53.9549 62.5239
1.66 1.82 1.38376e+006 49.2257 16.0512
1.66 1.84 1.25518e+006 44.4232 66.0768
1.66 1.86 1.12331e+006 39.5654 68.0411
1.66 1.88 988638 34.668 69.2498
1.66 1.9 851578 29.7431 70.2515
1.66 1.92 712537 24.8006 71.0637
1.66 1.94 571890 19.8472 71.698
1.66 1.96 429988 14.8879 72.1593
1.66 1.98 287163 9.88205 71.6634
1.66 2 143732 0.496496 0
1.68 1 133802 0.481494 -6.67508
1.68 1.02 267303 9.58129 -66.5447
1.68 1.04 400200 14.4292 -66.6792
1.68 1.06 532180 19.2259 -66.0541
1.68 1.08 662917 24.0082 -65.253
1.68 1.1 792069 28.7704 -64.2691
1.68 1.12 919274 33.5038 -63.0919
1.68 1.14 1.04415e+006 38.1986 -61.7095
1.68 1.16 1.16629e+006 42.8416 -60.1103
1.68 1.18 1.28527e+006 47.4183 -58.2822
1.68 1.2 1.40063e+006 51.9103 -56.2149
1.68 1.22 1.5119e+006 56.298 -53.8982
1.68 1.24 1.61858e+006 60.5582 -51.3254
1.68 1.26 1.72018e+006 64.6665 -48.4908
1.68 1.28 1.81616e+006 68.5955 -45.3935
1.68 1.3 1.90601e+006 72.3177 -42.0346
1.68 1.32 1.98922e+006 75.8029 -38.4208
1.68 1.34 2.06527e+006 79.0226 -34.5617
1.68 1.36 2.13369e+006 81.9465 -30.4728
1.68 1.38 2.19401e+006 84.5474 -26.1727
1.68 1.4 2.24582e+006 86.7979 -21.6859
1.68 1.42 2.28875e+006 88.675 -17.0393
1.68 1.44 2.32248e+006 90.1573 -12.2653
1.68 1.46 2.34676e+006 91.229 -7.39705
1.68 1.48 2.3614e+006 91.8766 -2.47229
1.68 1.5 2.36629e+006 92.0937 2.4722
1.68 1.52 2.3614e+006 91.8766 7.39696
1.68 1.54 2.34676e+006 91.229 12.2652
1.68 1.56 2.32248e+006 90.1574 17.0392
1.68 1.58 2.28875e+006 88.6751 21.6858
1.68 1.6 2.24582e+006 86.7979 26.1726
1.68 1.62 2.19401e+006 84.5475 30.4727
1.68 1.64 2.13369e+006 81.9466 34.5616
1.68 1.66 2.06528e+006 79.0227 38.4208
1.68 1.68 1.98922e+006 75.803 42.0345
1.68 1.7 1.90602e+006 72.3178 45.3935
1.68 1.72 1.81616e+006 68.5956 48.4907
1.68 1.74 1.72018e+006 64.6666 51.3173
1.68 1.76 1.61859e+006 60.5583 53.2917
1.68 1.78 1.5119e+006 56.2981 56.2069
1.68 1.8 1.40063e+006 51.9104 58.2883
1.68 1.82 1.28527e+006 47.4184 59.5649
1.68 1.84 1.16629e+006 42.8417 61.7023
1.68 1.86 1.04415e+006 38.1987 63.0919
1.68 1.88 919275 33.5039 64.2691
1.68 1.9 792070 28.7704 65.253
1.68 1.92 662918 24.0082 66.0542
1.68 1.94 532181 19.2259 66.6827
1.68 1.96 400201 14.4293 67.1415
1.68 1.98 267304 9.58132 66.7001
1.68 2 133802 0.481495 0
1.7 1 124172 0.466748 -6.19383
1.7 1.02 248048 9.28587 -61.7283
1.7 1.04 371331 13.9798 -61.8287
1.7 1.06 493715 18.6184 -61.2177
1.7 1.08 614883 23.2363 -60.4369
1.7 1.1 734507 27.826 -59.482
1.7 1.12 852241 32.3788 -58.3439
1.7 1.14 967724 36.8832 -57.0139
1.7 1.16 1.08057e+006 41.3271 -55.4818
1.7 1.18 1.19039e+006 45.6951 -53.7393
1.7 1.2 1.29677e+006 49.9708 -51.7775
1.7 1.22 1.39925e+006 54.1346 -49.5898
1.7 1.24 1.49741e+006 58.1664 -47.1705
1.7 1.26 1.59078e+006 62.0427 -44.5173
1.7 1.28 1.67891e+006 65.7402 -41.6292
1.7 1.3 1.76131e+006 69.2329 -38.5098
1.7 1.32 1.83754e+006 72.4958 -35.1647
1.7 1.34 1.90715e+006 75.5021 -31.6046
1.7 1.36 1.96971e+006 78.2271 -27.8425
1.7 1.38 2.02483e+006 80.6454 -23.8967
1.7 1.4 2.07213e+006 82.7352 -19.7875
1.7 1.42 2.1113e+006 84.475 -15.5402
1.7 1.44 2.14207e+006 85.848 -11.1815
1.7 1.46 2.1642e+006 86.8389 -6.74208
1.7 1.48 2.17755e+006 87.4382 -2.25275
1.7 1.5 2.18201e+006 87.6384 2.25266
1.7 1.52 2.17755e+006 87.4382 6.742
1.7 1.54 2.1642e+006 86.8389 11.1814
1.7 1.56 2.14207e+006 85.848 15.5401
1.7 1.58 2.1113e+006 84.475 19.7874
1.7 1.6 2.07213e+006 82.7353 23.8966
1.7 1.62 2.02483e+006 80.6455 27.8424
1.7 1.64 1.96971e+006 78.2272 31.6046
1.7 1.66 1.90715e+006 75.5022 35.1646
1.7 1.68 1.83754e+006 72.4959 38.5098
1.7 1.7 1.76131e+006 69.233 41.6291
1.7 1.72 1.67891e+006 65.7403 44.513
1.7 1.74 1.59079e+006 62.0428 46.5239
1.7 1.76 1.49742e+006 58.1665 -8.374
1.7 1.78 1.39926e+006 54.1347 51.1445
1.7 1.8 1.29677e+006 49.9709 54.7527
1.7 1.82 1.1904e+006 45.6952 55.4918
1.7 1.84 1.08058e+006 41.3272 57.0139
1.7 1.86 967725 36.8833 58.344
1.7 1.88 852242 32.3788 59.4821
1.7 1.9 734508 27.8261 60.4369
1.7 1.92 614884 23.2364 61.2178
1.7 1.94 493716 18.6184 61.832
1.7 1.96 371332 13.9798 62.2821
1.7 1.98 248049 9.28589 61.8889
1.7 2 124172 0.466749 0
1.72 1 114837 0.452423 -5.72752
1.72 1.02 229387 8.99939 -57.065
1.72 1.04 343361 13.5445 -57.1381
1.72 1.06 456465 18.0315 -56.5474
1.72 1.08 568394 22.4924 -55.7952
1.72 1.1 678834 26.9191 -54.8777
1.72 1.12 787459 31.3015 -53.7885
1.72 1.14 893929 35.6289 -52.5197
1.72 1.16 997888 39.888 -51.0644
1.72 1.18 1.09897e+006 44.0647 -49.4152
1.72 1.2 1.19678e+006 48.1425 -47.5665
1.72 1.22 1.29094e+006 52.104 -45.5124
1.72 1.24 1.38103e+006 55.9293 -43.2503
1.72 1.26 1.46664e+006 59.5985 -40.7779
1.72 1.28 1.54737e+006 63.0889 -38.0969
1.72 1.3 1.62278e+006 66.3788 -35.21
1.72 1.32 1.69248e+006 69.4445 -32.1244
1.72 1.34 1.75607e+006 72.2637 -28.8488
1.72 1.36 1.81318e+006 74.8134 -25.3968
1.72 1.38 1.86346e+006 77.0729 -21.7833
1.72 1.4 1.90658e+006 79.0217 -18.028
1.72 1.42 1.94227e+006 80.6427 -14.1517
1.72 1.44 1.97028e+006 81.9198 -10.1793
1.72 1.46 1.99043e+006 82.8415 -6.13601
1.72 1.48 2.00258e+006 83.3979 -2.05033
1.72 1.5 2.00664e+006 83.5843 2.05025
1.72 1.52 2.00258e+006 83.3979 6.13594
1.72 1.54 1.99043e+006 82.8415 10.1792
1.72 1.56 1.97028e+006 81.9198 14.1516
1.72 1.58 1.94227e+006 80.6427 18.0279
1.72 1.6 1.90658e+006 79.0217 21.7832
1.72 1.62 1.86346e+006 77.073 25.3967
1.72 1.64 1.81318e+006 74.8134 28.8487
1.72 1.66 1.75607e+006 72.2638 32.1243
1.72 1.68 1.69248e+006 69.4445 35.2099
1.72 1.7 1.62278e+006 66.3789 38.0969
1.72 1.72 1.54737e+006 63.089 40.7778
1.72 1.74 1.46665e+006 59.5986 43.2417
1.72 1.76 1.38103e+006 55.9294 44.8694
1.72 1.78 1.29094e+006 52.1041 48.072
1.72 1.8 1.19678e+006 48.1426 95.4969
1.72 1.82 1.09897e+006 44.0648 51.5785
1.72 1.84 997889 39.8881 52.5231
1.72 1.86 893930 35.629 53.7885
1.72 1.88 787460 31.3016 54.8778
1.72 1.9 678835 26.9191 55.7953
1.72 1.92 568394 22.4924 56.5475
1.72 1.94 456466 18.0315 57.1411
1.72 1.96 343362 13.5445 57.5771
1.72 1.98 229387 8.99941 57.2271
1.72 2 114837 0.452424 0
1.74 1 105788 0.438678 -5.27566
1.74 1.02 211302 8.72459 -52.5497
1.74 1.04 316263 13.1277 -52.6007
1.74 1.06 420389 17.4703 -52.036
1.74 1.08 523393 21.7829 -51.3183
1.74 1.1 624976 26.056 -50.4456
1.74 1.12 724833 30.2798 -49.4121
1.74 1.14 822644 34.4425 -48.2124
1.74 1.16 918081 38.5316 -46.8404
1.74 1.18 1.0108e+006 42.5328 -45.2913
1.74 1.2 1.10046e+006 46.431 -43.5601
1.74 1.22 1.18669e+006 50.2089 -41.6437
1.74 1.24 1.26912e+006 53.8492 -39.5396
1.74 1.26 1.3474e+006 57.3322 -37.248
1.74 1.28 1.42113e+006 60.6389 -34.7697
1.74 1.3 1.48996e+006 63.7482 -32.1096
1.74 1.32 1.55353e+006 66.6403 -29.2732
1.74 1.34 1.61148e+006 69.2941 -26.2703
1.74 1.36 1.66348e+006 71.6907 -23.1116
1.74 1.38 1.70924e+006 73.8104 -19.8125
1.74 1.4 1.74846e+006 75.6367 -16.3886
1.74 1.42 1.7809e+006 77.1533 -12.8601
1.74 1.44 1.80636e+006 78.3478 -9.24712
1.74 1.46 1.82467e+006 79.2085 -5.57333
1.74 1.48 1.8357e+006 79.7285 -1.86181
1.74 1.5 1.83939e+006 79.9021 1.86174
1.74 1.52 1.8357e+006 79.7285 5.57327
1.74 1.54 1.82467e+006 79.2085 9.24705
1.74 1.56 1.80636e+006 78.3478 12.8601
1.74 1.58 1.7809e+006 77.1533 16.3886
1.74 1.6 1.74846e+006 75.6367 19.8124
1.74 1.62 1.70924e+006 73.8104 23.1116
1.74 1.64 1.66349e+006 71.6907 26.2702
1.74 1.66 1.61148e+006 69.2942 29.2731
1.74 1.68 1.55353e+006 66.6404 32.1096
1.74 1.7 1.48996e+006 63.7482 34.7697
1.74 1.72 1.42113e+006 60.639 37.248
1.74 1.74 1.3474e+006 57.3323 39.5397
1.74 1.76 1.26913e+006 53.8493 41.6537
1.74 1.78 1.18669e+006 50.209 43.5801
1.74 1.8 1.10046e+006 46.4311 45.8056
1.74 1.82 1.0108e+006 42.5329 46.8584
1.74 1.84 918082 38.5317 48.2126
1.74 1.86 822645 34.4425 49.4121
1.74 1.88 724834 30.2799 50.4458
1.74 1.9 624977 26.0561 51.3253
1.74 1.92 523394 21.7829 52.0419
1.74 1.94 420390 17.4704 52.6036
1.74 1.96 316263 13.1277 53.0213
1.74 1.98 211302 8.72461 52.7099
1.74 2 105788 0.438679 0
1.76 1 97014.7 0.425619 -4.83768
1.76 1.02 193768 8.46389 -48.1755
1.76 1.04 289998 12.7325 -48.2093
1.76 1.06 385436 16.9393 -47.6747
1.76 1.08 479812 21.1125 -46.9968
1.76 1.1 572846 25.2426 -46.174
1.76 1.12 664251 29.3188 -45.2023
1.76 1.14 753734 33.3299 -44.0769
1.76 1.16 840989 37.2629 -42.7939
1.76 1.18 925705 41.1044 -41.349
1.76 1.2 1.00756e+006 44.8392 -39.7394
1.76 1.22 1.08623e+006 48.452 -37.9622
1.76 1.24 1.16138e+006 51.9256 -36.0171
1.76 1.26 1.23268e+006 55.243 -33.9038
1.76 1.28 1.2998e+006 58.3856 -31.6253
1.76 1.3 1.36241e+006 61.3355 -29.1848
1.76 1.32 1.42019e+006 64.0736 -26.5893
1.76 1.34 1.47283e+006 66.5826 -23.8466
1.76 1.36 1.52004e+006 68.844 -20.9679
1.76 1.38 1.56155e+006 70.842 -17.9654
1.76 1.4 1.59712e+006 72.5606 -14.8548
1.76 1.42 1.62653e+006 73.987 -11.6521
1.76 1.44 1.64959e+006 75.1087 -8.37665
1.76 1.46 1.66618e+006 75.9171 -5.04744
1.76 1.48 1.67617e+006 76.4046 -1.68627
1.76 1.5 1.67951e+006 76.5679 1.68621
1.76 1.52 1.67617e+006 76.4047 5.04738
1.76 1.54 1.66618e+006 75.9171 8.37659
1.76 1.56 1.64959e+006 75.1087 11.6521
1.76 1.58 1.62653e+006 73.987 14.8548
1.76 1.6 1.59712e+006 72.5606 17.9654
1.76 1.62 1.56155e+006 70.842 20.9679
1.76 1.64 1.52004e+006 68.844 23.8465
1.76 1.66 1.47283e+006 66.5826 26.5893
1.76 1.68 1.42019e+006 64.0737 29.1847
1.76 1.7 1.36241e+006 61.3355 31.6252
1.76 1.72 1.2998e+006 58.3856 33.9039
1.76 1.74 1.23269e+006 55.2431 36.0314
1.76 1.76 1.16138e+006 51.9257 39.0356
1.76 1.78 1.08623e+006 48.4521 40.7435
1.76 1.8 1.00756e+006 44.8393 41.3769
1.76 1.82 925706 41.1044 43.6349
1.76 1.84 840990 37.2629 44.0881
1.76 1.86 753735 33.33 45.2024
1.76 1.88 664252 29.3189 46.181
1.76 1.9 572847 25.2427 47.5201
1.76 1.92 479812 21.1125 48.1146
1.76 1.94 385437 16.9394 48.2177
1.76 1.96 289998 12.7325 48.6079
1.76 1.98 193769 8.4639 48.3313
1.76 2 97014.9 0.42562 0
1.78 1 88502.4 0.413352 -4.41284
1.78 1.02 176759 8.21899 -43.9349
1.78 1.04 264524 12.3618 -43.9552
1.78 1.06 351546 16.4416 -43.4543
1.78 1.08 437573 20.4854 -42.8199
1.78 1.1 522343 24.4828 -42.0516
1.78 1.12 605593 28.4234 -41.1458
1.78 1.14 687050 32.2951 -40.0994
1.78 1.16 766436 36.086 -38.9089
1.78 1.18 843466 39.7821 -37.5719
1.78 1.2 917849 43.3699 -36.0856
1.78 1.22 989289 46.8338 -34.4493
1.78 1.24 1.05749e+006 50.1588 -32.6621
1.78 1.26 1.12215e+006 53.328 -30.7257
1.78 1.28 1.18299e+006 56.3255 -28.6419
1.78 1.3 1.23969e+006 59.1338 -26.4156
1.78 1.32 1.29199e+006 61.7369 -24.052
1.78 1.34 1.33961e+006 64.1178 -21.5596
1.78 1.36 1.38229e+006 66.2614 -18.9473
1.78 1.38 1.4198e+006 68.1523 -16.2274
1.78 1.4 1.45193e+006 69.7776 -13.4123
1.78 1.42 1.47849e+006 71.1245 -10.5177
1.78 1.44 1.49931e+006 72.1836 -7.55903
1.78 1.46 1.51428e+006 72.9458 -4.55439
1.78 1.48 1.52329e+006 73.4059 -1.52115
1.78 1.5 1.52631e+006 73.5594 1.5211
1.78 1.52 1.52329e+006 73.4059 4.55433
1.78 1.54 1.51428e+006 72.9458 7.55898
1.78 1.56 1.49931e+006 72.1836 10.5177
1.78 1.58 1.47849e+006 71.1245 13.4123
1.78 1.6 1.45193e+006 69.7776 16.2273
1.78 1.62 1.41981e+006 68.1523 18.9472
1.78 1.64 1.38229e+006 66.2614 21.5595
1.78 1.66 1.33961e+006 64.1178 24.0519
1.78 1.68 1.29199e+006 61.737 26.4156
1.78 1.7 1.23969e+006 59.1339 28.6419
1.78 1.72 1.18299e+006 56.3256 30.7293
1.78 1.74 1.12216e+006 53.3281 33.2008
1.78 1.76 1.05749e+006 50.1589 82.9455
1.78 1.78 989290 46.8339 81.4382
1.78 1.8 917849 43.37 38.4999
1.78 1.82 843466 39.7822 76.9786
1.78 1.84 766437 36.086 40.524
1.78 1.86 687051 32.2952 41.1504
1.78 1.88 605594 28.4234 42.3145
1.78 1.9 522344 24.4828 66.4714
1.78 1.92 437573 20.4854 63.3171
1.78 1.94 351547 16.4417 44.178
1.78 1.96 264524 12.3618 44.3308
1.78 1.98 176759 8.21901 44.0841
1.78 2 88502.5 0.413352 0
1.8 1 80235.3 0.40194 -4.00036
1.8 1.02 160242 7.99146 -39.8194
1.8 1.04 239792 12.0174 -39.8296
1.8 1.06 318652 15.98 -39.3647
1.8 1.08 396588 19.9043 -38.7772
1.8 1.1 473361 23.7802 -38.0664
1.8 1.12 548727 27.5964 -37.2302
1.8 1.14 622438 31.3416 -36.2657
1.8 1.16 694239 35.0033 -35.1709
1.8 1.18 763874 38.5687 -33.9435
1.8 1.2 831078 42.024 -32.5824
1.8 1.22 895588 45.3552 -31.0867
1.8 1.24 957136 48.5472 -29.457
1.8 1.26 1.01546e+006 51.5854 -27.6943
1.8 1.28 1.07029e+006 54.454 -25.8018
1.8 1.3 1.12138e+006 57.138 -23.783
1.8 1.32 1.16847e+006 59.6217 -21.6441
1.8 1.34 1.21132e+006 61.8909 -19.3917
1.8 1.36 1.24972e+006 63.9309 -17.035
1.8 1.38 1.28345e+006 65.7289 -14.5837
1.8 1.4 1.31232e+006 67.2721 -12.0501
1.8 1.42 1.33618e+006 68.5506 -9.44667
1.8 1.44 1.35488e+006 69.5546 -6.7882
1.8 1.46 1.36832e+006 70.2774 -4.08908
1.8 1.48 1.37642e+006 70.7129 -1.3659
1.8 1.5 1.37913e+006 70.8587 1.36586
1.8 1.52 1.37642e+006 70.7129 4.08903
1.8 1.54 1.36832e+006 70.2774 6.78815
1.8 1.56 1.35488e+006 69.5546 9.44662
1.8 1.58 1.33618e+006 68.5507 12.0501
1.8 1.6 1.31232e+006 67.2722 14.5836
1.8 1.62 1.28345e+006 65.7289 17.035
1.8 1.64 1.24972e+006 63.9309 19.3916
1.8 1.66 1.21132e+006 61.891 21.6441
1.8 1.68 1.16847e+006 59.6218 23.783
1.8 1.7 1.12138e+006 57.138 25.8018
1.8 1.72 1.07029e+006 54.454 27.6943
1.8 1.74 1.01546e+006 51.5855 29.4504
1.8 1.76 957137 48.5473 30.5899
1.8 1.78 895589 45.3552 32.1172
1.8 1.8 831079 42.024 33.9318
1.8 1.82 763874 38.5688 34.7803
1.8 1.84 694240 35.0033 36.2605
1.8 1.86 622439 31.3417 37.2302
1.8 1.88 548728 27.5964 38.0697
1.8 1.9 473362 23.7802 39.0222
1.8 1.92 396589 19.9043 39.1661
1.8 1.94 318653 15.9801 39.829
1.8 1.96 239792 12.0175 40.1769
1.8 1.98 160243 7.99147 39.9603
1.8 2 80235.4 0.40194 0
1.82 1 72196.5 0.391452 -3.59933
1.82 1.02 144183 7.78232 -35.8199
1.82 1.04 215749 11.7013 -35.8225
1.82 1.06 286682 15.5564 -35.3961
1.82 1.08 356767 19.3718 -34.8574
1.82 1.1 425786 23.1369 -34.207
1.82 1.12 493517 26.8407 -33.4425
1.82 1.14 559735 30.4714 -32.5625
1.82 1.16 624210 34.0172 -31.565
1.82 1.18 686711 37.4651 -30.4491
1.82 1.2 747002 40.8025 -29.2135
1.82 1.22 804846 44.0152 -27.8585
1.82 1.24 860009 47.0899 -26.3844
1.82 1.26 912252 50.0119 -24.7933
1.82 1.28 961345 52.7675 -23.0874
1.82 1.3 1.00706e+006 55.3419 -21.2712
1.82 1.32 1.04918e+006 57.7217 -19.3492
1.82 1.34 1.08749e+006 59.8928 -17.3286
1.82 1.36 1.12181e+006 61.8429 -15.2166
1.82 1.38 1.15194e+006 63.5595 -13.0229
1.82 1.4 1.17772e+006 65.0321 -10.7571
1.82 1.42 1.19903e+006 66.2506 -8.43136
1.82 1.44 1.21572e+006 67.2075 -6.05723
1.82 1.46 1.22771e+006 67.8954 -3.6486
1.82 1.48 1.23494e+006 68.3104 -1.21846
1.82 1.5 1.23735e+006 68.4489 1.21842
1.82 1.52 1.23494e+006 68.3104 3.64856
1.82 1.54 1.22771e+006 67.8955 6.05719
1.82 1.56 1.21572e+006 67.2075 8.43132
1.82 1.58 1.19903e+006 66.2507 10.7571
1.82 1.6 1.17773e+006 65.0322 13.0229
1.82 1.62 1.15194e+006 63.5595 15.2166
1.82 1.64 1.12181e+006 61.8429 17.3286
1.82 1.66 1.08749e+006 59.8928 19.3492
1.82 1.68 1.04918e+006 57.7217 21.2711
1.82 1.7 1.00706e+006 55.3419 23.0874
1.82 1.72 961346 52.7675 24.7898
1.82 1.74 912253 50.012 25.8629
1.82 1.76 860009 47.09 -19.0883
1.82 1.78 804847 44.0153 -14.7153
1.82 1.8 747002 40.8025 29.5264
1.82 1.82 686711 37.4652 -5.35058
1.82 1.84 624211 34.0172 32.1508
1.82 1.86 559735 30.4714 33.4397
1.82 1.88 493518 26.8407 34.1986
1.82 1.9 425787 23.1369 34.0243
1.82 1.92 356768 19.3719 16.3402
1.82 1.94 286683 15.5565 35.6119
1.82 1.96 215750 11.7013 36.1401
1.82 1.98 144183 7.78233 35.9511
1.82 2 72196.6 0.391452 0
1.84 1 64367.5 0.381924 -3.20885
1.84 1.02 128544 7.59253 -31.9268
1.84 1.04 192340 11.4144 -31.9241
1.84 1.06 255561 15.1725 -31.5374
1.84 1.08 318012 18.8895 -31.0498
1.84 1.1 379499 22.5551 -30.4612
1.84 1.12 439820 26.1578 -29.7707
1.84 1.14 498774 29.6863 -28.9766
1.84 1.16 556155 33.1286 -28.078
1.84 1.18 611757 36.4725 -27.074
1.84 1.2 665371 39.7051 -25.9644
1.84 1.22 716788 42.8137 -24.749
1.84 1.24 765798 45.7848 -23.4293
1.84 1.26 812196 48.6054 -22.0065
1.84 1.28 855775 51.2617 -20.4838
1.84 1.3 896340 53.7409 -18.8644
1.84 1.32 933697 56.0297 -17.1535
1.84 1.34 967667 58.1162 -15.3564
1.84 1.36 998078 59.9879 -13.4806
1.84 1.38 1.02477e+006 61.6346 -11.5336
1.84 1.4 1.04761e+006 63.0456 -9.52483
1.84 1.42 1.06648e+006 64.213 -7.46368
1.84 1.44 1.08126e+006 65.1286 -5.36148
1.84 1.46 1.09188e+006 65.7872 -3.22891
1.84 1.48 1.09827e+006 66.1838 -1.07846
1.84 1.5 1.10041e+006 66.3165 1.07843
1.84 1.52 1.09827e+006 66.1838 3.22888
1.84 1.54 1.09188e+006 65.7872 5.36145
1.84 1.56 1.08126e+006 65.1286 7.46365
1.84 1.58 1.06648e+006 64.213 9.5248
1.84 1.6 1.04761e+006 63.0457 11.5335
1.84 1.62 1.02477e+006 61.6346 13.4806
1.84 1.64 998078 59.9879 15.3564
1.84 1.66 967668 58.1162 17.1535
1.84 1.68 933698 56.0297 18.8644
1.84 1.7 896340 53.7409 20.4838
1.84 1.72 855776 51.2617 22.0065
1.84 1.74 812196 48.6054 23.4223
1.84 1.76 765799 45.7848 24.2242
1.84 1.78 716789 42.8138 25.4614
1.84 1.8 665372 39.7051 25.9999
1.84 1.82 611758 36.4726 27.6544
1.84 1.84 556156 33.1286 28.971
1.84 1.86 498774 29.6864 29.7706
1.84 1.88 439820 26.1578 30.4548
1.84 1.9 379499 22.5551 30.5634
1.84 1.92 318013 18.8896 31.3186
1.84 1.94 255561 15.1726 31.9229
1.84 1.96 192340 11.4145 32.2135
1.84 1.98 128545 7.59254 32.0472
1.84 2 64367.6 0.381924 0
1.86 1 56729 0.373399 -2.82792
1.86 1.02 113287 7.42269 -28.1301
1.86 1.04 169504 11.158 -28.1239
1.86 1.06 225207 14.8294 -27.7783
1.86 1.08 280223 18.4589 -27.3427
1.86 1.1 334376 22.0359 -26.8177
1.86 1.12 387490 25.5492 -26.2022
1.86 1.14 439385 28.9873 -25.4953
1.86 1.16 489879 32.3386 -24.6962
1.86 1.18 538791 35.5909 -23.8048
1.86 1.2 585938 38.7321 -22.8205
1.86 1.22 631136 41.7494 -21.7443
1.86 1.24 674202 44.6306 -20.5768
1.86 1.26 714956 47.3627 -19.3202
1.86 1.28 753221 49.9333 -17.9765
1.86 1.3 788825 52.3299 -16.5497
1.86 1.32 821603 54.5406 -15.0434
1.86 1.34 851398 56.5537 -13.4635
1.86 1.36 878064 58.3585 -11.8153
1.86 1.38 901466 59.9447 -10.1065
1.86 1.4 921483 61.3035 -8.34427
1.86 1.42 938009 62.4264 -6.53771
1.86 1.44 950958 63.3073 -4.69544
1.86 1.46 960258 63.9402 -2.82778
1.86 1.48 965859 64.3217 -0.944242
1.86 1.5 967729 64.449 0.944212
1.86 1.52 965859 64.3217 2.82775
1.86 1.54 960258 63.9402 4.69541
1.86 1.56 950959 63.3073 6.53768
1.86 1.58 938010 62.4264 8.34425
1.86 1.6 921483 61.3035 10.1065
1.86 1.62 901466 59.9447 11.8153
1.86 1.64 878065 58.3586 13.4635
1.86 1.66 851399 56.5537 15.0434
1.86 1.68 821604 54.5407 16.5497
1.86 1.7 788825 52.3299 17.9765
1.86 1.72 753222 49.9334 19.3202
1.86 1.74 714956 47.3627 20.5767
1.86 1.76 674202 44.6307 21.7407
1.86 1.78 631136 41.7495 22.8062
1.86 1.8 585939 38.7321 22.9743
1.86 1.82 538792 35.5909 24.6824
1.86 1.84 489880 32.3387 25.4952
1.86 1.86 439385 28.9873 26.2006
1.86 1.88 387490 25.5493 26.5771
1.86 1.9 334377 22.0359 5.76202
1.86 1.92 280224 18.459 27.5362
1.86 1.94 225208 14.8294 28.1237
1.86 1.96 169505 11.158 28.3827
1.86 1.98 113288 7.4227 28.2388
1.86 2 56729.1 0.373399 0
1.88 1 49261.1 0.365895 -2.45555
1.88 1.02 98372.1 7.27337 -24.4195
1.88 1.04 147183 10.9325 -24.4113
1.88 1.06 195541 14.5279 -24.1077
1.88 1.08 243296 18.0808 -23.7253
1.88 1.1 290294 21.5805 -23.2646
1.88 1.12 336379 25.0157 -22.7251
1.88 1.14 381395 28.3753 -22.1061
1.88 1.16 425186 31.6475 -21.4072
1.88 1.18 467592 34.8206 -20.628
1.88 1.2 508454 37.8826 -19.769
1.88 1.22 547615 40.8216 -18.8305
1.88 1.24 584917 43.6252 -17.8138
1.88 1.26 620205 46.2817 -16.7204
1.88 1.28 653327 48.7787 -15.5529
1.88 1.3 684137 51.105 -14.3139
1.88 1.32 712492 53.2488 -13.0076
1.88 1.34 738259 55.1998 -11.6382
1.88 1.36 761314 56.9474 -10.2112
1.88 1.38 781542 58.4826 -8.73234
1.88 1.4 798840 59.7966 -7.20862
1.88 1.42 813121 60.8825 -5.64686
1.88 1.44 824307 61.7334 -4.05538
1.88 1.46 832340 62.3451 -2.44191
1.88 1.48 837178 62.7134 -0.815538
1.88 1.5 838793 62.8365 0.815513
1.88 1.52 837178 62.7134 2.44189
1.88 1.54 832341 62.3451 4.05536
1.88 1.56 824307 61.7334 5.64683
1.88 1.58 813121 60.8825 7.20859
1.88 1.6 798841 59.7966 8.73231
1.88 1.62 781542 58.4827 10.2112
1.88 1.64 761314 56.9474 11.6382
1.88 1.66 738260 55.1999 13.0076
1.88 1.68 712492 53.2489 14.3139
1.88 1.7 684137 51.1051 15.5529
1.88 1.72 653327 48.7788 16.7204
1.88 1.74 620205 46.2817 17.8138
1.88 1.76 584917 43.6253 18.8277
1.88 1.78 547615 40.8217 19.3555
1.88 1.8 508454 37.8826 -16.4406
1.88 1.82 467592 34.8207 20.9937
1.88 1.84 425186 31.6475 22.1033
1.88 1.86 381396 28.3753 22.7252
1.88 1.88 336379 25.0157 23.2674
1.88 1.9 290294 21.5805 23.9323
1.88 1.92 243297 18.0808 24.1104
1.88 1.94 195542 14.5279 24.4126
1.88 1.96 147183 10.9325 24.6388
1.88 1.98 98372.2 7.27338 24.5158
1.88 2 49261.1 0.365896 0
1.9 1 41943.1 0.35944 -2.0907
1.9 1.02 83757.1 7.14489 -20.7846
1.9 1.04 125313 10.7386 -20.7755
1.9 1.06 166479 14.2687 -20.5145
1.9 1.08 207127 17.7559 -20.186
1.9 1.1 247123 21.1894 -19.7905
1.9 1.12 286336 24.558 -19.3275
1.9 1.14 324632 27.8505 -18.7969
1.9 1.16 361876 31.0555 -18.1981
1.9 1.18 397934 34.1613 -17.5313
1.9 1.2 432671 37.1564 -16.7967
1.9 1.22 465953 40.0289 -15.9951
1.9 1.24 497646 42.7673 -15.1273
1.9 1.26 527619 45.3598 -14.1951
1.9 1.28 555746 47.7953 -13.2002
1.9 1.3 581901 50.0622 -12.1458
1.9 1.32 605968 52.1503 -11.0345
1.9 1.34 627832 54.049 -9.87081
1.9 1.36 647391 55.749 -8.65863
1.9 1.38 664547 57.2414 -7.40346
1.9 1.4 679217 58.5184 -6.11049
1.9 1.42 691324 59.5729 -4.78624
1.9 1.44 700808 60.3994 -3.43679
1.9 1.46 707618 60.9929 -2.06948
1.9 1.48 711719 61.3506 -0.690983
1.9 1.5 713088 61.4699 0.690962
1.9 1.52 711719 61.3506 2.06946
1.9 1.54 707618 60.9929 3.43677
1.9 1.56 700808 60.3994 4.78622
1.9 1.58 691325 59.5729 6.11047
1.9 1.6 679217 58.5184 7.40345
1.9 1.62 664547 57.2414 8.65861
1.9 1.64 647391 55.7491 9.8708
1.9 1.66 627832 54.049 11.0345
1.9 1.68 605968 52.1503 12.1458
1.9 1.7 581902 50.0622 13.2002
1.9 1.72 555746 47.7953 14.1951
1.9 1.74 527620 45.3598 15.1273
1.9 1.76 497646 42.7673 15.9951
1.9 1.78 465953 40.0289 16.7912
1.9 1.8 432672 37.1564 17.1179
1.9 1.82 397935 34.1613 18.1925
1.9 1.84 361877 31.0555 18.7968
1.9 1.86 324632 27.8505 19.329
1.9 1.88 286337 24.5581 20.0166
1.9 1.9 247124 21.1894 40.4564
1.9 1.92 207127 17.756 20.7407
1.9 1.94 166480 14.2687 20.7782
1.9 1.96 125313 10.7386 20.9712
1.9 1.98 83757.2 7.14489 20.8679
1.9 2 41943.2 0.35944 0
1.92 1 34754.3 0.354041 -1.73232
1.92 1.02 69400.8 7.03754 -17.2147
1.92 1.04 103831 10.5766 -17.2058
1.92 1.06 137937 14.0523 -16.9878
1.92 1.08 171608 17.4847 -16.7136
1.92 1.1 204737 20.8631 -16.3837
1.92 1.12 237211 24.1764 -15.9978
1.92 1.14 268920 27.4133 -15.5556
1.92 1.16 299753 30.5625 -15.0571
1.92 1.18 329598 33.6127 -14.5023
1.92 1.2 358344 36.5524 -13.8917
1.92 1.22 385879 39.3704 -13.2257
1.92 1.24 412094 42.0549 -12.5054
1.92 1.26 436881 44.5952 -11.732
1.92 1.28 460136 46.9798 -10.9076
1.92 1.3 481756 49.1985 -10.034
1.92 1.32 501645 51.2407 -9.11437
1.92 1.34 519711 53.097 -8.15149
1.92 1.36 535868 54.7579 -7.14942
1.92 1.38 550040 56.2156 -6.11197
1.92 1.4 562154 57.4622 -5.04407
1.92 1.42 572153 58.4915 -3.95036
1.92 1.44 579983 59.2977 -2.83653
1.92 1.46 585605 59.8769 -1.70779
1.92 1.48 588990 60.2256 -0.570326
1.92 1.5 590121 60.3421 0.570309
1.92 1.52 588990 60.2256 1.70777
1.92 1.54 585605 59.8769 2.83651
1.92 1.56 579983 59.2977 3.95035
1.92 1.58 572153 58.4915 5.04406
1.92 1.6 562155 57.4622 6.11195
1.92 1.62 550040 56.2156 7.14941
1.92 1.64 535869 54.758 8.15148
1.92 1.66 519711 53.097 9.11436
1.92 1.68 501645 51.2407 10.034
1.92 1.7 481756 49.1985 10.9076
1.92 1.72 460136 46.9798 11.732
1.92 1.74 436882 44.5952 12.5054
1.92 1.76 412094 42.055 13.2257
1.92 1.78 385879 39.3704 13.8917
1.92 1.8 358344 36.5525 14.4996
1.92 1.82 329599 33.6128 15.0571
1.92 1.84 299754 30.5625 15.5556
1.92 1.86 268921 27.4133 15.9978
1.92 1.88 237211 24.1764 16.3808
1.92 1.9 204737 20.8632 16.4989
1.92 1.92 171608 17.4847 16.985
1.92 1.94 137937 14.0523 17.2067
1.92 1.96 103831 10.5766 17.3692
1.92 1.98 69400.8 7.03755 17.2846
1.92 2 34754.4 0.354042 0
1.94 1 27673.5 0.349714 -1.37935
1.94 1.02 55260.4 6.94959 -13.699
1.94 1.04 82674.1 10.4439 -13.6911
1.94 1.06 109827 13.8751 -13.5165
1.94 1.08 136633 17.2629 -13.2969
1.94 1.1 163004 20.5963 -13.0329
1.94 1.12 188850 23.8645 -12.7242
1.94 1.14 214085 27.0562 -12.3707
1.94 1.16 238618 30.1603 -11.9723
1.94 1.18 262362 33.1654 -11.5293
1.94 1.2 285227 36.0605 -11.0419
1.94 1.22 307125 38.8343 -10.5107
1.94 1.24 327970 41.4757 -9.93641
1.94 1.26 347675 43.9737 -9.32036
1.94 1.28 366160 46.3179 -8.66378
1.94 1.3 383342 48.4976 -7.96871
1.94 1.32 399145 50.5034 -7.23707
1.94 1.34 413498 52.3255 -6.4717
1.94 1.36 426333 53.9556 -5.67524
1.94 1.38 437588 55.3854 -4.85127
1.94 1.4 447209 56.608 -4.00311
1.94 1.42 455148 57.617 -3.13499
1.94 1.44 461365 58.4074 -2.25078
1.94 1.46 465829 58.9749 -1.35519
1.94 1.48 468517 59.3167 -0.452463
1.94 1.5 469414 59.4307 0.45245
1.94 1.52 468517 59.3167 1.35518
1.94 1.54 465829 58.9749 2.25077
1.94 1.56 461365 58.4074 3.13497
1.94 1.58 455148 57.617 4.0031
1.94 1.6 447209 56.608 4.85126
1.94 1.62 437588 55.3854 5.67523
1.94 1.64 426333 53.9556 6.47169
1.94 1.66 413498 52.3255 7.23707
1.94 1.68 399145 50.5034 7.9687
1.94 1.7 383342 48.4977 8.66378
1.94 1.72 366160 46.3179 9.32036
1.94 1.74 347676 43.9737 9.93641
1.94 1.76 327970 41.4757 10.5107
1.94 1.78 307125 38.8343 11.0419
1.94 1.8 285227 36.0606 11.5293
1.94 1.82 262362 33.1654 11.9723
1.94 1.84 238618 30.1603 12.3707
1.94 1.86 214085 27.0562 12.7227
1.94 1.88 188851 23.8645 12.8103
1.94 1.9 163004 20.5963 -6.66657
1.94 1.92 136633 17.2629 13.2939
1.94 1.94 109828 13.8751 13.6903
1.94 1.96 82674.2 10.4439 13.822
1.94 1.98 55260.5 6.94959 13.7553
1.94 2 27673.5 0.349715 0
1.96 1 20679.2 0.346462 -1.03071
1.96 1.02 41293.4 6.73869 -10.2269
1.96 1.04 61777.5 10.1264 -10.2204
1.96 1.06 82066.1 13.4526 -10.0894
1.96 1.08 102094 16.7361 -9.9248
1.96 1.1 121794 19.9665 -9.72681
1.96 1.12 141102 23.1328 -9.49544
1.96 1.14 159950 26.2242 -9.23055
1.96 1.16 178273 29.2299 -8.93226
1.96 1.18 196004 32.139 -8.60059
1.96 1.2 213076 34.9405 -8.23594
1.96 1.22 229424 37.6238 -7.83861
1.96 1.24 244984 40.1781 -7.40939
1.96 1.26 259691 42.5931 -6.94899
1.96 1.28 273485 44.8584 -6.4587
1.96 1.3 286306 46.9643 -5.93968
1.96 1.32 298096 48.9012 -5.39379
1.96 1.34 308803 50.6605 -4.82272
1.96 1.36 318376 52.2338 -4.22887
1.96 1.38 326770 53.6135 -3.61446
1.96 1.4 333945 54.7929 -2.98241
1.96 1.42 339865 55.7662 -2.33539
1.96 1.44 344501 56.5284 -1.67672
1.96 1.46 347829 57.0757 -1.00943
1.96 1.48 349833 57.4052 -0.337093
1.96 1.5 350502 57.5152 0.337083
1.96 1.52 349833 57.4052 1.00942
1.96 1.54 347829 57.0757 1.67671
1.96 1.56 344501 56.5284 2.33538
1.96 1.58 339865 55.7663 2.9824
1.96 1.6 333945 54.7929 3.61446
1.96 1.62 326771 53.6135 4.22886
1.96 1.64 318376 52.2338 4.82271
1.96 1.66 308803 50.6606 5.39378
1.96 1.68 298096 48.9013 5.93968
1.96 1.7 286306 46.9643 6.45869
1.96 1.72 273485 44.8584 6.94899
1.96 1.74 259692 42.5931 7.40939
1.96 1.76 244984 40.1782 7.83861
1.96 1.78 229424 37.6239 8.23594
1.96 1.8 213076 34.9406 8.60059
1.96 1.82 196004 32.139 8.93227
1.96 1.84 178273 29.2299 9.23056
1.96 1.86 159951 26.2243 9.49543
1.96 1.88 141102 23.1328 9.72384
1.96 1.9 121794 19.9665 9.70213
1.96 1.92 102094 16.7362 10.0865
1.96 1.94 82066.1 13.4526 10.221
1.96 1.96 61777.5 10.1264 10.3187
1.96 1.98 41293.5 6.7387 10.2692
1.96 2 20679.3 0.346463 0
1.98 1 13750 0 -0.685329
1.98 1.02 27456.6 0.0753789 -6.78732
1.98 1.04 41076.3 0.113407 -6.78277
1.98 1.06 54565.6 0.150659 -6.69556
1.98 1.08 67880.7 0.187433 -6.58591
1.98 1.1 80977.8 0.22361 -6.45414
1.98 1.12 93812.8 0.25907 -6.30013
1.98 1.14 106342 0.293692 -6.12392
1.98 1.16 118520 0.327353 -5.92548
1.98 1.18 130304 0.359933 -5.70498
1.98 1.2 141649 0.391308 -5.46254
1.98 1.22 152512 0.421358 -5.19856
1.98 1.24 162850 0.449964 -4.91338
1.98 1.26 172621 0.477009 -4.60769
1.98 1.28 181784 0.502379 -4.28213
1.98 1.3 190300 0.525963 -3.93774
1.98 1.32 198131 0.547655 -3.57547
1.98 1.34 205241 0.567357 -3.19673
1.98 1.36 211598 0.584976 -2.80283
1.98 1.38 217172 0.600428 -2.39553
1.98 1.4 221936 0.613636 -1.97645
1.98 1.42 225867 0.624536 -1.54767
1.98 1.44 228944 0.633072 -1.11107
1.98 1.46 231154 0.639201 -0.668934
1.98 1.48 232484 0.642891 -0.223333
1.98 1.5 232928 0.644123 0.223327
1.98 1.52 232484 0.642891 0.668928
1.98 1.54 231154 0.639201 1.11106
1.98 1.56 228944 0.633072 1.54766
1.98 1.58 225867 0.624536 1.97645
1.98 1.6 221936 0.613636 2.39552
1.98 1.62 217172 0.600428 2.80282
1.98 1.64 211598 0.584976 3.19672
1.98 1.66 205241 0.567357 3.57546
1.98 1.68 198131 0.547655 3.93773
1.98 1.7 190300 0.525963 4.28213
1.98 1.72 181784 0.502379 4.60769
1.98 1.74 172621 0.47701 4.91338
1.98 1.76 162850 0.449965 5.19856
1.98 1.78 152512 0.421358 5.46254
1.98 1.8 141649 0.391308 5.70499
1.98 1.82 130304 0.359933 5.92548
1.98 1.84 118520 0.327354 6.12393
1.98 1.86 106342 0.293692 6.30013
1.98 1.88 93812.9 0.25907 6.45412
1.98 1.9 80977.8 0.22361 6.58443
1.98 1.92 67880.8 0.187433 6.69555
1.98 1.94 54565.6 0.15066 6.78313
1.98 1.96 41076.3 0.113408 6.84822
1.98 1.98 27456.6 0.075379 6.81557
1.98 2 13750 0 0
2 1 6864.14 0 -0.342121
2 1.02 13706.6 0.00050484 -3.36922
2 1.04 20505.5 0.00075956 -3.36686
2 1.06 27239.2 0.00100906 -3.32347
2 1.08 33885.8 0.00125535 -3.26895
2 1.1 40423.4 0.00149765 -3.20341
2 1.12 46829.8 0.00173515 -3.12685
2 1.14 53083.2 0.00196703 -3.03923
2 1.16 59161.3 0.00219248 -2.94062
2 1.18 65042.3 0.00241068 -2.83102
2 1.2 70704 0.00262082 -2.71059
2 1.22 76124.9 0.00282209 -2.57942
2 1.24 81283.4 0.00301368 -2.43781
2 1.26 86158.8 0.00319481 -2.28598
2 1.28 90730.5 0.00336473 -2.12438
2 1.3 94979.1 0.00352268 -1.95339
2 1.32 98885.6 0.00366797 -1.77362
2 1.34 102433 0.00379992 -1.58564
2 1.36 105604 0.00391792 -1.39023
2 1.38 108384 0.00402141 -1.18813
2 1.4 110760 0.00410988 -0.980277
2 1.42 112721 0.00418288 -0.767556
2 1.44 114256 0.00424005 -0.551047
2 1.46 115358 0.0042811 -0.331731
2 1.48 116021 0.00430581 -0.110778
2 1.5 116243 0.00431406 0.110775
2 1.52 116021 0.00430581 0.331728
2 1.54 115358 0.0042811 0.551044
2 1.56 114256 0.00424005 0.767553
2 1.58 112721 0.00418288 0.980274
2 1.6 110760 0.00410988 1.18812
2 1.62 108384 0.00402141 1.39023
2 1.64 105604 0.00391793 1.58564
2 1.66 102433 0.00379992 1.77362
2 1.68 98885.6 0.00366797 1.95339
2 1.7 94979.1 0.00352268 2.12438
2 1.72 90730.6 0.00336473 2.28598
2 1.74 86158.9 0.00319481 2.43781
2 1.76 81283.5 0.00301368 2.57942
2 1.78 76124.9 0.00282209 2.71059
2 1.8 70704 0.00262082 2.83102
2 1.82 65042.3 0.00241068 2.94062
2 1.84 59161.4 0.00219248 3.03924
2 1.86 53083.3 0.00196703 3.12685
2 1.88 46829.9 0.00173515 3.20341
2 1.9 40423.4 0.00149765 3.26895
2 1.92 33885.9 0.00125535 3.32348
2 1.94 27239.3 0.00100906 3.36704
2 1.96 20505.5 0.000759561 3.39941
2 1.98 13706.6 0.000504841 3.38329
2 2 6864.14 0 0
