VARIABLES= "X", "Y", "P", "U", "V"
0 0 0 0 0
0.02 0 0 0 0
0.04 0 0 0 0
0.06 0 0 0 0
0.08 0 0 0 0
0.1 0 0 0 0
0.12 0 0 0 0
0.14 0 0 0 0
0.16 0 0 0 0
0.18 0 0 0 0
0.2 0 0 0 0
0.22 0 0 0 0
0.24 0 0 0 0
0.26 0 0 0 0
0.28 0 0 0 0
0.3 0 0 0 0
0.32 0 0 0 0
0.34 0 0 0 0
0.36 0 0 0 0
0.38 0 0 0 0
0.4 0 0 0 0
0.42 0 0 0 0
0.44 0 0 0 0
0.46 0 0 0 0
0.48 0 0 0 0
0.5 0 0 0 0
0.52 0 0 0 0
0.54 0 0 0 0
0.56 0 0 0 0
0.58 0 0 0 0
0.6 0 0 0 0
0.62 0 0 0 0
0.64 0 0 0 0
0.66 0 0 0 0
0.68 0 0 0 0
0.7 0 0 0 0
0.72 0 0 0 0
0.74 0 0 0 0
0.76 0 0 0 0
0.78 0 0 0 0
0.8 0 0 0 0
0.82 0 0 0 0
0.84 0 0 0 0
0.86 0 0 0 0
0.88 0 0 0 0
0.9 0 0 0 0
0.92 0 0 0 0
0.94 0 0 0 0
0.96 0 0 0 0
0.98 0 0 0 0
1 0 0 0 0
1 0.02 0 0 0
1 0.04 0 0 0
1 0.06 0 0 0
1 0.08 0 0 0
1 0.1 0 0 0
1 0.12 0 0 0
1 0.14 0 0 0
1 0.16 0 0 0
1 0.18 0 0 0
1 0.2 0 0 0
1 0.22 0 0 0
1 0.24 0 0 0
1 0.26 0 0 0
1 0.28 0 0 0
1 0.3 0 0 0
1 0.32 0 0 0
1 0.34 0 0 0
1 0.36 0 0 0
1 0.38 0 0 0
1 0.4 0 0 0
1 0.42 0 0 0
1 0.44 0 0 0
1 0.46 0 0 0
1 0.48 0 0 0
1 0.5 0 0 0
1 0.52 0 0 0
1 0.54 0 0 0
1 0.56 0 0 0
1 0.58 0 0 0
1 0.6 0 0 0
1 0.62 0 0 0
1 0.64 0 0 0
1 0.66 0 0 0
1 0.68 0 0 0
1 0.7 0 0 0
1 0.72 0 0 0
1 0.74 0 0 0
1 0.76 0 0 0
1 0.78 0 0 0
1 0.8 0 0 0
1 0.82 0 0 0
1 0.84 0 0 0
1 0.86 0 0 0
1 0.88 0 0 0
1 0.9 0 0 0
1 0.92 0 0 0
1 0.94 0 0 0
1 0.96 0 0 0
1 0.98 0 0 0
1 1 0 0 0
0.98 1 0 0 0
0.96 1 0 0 0
0.94 1 0 0 0
0.92 1 0 0 0
0.9 1 0 0 0
0.88 1 0 0 0
0.86 1 0 0 0
0.84 1 0 0 0
0.82 1 0 0 0
0.8 1 0 0 0
0.78 1 0 0 0
0.76 1 0 0 0
0.74 1 0 0 0
0.72 1 0 0 0
0.7 1 0 0 0
0.68 1 0 0 0
0.66 1 0 0 0
0.64 1 0 0 0
0.62 1 0 0 0
0.6 1 0 0 0
0.58 1 0 0 0
0.56 1 0 0 0
0.54 1 0 0 0
0.52 1 0 0 0
0.5 1 0 0 0
0.48 1 0 0 0
0.46 1 0 0 0
0.44 1 0 0 0
0.42 1 0 0 0
0.4 1 0 0 0
0.38 1 0 0 0
0.36 1 0 0 0
0.34 1 0 0 0
0.32 1 0 0 0
0.3 1 0 0 0
0.28 1 0 0 0
0.26 1 0 0 0
0.24 1 0 0 0
0.22 1 0 0 0
0.2 1 0 0 0
0.18 1 0 0 0
0.16 1 0 0 0
0.14 1 0 0 0
0.12 1 0 0 0
0.1 1 0 0 0
0.08 1 0 0 0
0.06 1 0 0 0
0.04 1 0 0 0
0.02 1 0 0 0
0 1 0 0 0
0 0.98 0 0 0
0 0.96 0 0 0
0 0.94 0 0 0
0 0.92 0 0 0
0 0.9 0 0 0
0 0.88 0 0 0
0 0.86 0 0 0
0 0.84 0 0 0
0 0.82 0 0 0
0 0.8 0 0 0
0 0.78 0 0 0
0 0.76 0 0 0
0 0.74 0 0 0
0 0.72 0 0 0
0 0.7 0 0 0
0 0.68 0 0 0
0 0.66 0 0 0
0 0.64 0 0 0
0 0.62 0 0 0
0 0.6 0 1 0
0 0.58 0 1 0
0 0.56 0 1 0
0 0.54 0 1 0
0 0.52 0 1 0
0 0.5 0 1 0
0 0.48 0 1 0
0 0.46 0 1 0
0 0.44 0 1 0
0 0.42 0 1 0
0 0.4 0 0 0
0 0.38 0 0 0
0 0.36 0 0 0
0 0.34 0 0 0
0 0.32 0 0 0
0 0.3 0 0 0
0 0.28 0 0 0
0 0.26 0 0 0
0 0.24 0 0 0
0 0.22 0 0 0
0 0.2 0 0 0
0 0.18 0 0 0
0 0.16 0 0 0
0 0.14 0 0 0
0 0.12 0 0 0
0 0.1 0 0 0
0 0.08 0 0 0
0 0.06 0 0 0
0 0.04 0 0 0
0 0.02 0 0 0
0.910322 0.976231 0 0 0
0.926527 0.967895 0 0 0
0.928837 0.985989 0 0 0
0.0159445 0.0159445 0 0 0
0.0159445 0.984056 0 0 0
0.984056 0.984056 0 0 0
0.984056 0.0159445 0 0 0
0.0459156 0.0348651 0 0 0
0.0459943 0.0522743 0 0 0
0.0317061 0.0425761 0 0 0
0.0298243 0.0121803 0 0 0
0.0429773 0.0186472 0 0 0
0.9663 0.04563 0 0 0
0.951126 0.0483125 0 0 0
0.956126 0.0341332 0 0 0
0.987945 0.0298552 0 0 0
0.981973 0.0430324 0 0 0
0.0722369 0.0725412 0 0 0
0.0875402 0.0632127 0 0 0
0.0862561 0.0819748 0 0 0
0.0774921 0.034193 0 0 0
0.0602051 0.0263499 0 0 0
0.0733693 0.015954 0 0 0
0.964363 0.0967538 0 0 0
0.952922 0.0808451 0 0 0
0.969801 0.0770109 0 0 0
0.975294 0.0589642 0 0 0
0.985798 0.0703433 0 0 0
0.132183 0.0130001 0 0 0
0.0968109 0.0422519 0 0 0
0.103487 0.024147 0 0 0
0.116241 0.0339209 0 0 0
0.987395 0.132846 0 0 0
0.967376 0.116255 0 0 0
0.950605 0.10999 0 0 0
0.149797 0.0189484 0 0 0
0.131988 0.0276705 0 0 0
0.119132 0.0183815 0 0 0
0.981717 0.150729 0 0 0
0.972843 0.132563 0 0 0
0.982142 0.119883 0 0 0
0.0149387 0.0656801 0 0 0
0.173915 0.018322 0 0 0
0.931233 0.0129047 0 0 0
0.985343 0.172854 0 0 0
0.0131079 0.082905 0 0 0
0.900805 0.0534214 0 0 0
0.879122 0.0532181 0 0 0
0.888607 0.0392012 0 0 0
0.0339826 0.956282 0 0 0
0.0159188 0.963717 0 0 0
0.0240652 0.94295 0 0 0
0.230586 0.015875 0 0 0
0.20747 0.0158422 0 0 0
0.0140063 0.111622 0 0 0
0.0211359 0.0947586 0 0 0
0.0300714 0.108624 0 0 0
0.244474 0.0241073 0 0 0
0.233502 0.0330105 0 0 0
0.0224117 0.121583 0 0 0
0.0201975 0.136075 0 0 0
0.0111021 0.125679 0 0 0
0.0155599 0.153769 0 0 0
0.0116768 0.169698 0 0 0
0.197175 0.122867 0 0 0
0.202062 0.110717 0 0 0
0.210407 0.123833 0 0 0
0.25029 0.0124951 0 0 0
0.0182154 0.353064 0 0 0
0.0342549 0.338912 0 0 0
0.0394451 0.357964 0 0 0
0.301991 0.0153207 0 0 0
0.285374 0.0244734 0 0 0
0.287293 0.0102893 0 0 0
0.0436157 0.167624 0 0 0
0.0354739 0.14863 0 0 0
0.0560991 0.155237 0 0 0
0.0351989 0.183675 0 0 0
0.0260111 0.168214 0 0 0
0.318076 0.0220692 0 0 0
0.0866341 0.180055 0 0 0
0.0681606 0.179861 0 0 0
0.0740698 0.163262 0 0 0
0.301205 0.0350925 0 0 0
0.957351 0.965266 0 0 0
0.964234 0.983535 0 0 0
0.944431 0.975293 0 0 0
0.146171 0.310229 0 0 0
0.134791 0.322427 0 0 0
0.128597 0.307181 0 0 0
0.30941 0.0538088 0 0 0
0.32264 0.0639022 0 0 0
0.310093 0.0703936 0 0 0
0.33155 0.0141284 0 0 0
0.3364 0.0334244 0 0 0
0.0150853 0.269093 0 0 0
0.0139137 0.24901 0 0 0
0.0311824 0.257497 0 0 0
0.400711 0.107691 0 0 0
0.380497 0.108023 0 0 0
0.392181 0.0961103 0 0 0
0.340612 0.179677 0 0 0
0.346813 0.197464 0 0 0
0.328879 0.198842 0 0 0
0.891589 0.0135859 0 0 0
0.983569 0.206104 0 0 0
0.984116 0.226211 0 0 0
0.980533 0.241617 0 0 0
0.968472 0.23216 0 0 0
0.871938 0.0144751 0 0 0
0.812524 0.0226312 0 0 0
0.798433 0.0119867 0 0 0
0.92039 0.230037 0 0 0
0.937696 0.237322 0 0 0
0.919982 0.247895 0 0 0
0.983261 0.256241 0 0 0
0.875163 0.0907958 0 0 0
0.854397 0.0854734 0 0 0
0.871054 0.0710718 0 0 0
0.988334 0.290776 0 0 0
0.984421 0.307797 0 0 0
0.972774 0.288961 0 0 0
0.841805 0.0236141 0 0 0
0.827671 0.0160334 0 0 0
0.971253 0.322008 0 0 0
0.968377 0.305211 0 0 0
0.780056 0.0373771 0 0 0
0.779558 0.0568589 0 0 0
0.763794 0.0459657 0 0 0
0.949453 0.266071 0 0 0
0.968931 0.26962 0 0 0
0.957573 0.280972 0 0 0
0.354626 0.0244546 0 0 0
0.370517 0.0154778 0 0 0
0.368815 0.0327296 0 0 0
0.0464233 0.324773 0 0 0
0.0563073 0.308952 0 0 0
0.0643318 0.32521 0 0 0
0.919314 0.308104 0 0 0
0.920219 0.326282 0 0 0
0.904147 0.310022 0 0 0
0.781371 0.0199666 0 0 0
0.768241 0.0128319 0 0 0
0.983028 0.345262 0 0 0
0.751167 0.0165412 0 0 0
0.734924 0.0274057 0 0 0
0.732812 0.0127645 0 0 0
0.706022 0.0108856 0 0 0
0.717969 0.0198758 0 0 0
0.700844 0.0217695 0 0 0
0.98873 0.373236 0 0 0
0.984168 0.389131 0 0 0
0.978022 0.375221 0 0 0
0.636582 0.0459618 0 0 0
0.646844 0.0344093 0 0 0
0.652761 0.0479617 0 0 0
0.854906 0.285676 0 0 0
0.834036 0.284851 0 0 0
0.845415 0.267203 0 0 0
0.418325 0.0238513 0 0 0
0.402369 0.0158744 0 0 0
0.013972 0.314164 0 0 0
0.0256825 0.310734 0 0 0
0.0221373 0.319527 0 0 0
0.0278015 0.371936 0 0 0
0.0173182 0.383367 0 0 0
0.012667 0.369673 0 0 0
0.445361 0.0133032 0 0 0
0.458427 0.0250208 0 0 0
0.386575 0.0273568 0 0 0
0.380228 0.044311 0 0 0
0.0517054 0.342227 0 0 0
0.0314328 0.387193 0 0 0
0.0506882 0.379774 0 0 0
0.462185 0.0431779 0 0 0
0.448983 0.040036 0 0 0
0.511108 0.0159125 0 0 0
0.493336 0.0246234 0 0 0
0.492248 0.0114377 0 0 0
0.0577199 0.35945 0 0 0
0.062988 0.369691 0 0 0
0.0220031 0.461948 0 0 0
0.0139197 0.447892 0 0 0
0.0292184 0.445696 0 0 0
0.529945 0.106957 0 0 0
0.53905 0.128329 0 0 0
0.521761 0.121451 0 0 0
0.506166 0.0299547 0 0 0
0.59594 0.0289514 0 0 0
0.582784 0.0173722 0 0 0
0.594009 0.012643 0 0 0
0.477655 0.984323 0 0 0
0.461634 0.97699 0 0 0
0.56771 0.0144492 0 0 0
0.574656 0.0311881 0 0 0
0.558797 0.0256961 0 0 0
0.968177 0.596584 0 0 0
0.985409 0.593007 0 0 0
0.983873 0.609289 0 0 0
0.559115 0.0581913 0 0 0
0.558751 0.0396895 0 0 0
0.571497 0.046396 0 0 0
0.633427 0.0721631 0 0 0
0.645404 0.0809144 0 0 0
0.632688 0.0897057 0 0 0
0.989457 0.429844 0 0 0
0.984628 0.412133 0 0 0
0.0350349 0.479069 0 0 0
0.0129001 0.479918 0 0 0
0.62842 0.0301193 0 0 0
0.620606 0.0466127 0 0 0
0.612128 0.033894 0 0 0
0.655464 0.0118712 0 0 0
0.643224 0.0196351 0 0 0
0.988073 0.625382 0 0 0
0.432147 0.987015 0 0 0
0.446882 0.984744 0 0 0
0.73042 0.16742 0 0 0
0.719858 0.172723 0 0 0
0.715874 0.158761 0 0 0
0.973963 0.431429 0 0 0
0.988151 0.483958 0 0 0
0.984561 0.466318 0 0 0
0.976489 0.479113 0 0 0
0.907717 0.498938 0 0 0
0.922908 0.516261 0 0 0
0.905349 0.51978 0 0 0
0.983346 0.52751 0 0 0
0.972774 0.511727 0 0 0
0.987305 0.510707 0 0 0
0.976921 0.579123 0 0 0
0.130502 0.515527 0 0 0
0.146949 0.512698 0 0 0
0.144066 0.52798 0 0 0
0.938311 0.582246 0 0 0
0.957758 0.579173 0 0 0
0.95179 0.593619 0 0 0
0.416273 0.917679 0 0 0
0.420318 0.930389 0 0 0
0.403745 0.929255 0 0 0
0.70425 0.621909 0 0 0
0.689345 0.629073 0 0 0
0.689805 0.610436 0 0 0
0.941571 0.672277 0 0 0
0.946248 0.688184 0 0 0
0.92917 0.686405 0 0 0
0.37882 0.940407 0 0 0
0.371022 0.951558 0 0 0
0.361661 0.939564 0 0 0
0.988813 0.680241 0 0 0
0.982735 0.667375 0 0 0
0.245747 0.638748 0 0 0
0.255901 0.624043 0 0 0
0.262919 0.640131 0 0 0
0.979111 0.696304 0 0 0
0.38789 0.98868 0 0 0
0.370484 0.984468 0 0 0
0.386987 0.974555 0 0 0
0.91089 0.690685 0 0 0
0.923479 0.704333 0 0 0
0.907044 0.705215 0 0 0
0.0101105 0.530509 0 0 0
0.988891 0.728308 0 0 0
0.984436 0.742435 0 0 0
0.974808 0.726748 0 0 0
0.335635 0.969096 0 0 0
0.354866 0.975106 0 0 0
0.343118 0.983953 0 0 0
0.972784 0.787191 0 0 0
0.957234 0.784097 0 0 0
0.965717 0.772178 0 0 0
0.031842 0.575132 0 0 0
0.0180389 0.581954 0 0 0
0.0166731 0.565334 0 0 0
0.983926 0.775124 0 0 0
0.987122 0.789247 0 0 0
0.30159 0.985309 0 0 0
0.31735 0.977738 0 0 0
0.978898 0.80392 0 0 0
0.0489453 0.565024 0 0 0
0.0600508 0.577757 0 0 0
0.0460717 0.5856 0 0 0
0.862337 0.771413 0 0 0
0.882749 0.773381 0 0 0
0.876344 0.790023 0 0 0
0.269653 0.986275 0 0 0
0.97381 0.822552 0 0 0
0.964743 0.8117 0 0 0
0.0135488 0.628006 0 0 0
0.0306256 0.626637 0 0 0
0.0200083 0.642212 0 0 0
0.985853 0.83282 0 0 0
0.967024 0.845242 0 0 0
0.332912 0.946347 0 0 0
0.317803 0.941408 0 0 0
0.323736 0.932745 0 0 0
0.945507 0.840278 0 0 0
0.947659 0.85833 0 0 0
0.284253 0.97583 0 0 0
0.287293 0.989711 0 0 0
0.903976 0.843497 0 0 0
0.907409 0.860374 0 0 0
0.890849 0.85747 0 0 0
0.0573461 0.611853 0 0 0
0.0633704 0.595814 0 0 0
0.0714978 0.614949 0 0 0
0.983864 0.902764 0 0 0
0.0171102 0.611181 0 0 0
0.984503 0.933281 0 0 0
0.978398 0.91778 0 0 0
0.218004 0.971295 0 0 0
0.23288 0.968561 0 0 0
0.230239 0.984142 0 0 0
0.966478 0.904496 0 0 0
0.0748011 0.635094 0 0 0
0.058889 0.626277 0 0 0
0.988447 0.969024 0 0 0
0.353336 0.880516 0 0 0
0.33738 0.882487 0 0 0
0.34169 0.870529 0 0 0
0.0266039 0.923134 0 0 0
0.0124995 0.930776 0 0 0
0.0135593 0.911521 0 0 0
0.0821512 0.935664 0 0 0
0.0969058 0.945523 0 0 0
0.0814735 0.952308 0 0 0
0.0311737 0.863945 0 0 0
0.0530798 0.864393 0 0 0
0.0437019 0.883045 0 0 0
0.0298312 0.987907 0 0 0
0.368552 0.656747 0 0 0
0.387089 0.656649 0 0 0
0.378219 0.672816 0 0 0
0.0231031 0.842611 0 0 0
0.0133911 0.855503 0 0 0
0.070279 0.985805 0 0 0
0.0541364 0.988724 0 0 0
0.0223122 0.813609 0 0 0
0.01609 0.828099 0 0 0
0.0768853 0.969694 0 0 0
0.0912979 0.983508 0 0 0
0.0119086 0.798893 0 0 0
0.10623 0.977209 0 0 0
0.119356 0.98214 0 0 0
0.10771 0.988389 0 0 0
0.115238 0.967721 0 0 0
0.0971899 0.964162 0 0 0
0.019652 0.782886 0 0 0
0.132479 0.987244 0 0 0
0.129569 0.735901 0 0 0
0.128497 0.718933 0 0 0
0.142507 0.723471 0 0 0
0.335426 0.928457 0 0 0
0.0772807 0.669015 0 0 0
0.0943196 0.683962 0 0 0
0.0772511 0.685831 0 0 0
0.17269 0.985075 0 0 0
0.186806 0.974225 0 0 0
0.189288 0.988548 0 0 0
0.0352298 0.731922 0 0 0
0.0225893 0.719629 0 0 0
0.0435288 0.718118 0 0 0
0.218902 0.952501 0 0 0
0.201819 0.932361 0 0 0
0.221725 0.934056 0 0 0
0.0357875 0.748699 0 0 0
0.0242816 0.737294 0 0 0
0.20664 0.983377 0 0 0
0.0111884 0.706832 0 0 0
0.0129453 0.691585 0 0 0
0.0219576 0.701959 0 0 0
0.511601 0.983669 0 0 0
0.492359 0.988582 0 0 0
0.493352 0.974965 0 0 0
0.483518 0.871208 0 0 0
0.496858 0.890923 0 0 0
0.478089 0.89148 0 0 0
0.698345 0.777114 0 0 0
0.700041 0.795001 0 0 0
0.687168 0.790107 0 0 0
0.530055 0.989831 0 0 0
0.573229 0.968259 0 0 0
0.582078 0.982358 0 0 0
0.565932 0.985411 0 0 0
0.563168 0.932525 0 0 0
0.547209 0.934118 0 0 0
0.556666 0.920171 0 0 0
0.628007 0.98645 0 0 0
0.626637 0.969374 0 0 0
0.642219 0.979973 0 0 0
0.613292 0.941747 0 0 0
0.597122 0.935065 0 0 0
0.619084 0.9258 0 0 0
0.611182 0.982901 0 0 0
0.636488 0.927431 0 0 0
0.627384 0.94112 0 0 0
0.708579 0.987769 0 0 0
0.69194 0.98307 0 0 0
0.707353 0.974749 0 0 0
0.751772 0.9634 0 0 0
0.738763 0.976823 0 0 0
0.733102 0.965963 0 0 0
0.722897 0.979571 0 0 0
0.716305 0.958867 0 0 0
0.747328 0.895955 0 0 0
0.731988 0.879946 0 0 0
0.748292 0.876625 0 0 0
0.774904 0.884988 0 0 0
0.791588 0.874272 0 0 0
0.785301 0.891039 0 0 0
0.782611 0.976925 0 0 0
0.799115 0.987706 0 0 0
0.812959 0.979246 0 0 0
0.827133 0.985544 0 0 0
0.837205 0.980403 0 0 0
0.852006 0.981984 0 0 0
0.86303 0.943001 0 0 0
0.861283 0.964263 0 0 0
0.845992 0.947837 0 0 0
0.970722 0.928798 0 0 0
0.956973 0.934737 0 0 0
0.961109 0.918461 0 0 0
0.969005 0.537637 0 0 0
0.967614 0.524421 0 0 0
0.895002 0.935005 0 0 0
0.905175 0.947767 0 0 0
0.891678 0.950123 0 0 0
0.685371 0.649633 0 0 0
0.676192 0.633427 0 0 0
0.939487 0.462072 0 0 0
0.929953 0.447619 0 0 0
0.94504 0.440872 0 0 0
0.653757 0.396546 0 0 0
0.636658 0.411493 0 0 0
0.62544 0.396919 0 0 0
0.671862 0.801223 0 0 0
0.683376 0.814594 0 0 0
0.669834 0.82448 0 0 0
0.402387 0.985 0 0 0
0.346084 0.577977 0 0 0
0.343827 0.598322 0 0 0
0.329098 0.585024 0 0 0
0.772568 0.530217 0 0 0
0.78439 0.540258 0 0 0
0.77233 0.543745 0 0 0
0.0548209 0.921955 0 0 0
0.0545741 0.900695 0 0 0
0.0677624 0.91205 0 0 0
0.202342 0.631034 0 0 0
0.22165 0.625285 0 0 0
0.219301 0.643931 0 0 0
0.0193949 0.429587 0 0 0
0.0139336 0.409278 0 0 0
0.0275748 0.412809 0 0 0
0.404759 0.370583 0 0 0
0.408841 0.352233 0 0 0
0.420617 0.36483 0 0 0
0.529379 0.559991 0 0 0
0.514846 0.553325 0 0 0
0.526422 0.545993 0 0 0
0.497171 0.0400655 0 0 0
0.513405 0.0414287 0 0 0
0.504198 0.057412 0 0 0
0.943073 0.0240779 0 0 0
0.923472 0.0265362 0 0 0
0.476907 0.0159968 0 0 0
0.352946 0.377515 0 0 0
0.36265 0.366795 0 0 0
0.371306 0.379907 0 0 0
0.740103 0.545152 0 0 0
0.743373 0.526569 0 0 0
0.757936 0.538632 0 0 0
0.358887 0.341733 0 0 0
0.347091 0.357819 0 0 0
0.34415 0.340342 0 0 0
0.298573 0.358336 0 0 0
0.286824 0.348455 0 0 0
0.301527 0.340055 0 0 0
0.0108051 0.0504723 0 0 0
0.815136 0.516004 0 0 0
0.830653 0.527872 0 0 0
0.819429 0.537231 0 0 0
0.966876 0.647625 0 0 0
0.97973 0.63569 0 0 0
0.983281 0.652806 0 0 0
0.58872 0.29309 0 0 0
0.604212 0.303228 0 0 0
0.587977 0.311943 0 0 0
0.396948 0.525977 0 0 0
0.390909 0.509579 0 0 0
0.401899 0.512068 0 0 0
0.147338 0.823157 0 0 0
0.145193 0.804236 0 0 0
0.162969 0.811107 0 0 0
0.0294082 0.594794 0 0 0
0.660933 0.0249805 0 0 0
0.662965 0.0378316 0 0 0
0.605611 0.2823 0 0 0
0.585656 0.273718 0 0 0
0.601574 0.26712 0 0 0
0.688087 0.801989 0 0 0
0.594734 0.970461 0 0 0
0.904806 0.398703 0 0 0
0.887008 0.405392 0 0 0
0.891856 0.391342 0 0 0
0.750736 0.32021 0 0 0
0.753661 0.335879 0 0 0
0.739662 0.329451 0 0 0
0.239359 0.36858 0 0 0
0.237214 0.3504 0 0 0
0.249984 0.361206 0 0 0
0.210864 0.435325 0 0 0
0.196571 0.44867 0 0 0
0.189677 0.430285 0 0 0
0.283539 0.701599 0 0 0
0.285493 0.719008 0 0 0
0.272781 0.710679 0 0 0
0.4608 0.805922 0 0 0
0.44771 0.817313 0 0 0
0.443702 0.801041 0 0 0
0.402247 0.0299501 0 0 0
0.411112 0.0402138 0 0 0
0.438677 0.148283 0 0 0
0.446407 0.159078 0 0 0
0.43066 0.161096 0 0 0
0.512179 0.634851 0 0 0
0.531396 0.628003 0 0 0
0.525453 0.643153 0 0 0
0.597943 0.494938 0 0 0
0.576701 0.495665 0 0 0
0.586446 0.481695 0 0 0
0.527947 0.745738 0 0 0
0.546169 0.750952 0 0 0
0.532522 0.760532 0 0 0
0.266507 0.60706 0 0 0
0.24713 0.608918 0 0 0
0.715714 0.465705 0 0 0
0.695947 0.456509 0 0 0
0.710482 0.448729 0 0 0
0.782334 0.648262 0 0 0
0.761414 0.650809 0 0 0
0.769335 0.634377 0 0 0
0.728375 0.179202 0 0 0
0.730162 0.192489 0 0 0
0.717508 0.184984 0 0 0
0.766014 0.0280058 0 0 0
0.750236 0.0356279 0 0 0
0.671255 0.98523 0 0 0
0.847086 0.891819 0 0 0
0.865161 0.873903 0 0 0
0.865008 0.894687 0 0 0
0.0143551 0.67209 0 0 0
0.257466 0.68491 0 0 0
0.259016 0.705682 0 0 0
0.24058 0.69964 0 0 0
0.622924 0.280451 0 0 0
0.620276 0.294928 0 0 0
0.722614 0.293758 0 0 0
0.731602 0.312026 0 0 0
0.712477 0.305433 0 0 0
0.389026 0.48238 0 0 0
0.368904 0.485921 0 0 0
0.378019 0.471575 0 0 0
0.379766 0.295794 0 0 0
0.379158 0.312271 0 0 0
0.36673 0.306521 0 0 0
0.903126 0.578799 0 0 0
0.918723 0.580036 0 0 0
0.907217 0.593429 0 0 0
0.830218 0.436462 0 0 0
0.838155 0.419848 0 0 0
0.848649 0.428303 0 0 0
0.744135 0.178922 0 0 0
0.743091 0.197395 0 0 0
0.935907 0.0408862 0 0 0
0.91037 0.989404 0 0 0
0.892691 0.984802 0 0 0
0.808485 0.791929 0 0 0
0.822698 0.777367 0 0 0
0.831502 0.791157 0 0 0
0.0133751 0.892257 0 0 0
0.0263071 0.904057 0 0 0
0.270045 0.936953 0 0 0
0.28034 0.956545 0 0 0
0.25651 0.951166 0 0 0
0.161865 0.182885 0 0 0
0.158411 0.168748 0 0 0
0.175118 0.168886 0 0 0
0.0158206 0.0350103 0 0 0
0.88793 0.639589 0 0 0
0.882559 0.621594 0 0 0
0.901029 0.624946 0 0 0
0.97571 0.758514 0 0 0
0.632028 0.346044 0 0 0
0.643473 0.363074 0 0 0
0.630001 0.364632 0 0 0
0.492221 0.251431 0 0 0
0.498129 0.23301 0 0 0
0.512968 0.240869 0 0 0
0.500317 0.758518 0 0 0
0.517471 0.759854 0 0 0
0.507539 0.774431 0 0 0
0.675895 0.619218 0 0 0
0.244122 0.509392 0 0 0
0.228537 0.50663 0 0 0
0.240589 0.495993 0 0 0
0.335682 0.774202 0 0 0
0.327607 0.756096 0 0 0
0.345009 0.757142 0 0 0
0.244035 0.977191 0 0 0
0.24991 0.987654 0 0 0
0.259387 0.85743 0 0 0
0.279606 0.865768 0 0 0
0.261185 0.876713 0 0 0
0.0130652 0.205757 0 0 0
0.0191329 0.219404 0 0 0
0.214991 0.289364 0 0 0
0.208018 0.272109 0 0 0
0.227653 0.278751 0 0 0
0.175667 0.105533 0 0 0
0.17409 0.0875948 0 0 0
0.190267 0.0991569 0 0 0
0.253507 0.0681267 0 0 0
0.250517 0.0901998 0 0 0
0.235206 0.0770165 0 0 0
0.901612 0.164769 0 0 0
0.899993 0.185575 0 0 0
0.887146 0.172522 0 0 0
0.905278 0.260099 0 0 0
0.893168 0.254446 0 0 0
0.903498 0.240724 0 0 0
0.551355 0.528663 0 0 0
0.56334 0.518411 0 0 0
0.570353 0.532844 0 0 0
0.47286 0.400162 0 0 0
0.49191 0.39736 0 0 0
0.485327 0.414677 0 0 0
0.395551 0.123119 0 0 0
0.390261 0.139172 0 0 0
0.382232 0.126567 0 0 0
0.3573 0.2271 0 0 0
0.363119 0.242168 0 0 0
0.346807 0.240979 0 0 0
0.553237 0.892707 0 0 0
0.544853 0.880256 0 0 0
0.560013 0.877218 0 0 0
0.44883 0.970711 0 0 0
0.441565 0.958975 0 0 0
0.457656 0.959667 0 0 0
0.517595 0.028969 0 0 0
0.457587 0.171682 0 0 0
0.45934 0.15468 0 0 0
0.113709 0.568622 0 0 0
0.1072 0.554411 0 0 0
0.122027 0.550508 0 0 0
0.0409456 0.459113 0 0 0
0.489307 0.72025 0 0 0
0.480127 0.738693 0 0 0
0.471699 0.721073 0 0 0
0.29429 0.831588 0 0 0
0.304892 0.847879 0 0 0
0.288667 0.849033 0 0 0
0.293962 0.47736 0 0 0
0.311472 0.474336 0 0 0
0.300203 0.487481 0 0 0
0.177542 0.317296 0 0 0
0.179929 0.33393 0 0 0
0.164649 0.328328 0 0 0
0.866381 0.471836 0 0 0
0.848098 0.472983 0 0 0
0.85896 0.455575 0 0 0
0.926053 0.373672 0 0 0
0.945837 0.38026 0 0 0
0.933323 0.391739 0 0 0
0.5385 0.495744 0 0 0
0.555578 0.491763 0 0 0
0.548293 0.510641 0 0 0
0.684323 0.561683 0 0 0
0.692519 0.573515 0 0 0
0.679724 0.574556 0 0 0
0.27025 0.232444 0 0 0
0.290962 0.235319 0 0 0
0.275305 0.251153 0 0 0
0.118999 0.245075 0 0 0
0.10041 0.232866 0 0 0
0.118469 0.225933 0 0 0
0.763471 0.296509 0 0 0
0.781942 0.298076 0 0 0
0.768362 0.31633 0 0 0
0.785214 0.152648 0 0 0
0.78512 0.171839 0 0 0
0.768674 0.155941 0 0 0
0.204941 0.685888 0 0 0
0.222784 0.690656 0 0 0
0.211159 0.702317 0 0 0
0.277203 0.791559 0 0 0
0.259736 0.780243 0 0 0
0.275321 0.771449 0 0 0
0.87412 0.655722 0 0 0
0.855302 0.6659 0 0 0
0.858816 0.649276 0 0 0
0.894763 0.607059 0 0 0
0.887343 0.587685 0 0 0
0.697747 0.811621 0 0 0
0.716032 0.804047 0 0 0
0.668655 0.954152 0 0 0
0.659389 0.970608 0 0 0
0.654942 0.954705 0 0 0
0.123553 0.690445 0 0 0
0.139812 0.685764 0 0 0
0.135771 0.705105 0 0 0
0.0458321 0.669892 0 0 0
0.0290266 0.66018 0 0 0
0.0453683 0.6553 0 0 0
0.57871 0.0864998 0 0 0
0.559852 0.096882 0 0 0
0.560555 0.0776805 0 0 0
0.233527 0.22183 0 0 0
0.223908 0.20623 0 0 0
0.235296 0.210351 0 0 0
0.0885283 0.24842 0 0 0
0.0731482 0.243283 0 0 0
0.0835425 0.232771 0 0 0
0.72204 0.832245 0 0 0
0.723756 0.817652 0 0 0
0.738435 0.823256 0 0 0
0.807257 0.615748 0 0 0
0.794268 0.628716 0 0 0
0.793141 0.610328 0 0 0
0.44527 0.585204 0 0 0
0.4503 0.569534 0 0 0
0.462799 0.585296 0 0 0
0.364305 0.586083 0 0 0
0.36103 0.566697 0 0 0
0.379599 0.571875 0 0 0
0.515174 0.436313 0 0 0
0.5329 0.43446 0 0 0
0.522373 0.448378 0 0 0
0.702892 0.423712 0 0 0
0.688325 0.432164 0 0 0
0.685352 0.417709 0 0 0
0.755024 0.749234 0 0 0
0.758757 0.732961 0 0 0
0.770684 0.745468 0 0 0
0.799743 0.738595 0 0 0
0.797206 0.718262 0 0 0
0.814277 0.727333 0 0 0
0.81396 0.886172 0 0 0
0.82121 0.902852 0 0 0
0.805471 0.905625 0 0 0
0.751496 0.984279 0 0 0
0.734994 0.988276 0 0 0
0.0690807 0.854437 0 0 0
0.0654106 0.835406 0 0 0
0.0815228 0.845074 0 0 0
0.0159736 0.751251 0 0 0
0.0125689 0.733635 0 0 0
0.753806 0.164349 0 0 0
0.741885 0.162148 0 0 0
0.746725 0.122466 0 0 0
0.765281 0.134655 0 0 0
0.748574 0.146886 0 0 0
0.675477 0.493496 0 0 0
0.691194 0.490152 0 0 0
0.686565 0.505693 0 0 0
0.865176 0.554573 0 0 0
0.875141 0.572032 0 0 0
0.856609 0.573734 0 0 0
0.489831 0.126994 0 0 0
0.491245 0.146614 0 0 0
0.478904 0.139549 0 0 0
0.348376 0.147587 0 0 0
0.36295 0.152462 0 0 0
0.349786 0.161792 0 0 0
0.196605 0.379961 0 0 0
0.204279 0.392231 0 0 0
0.190983 0.392168 0 0 0
0.34558 0.826235 0 0 0
0.352046 0.843356 0 0 0
0.332573 0.838034 0 0 0
0.418032 0.976623 0 0 0
0.391914 0.545996 0 0 0
0.408512 0.542881 0 0 0
0.404931 0.557246 0 0 0
0.282558 0.414558 0 0 0
0.281928 0.43457 0 0 0
0.265484 0.423115 0 0 0
0.648553 0.332809 0 0 0
0.662614 0.322594 0 0 0
0.665219 0.342173 0 0 0
0.51289 0.2849 0 0 0
0.502163 0.272879 0 0 0
0.525607 0.272576 0 0 0
0.23628 0.468209 0 0 0
0.245024 0.452133 0 0 0
0.248041 0.472364 0 0 0
0.349956 0.618841 0 0 0
0.334005 0.630353 0 0 0
0.330985 0.615383 0 0 0
0.506049 0.722406 0 0 0
0.49577 0.733556 0 0 0
0.616061 0.645925 0 0 0
0.635247 0.643044 0 0 0
0.630145 0.652373 0 0 0
0.874238 0.34167 0 0 0
0.867306 0.327755 0 0 0
0.883045 0.328376 0 0 0
0.736387 0.456756 0 0 0
0.756822 0.450991 0 0 0
0.748547 0.468564 0 0 0
0.4879 0.285093 0 0 0
0.492337 0.303212 0 0 0
0.47809 0.295892 0 0 0
0.425424 0.347919 0 0 0
0.436604 0.360744 0 0 0
0.646524 0.44523 0 0 0
0.637989 0.460272 0 0 0
0.631969 0.444435 0 0 0
0.674113 0.464223 0 0 0
0.68233 0.445524 0 0 0
0.985955 0.849091 0 0 0
0.866694 0.80412 0 0 0
0.866123 0.818887 0 0 0
0.854408 0.809822 0 0 0
0.213914 0.406563 0 0 0
0.231776 0.401576 0 0 0
0.227002 0.414908 0 0 0
0.222964 0.475446 0 0 0
0.228328 0.491174 0 0 0
0.212938 0.493151 0 0 0
0.590227 0.692377 0 0 0
0.589108 0.670173 0 0 0
0.603846 0.68093 0 0 0
0.580615 0.622516 0 0 0
0.596399 0.633149 0 0 0
0.580937 0.640343 0 0 0
0.894399 0.536307 0 0 0
0.890456 0.515672 0 0 0
0.985082 0.565872 0 0 0
0.689392 0.201297 0 0 0
0.675941 0.182795 0 0 0
0.691154 0.179325 0 0 0
0.559917 0.193716 0 0 0
0.575016 0.205343 0 0 0
0.559948 0.210576 0 0 0
0.15857 0.724717 0 0 0
0.163578 0.707742 0 0 0
0.175572 0.723812 0 0 0
0.303533 0.650163 0 0 0
0.293283 0.644816 0 0 0
0.299444 0.634772 0 0 0
0.629369 0.832835 0 0 0
0.641081 0.8477 0 0 0
0.623773 0.850564 0 0 0
0.701206 0.744829 0 0 0
0.682444 0.73917 0 0 0
0.694969 0.727649 0 0 0
0.456211 0.76902 0 0 0
0.438348 0.783146 0 0 0
0.438807 0.766505 0 0 0
0.475309 0.775935 0 0 0
0.491179 0.770392 0 0 0
0.491094 0.784747 0 0 0
0.902606 0.147392 0 0 0
0.887733 0.155173 0 0 0
0.888685 0.13876 0 0 0
0.974339 0.186853 0 0 0
0.965139 0.202295 0 0 0
0.137824 0.109295 0 0 0
0.15791 0.104238 0 0 0
0.150721 0.122692 0 0 0
0.191297 0.0239518 0 0 0
0.202599 0.033619 0 0 0
0.275028 0.850325 0 0 0
0.478828 0.176489 0 0 0
0.496333 0.172148 0 0 0
0.495603 0.188879 0 0 0
0.547234 0.0147003 0 0 0
0.0360243 0.52893 0 0 0
0.0286459 0.543559 0 0 0
0.0221599 0.530558 0 0 0
0.0455901 0.618467 0 0 0
0.551574 0.971943 0 0 0
0.532405 0.977305 0 0 0
0.535301 0.962706 0 0 0
0.631069 0.914206 0 0 0
0.283706 0.602157 0 0 0
0.289702 0.618963 0 0 0
0.277598 0.61272 0 0 0
0.433748 0.673267 0 0 0
0.419712 0.682191 0 0 0
0.419282 0.665656 0 0 0
0.304082 0.270542 0 0 0
0.296347 0.288887 0 0 0
0.291993 0.276756 0 0 0
0.278512 0.201472 0 0 0
0.279534 0.220427 0 0 0
0.263548 0.216422 0 0 0
0.112594 0.421597 0 0 0
0.122578 0.439856 0 0 0
0.109648 0.434399 0 0 0
0.214396 0.569506 0 0 0
0.231698 0.562786 0 0 0
0.226326 0.581801 0 0 0
0.542999 0.202957 0 0 0
0.461347 0.191336 0 0 0
0.442054 0.190009 0 0 0
0.416344 0.885479 0 0 0
0.428288 0.873022 0 0 0
0.429891 0.890585 0 0 0
0.569502 0.785517 0 0 0
0.562584 0.767148 0 0 0
0.581487 0.772555 0 0 0
0.630499 0.612542 0 0 0
0.648223 0.615815 0 0 0
0.642175 0.628648 0 0 0
0.555839 0.546951 0 0 0
0.561712 0.563413 0 0 0
0.546282 0.563576 0 0 0
0.290295 0.190967 0 0 0
0.283867 0.179574 0 0 0
0.300747 0.183885 0 0 0
0.140619 0.333269 0 0 0
0.149948 0.324132 0 0 0
0.151622 0.336311 0 0 0
0.43925 0.252743 0 0 0
0.453952 0.239672 0 0 0
0.455202 0.258881 0 0 0
0.29103 0.144681 0 0 0
0.304312 0.127977 0 0 0
0.310348 0.145958 0 0 0
0.751618 0.21227 0 0 0
0.757218 0.193652 0 0 0
0.766151 0.206905 0 0 0
0.704858 0.204945 0 0 0
0.704421 0.191081 0 0 0
0.891637 0.366256 0 0 0
0.872479 0.368953 0 0 0
0.881744 0.354881 0 0 0
0.874201 0.484644 0 0 0
0.85816 0.485908 0 0 0
0.703989 0.232235 0 0 0
0.727002 0.247833 0 0 0
0.706385 0.251648 0 0 0
0.776658 0.371477 0 0 0
0.782744 0.388474 0 0 0
0.765593 0.382643 0 0 0
0.215069 0.828582 0 0 0
0.210709 0.845745 0 0 0
0.201443 0.835719 0 0 0
0.129971 0.834324 0 0 0
0.116928 0.818126 0 0 0
0.13367 0.816027 0 0 0
0.527113 0.658985 0 0 0
0.54795 0.663056 0 0 0
0.536744 0.679319 0 0 0
0.482769 0.629255 0 0 0
0.461703 0.619917 0 0 0
0.484941 0.610239 0 0 0
0.598861 0.377115 0 0 0
0.605503 0.361131 0 0 0
0.617764 0.375748 0 0 0
0.681764 0.343804 0 0 0
0.680793 0.325896 0 0 0
0.0891507 0.455164 0 0 0
0.075474 0.446865 0 0 0
0.0891486 0.441795 0 0 0
0.182137 0.38241 0 0 0
0.171515 0.366209 0 0 0
0.188501 0.369944 0 0 0
0.458387 0.788323 0 0 0
0.417198 0.60691 0 0 0
0.412599 0.626376 0 0 0
0.402187 0.613264 0 0 0
0.533704 0.579179 0 0 0
0.529682 0.597743 0 0 0
0.51553 0.587177 0 0 0
0.55788 0.678714 0 0 0
0.239173 0.317308 0 0 0
0.230353 0.298851 0 0 0
0.25122 0.303788 0 0 0
0.255205 0.257403 0 0 0
0.269852 0.269154 0 0 0
0.445301 0.894567 0 0 0
0.452415 0.910383 0 0 0
0.431928 0.908856 0 0 0
0.357424 0.818126 0 0 0
0.359527 0.829538 0 0 0
0.755789 0.569208 0 0 0
0.765127 0.554982 0 0 0
0.772227 0.569111 0 0 0
0.684975 0.590455 0 0 0
0.862568 0.102805 0 0 0
0.963813 0.015874 0 0 0
0.961478 0.864209 0 0 0
0.977399 0.863404 0 0 0
0.15228 0.945478 0 0 0
0.138405 0.926557 0 0 0
0.156327 0.930866 0 0 0
0.0871309 0.147791 0 0 0
0.0883922 0.127477 0 0 0
0.102448 0.1394 0 0 0
0.227508 0.444444 0 0 0
0.227964 0.427788 0 0 0
0.38891 0.376864 0 0 0
0.382901 0.396172 0 0 0
0.58358 0.889382 0 0 0
0.578897 0.874774 0 0 0
0.594513 0.881915 0 0 0
0.593767 0.805516 0 0 0
0.60786 0.790629 0 0 0
0.612197 0.811659 0 0 0
0.110714 0.58553 0 0 0
0.125423 0.582988 0 0 0
0.115762 0.599611 0 0 0
0.207644 0.608656 0 0 0
0.191757 0.619091 0 0 0
0.188068 0.607512 0 0 0
0.743666 0.487532 0 0 0
0.733636 0.472491 0 0 0
0.871881 0.402188 0 0 0
0.873369 0.415951 0 0 0
0.193685 0.849446 0 0 0
0.175892 0.850023 0 0 0
0.186228 0.834323 0 0 0
0.150279 0.981329 0 0 0
0.209028 0.0938728 0 0 0
0.218016 0.109762 0 0 0
0.114137 0.0771438 0 0 0
0.101865 0.092186 0 0 0
0.0988791 0.0750531 0 0 0
0.874382 0.236086 0 0 0
0.891568 0.224372 0 0 0
0.888181 0.242165 0 0 0
0.937195 0.122321 0 0 0
0.929261 0.101067 0 0 0
0.321177 0.72445 0 0 0
0.320369 0.703332 0 0 0
0.336128 0.709778 0 0 0
0.363521 0.802268 0 0 0
0.387223 0.803725 0 0 0
0.373519 0.821359 0 0 0
0.335486 0.473156 0 0 0
0.34988 0.486854 0 0 0
0.335251 0.496645 0 0 0
0.413946 0.59081 0 0 0
0.430856 0.592635 0 0 0
0.797489 0.137132 0 0 0
0.795369 0.117135 0 0 0
0.808464 0.121052 0 0 0
0.823033 0.166211 0 0 0
0.807211 0.172735 0 0 0
0.816055 0.151805 0 0 0
0.851618 0.326517 0 0 0
0.845546 0.337742 0 0 0
0.839105 0.328528 0 0 0
0.814612 0.26275 0 0 0
0.830608 0.252962 0 0 0
0.828706 0.269869 0 0 0
0.150062 0.210205 0 0 0
0.167644 0.218017 0 0 0
0.15424 0.228047 0 0 0
0.115808 0.199115 0 0 0
0.132238 0.20011 0 0 0
0.120774 0.210985 0 0 0
0.830107 0.725379 0 0 0
0.840709 0.734182 0 0 0
0.828579 0.740897 0 0 0
0.854245 0.856081 0 0 0
0.837329 0.855803 0 0 0
0.847004 0.843662 0 0 0
0.764804 0.7614 0 0 0
0.781158 0.758131 0 0 0
0.704766 0.713326 0 0 0
0.693228 0.696339 0 0 0
0.711952 0.697026 0 0 0
0.683659 0.0330594 0 0 0
0.672502 0.0138288 0 0 0
0.69071 0.0131565 0 0 0
0.682217 0.132812 0 0 0
0.689907 0.143551 0 0 0
0.672668 0.149992 0 0 0
0.68008 0.902605 0 0 0
0.689018 0.886483 0 0 0
0.698996 0.901213 0 0 0
0.698078 0.868871 0 0 0
0.714458 0.874362 0 0 0
0.703362 0.884452 0 0 0
0.10948 0.691888 0 0 0
0.112551 0.677394 0 0 0
0.105974 0.749954 0 0 0
0.119422 0.758666 0 0 0
0.107916 0.769541 0 0 0
0.584585 0.410101 0 0 0
0.561638 0.407899 0 0 0
0.573739 0.393055 0 0 0
0.442481 0.344761 0 0 0
0.321426 0.601175 0 0 0
0.360717 0.603517 0 0 0
0.373801 0.616454 0 0 0
0.971741 0.451325 0 0 0
0.986469 0.446234 0 0 0
0.87805 0.459208 0 0 0
0.88082 0.472699 0 0 0
0.192484 0.257722 0 0 0
0.209255 0.251368 0 0 0
0.26843 0.309147 0 0 0
0.272109 0.326479 0 0 0
0.255913 0.321976 0 0 0
0.894521 0.695912 0 0 0
0.892423 0.714759 0 0 0
0.880299 0.702228 0 0 0
0.633381 0.48962 0 0 0
0.616439 0.489657 0 0 0
0.621555 0.472519 0 0 0
0.649395 0.560476 0 0 0
0.667305 0.565484 0 0 0
0.650047 0.581342 0 0 0
0.505592 0.807721 0 0 0
0.519934 0.799804 0 0 0
0.519852 0.815159 0 0 0
0.564206 0.746192 0 0 0
0.568691 0.730232 0 0 0
0.577461 0.740794 0 0 0
0.186798 0.491037 0 0 0
0.177687 0.503424 0 0 0
0.173853 0.485477 0 0 0
0.277134 0.565271 0 0 0
0.274719 0.585987 0 0 0
0.259563 0.573913 0 0 0
0.508932 0.157943 0 0 0
0.508048 0.177093 0 0 0
0.607578 0.170145 0 0 0
0.617071 0.179472 0 0 0
0.605062 0.186665 0 0 0
0.0754547 0.191053 0 0 0
0.0620447 0.193731 0 0 0
0.472544 0.514386 0 0 0
0.462379 0.502146 0 0 0
0.479973 0.499086 0 0 0
0.541879 0.400588 0 0 0
0.538304 0.377037 0 0 0
0.556198 0.388151 0 0 0
0.981437 0.362414 0 0 0
0.888308 0.30464 0 0 0
0.890508 0.317004 0 0 0
0.260386 0.796127 0 0 0
0.244049 0.790846 0 0 0
0.149767 0.743108 0 0 0
0.164476 0.760043 0 0 0
0.149292 0.76061 0 0 0
0.378827 0.245902 0 0 0
0.375595 0.229087 0 0 0
0.37442 0.139478 0 0 0
0.381462 0.160041 0 0 0
0.0141598 0.872993 0 0 0
0.0986519 0.846138 0 0 0
0.0860619 0.860777 0 0 0
0.872038 0.982859 0 0 0
0.856253 0.909713 0 0 0
0.866946 0.924822 0 0 0
0.848228 0.928589 0 0 0
0.834531 0.0919012 0 0 0
0.837331 0.0749846 0 0 0
0.902194 0.0284424 0 0 0
0.88369 0.0256261 0 0 0
0.0561762 0.238651 0 0 0
0.0543921 0.222066 0 0 0
0.0693829 0.224 0 0 0
0.139495 0.277851 0 0 0
0.141295 0.295459 0 0 0
0.122473 0.290834 0 0 0
0.668089 0.480487 0 0 0
0.654888 0.472257 0 0 0
0.62693 0.500748 0 0 0
0.714455 0.27008 0 0 0
0.729651 0.281988 0 0 0
0.71833 0.283154 0 0 0
0.620847 0.211962 0 0 0
0.61812 0.1936 0 0 0
0.633073 0.199581 0 0 0
0.444593 0.297354 0 0 0
0.431598 0.281401 0 0 0
0.453656 0.278214 0 0 0
0.444908 0.372723 0 0 0
0.442088 0.383449 0 0 0
0.432296 0.375695 0 0 0
0.264568 0.185155 0 0 0
0.269841 0.167983 0 0 0
0.283924 0.161997 0 0 0
0.985547 0.883015 0 0 0
0.920685 0.861599 0 0 0
0.918476 0.84801 0 0 0
0.932463 0.852874 0 0 0
0.515398 0.883769 0 0 0
0.50234 0.874525 0 0 0
0.515881 0.866906 0 0 0
0.473445 0.0577244 0 0 0
0.451884 0.0575522 0 0 0
0.529876 0.0222798 0 0 0
0.529641 0.0100354 0 0 0
0.0714395 0.530904 0 0 0
0.0744646 0.515257 0 0 0
0.0871667 0.524911 0 0 0
0.0158178 0.514671 0 0 0
0.893378 0.568693 0 0 0
0.909855 0.565787 0 0 0
0.758851 0.519003 0 0 0
0.923207 0.486492 0 0 0
0.928041 0.498423 0 0 0
0.946215 0.564084 0 0 0
0.955107 0.546897 0 0 0
0.96716 0.561815 0 0 0
0.0174374 0.33018 0 0 0
0.0839271 0.400053 0 0 0
0.085615 0.386023 0 0 0
0.0988142 0.396209 0 0 0
0.806807 0.689324 0 0 0
0.823053 0.700348 0 0 0
0.809627 0.708647 0 0 0
0.707732 0.600077 0 0 0
0.718425 0.617721 0 0 0
0.110949 0.475108 0 0 0
0.0922275 0.488415 0 0 0
0.0903306 0.470554 0 0 0
0.0739633 0.463312 0 0 0
0.0740918 0.480477 0 0 0
0.496416 0.959345 0 0 0
0.486312 0.944822 0 0 0
0.505579 0.942615 0 0 0
0.478356 0.0363817 0 0 0
0.480963 0.0771231 0 0 0
0.488477 0.0934349 0 0 0
0.472206 0.0928304 0 0 0
0.578708 0.346969 0 0 0
0.571381 0.364191 0 0 0
0.559501 0.348043 0 0 0
0.589476 0.242607 0 0 0
0.60975 0.23413 0 0 0
0.607907 0.253228 0 0 0
0.242926 0.578322 0 0 0
0.254555 0.592419 0 0 0
0.237028 0.59507 0 0 0
0.303279 0.571728 0 0 0
0.312805 0.559804 0 0 0
0.319511 0.572376 0 0 0
0.578916 0.755362 0 0 0
0.552265 0.629521 0 0 0
0.541568 0.645461 0 0 0
0.877548 0.254832 0 0 0
0.863818 0.246609 0 0 0
0.823393 0.179276 0 0 0
0.835123 0.170529 0 0 0
0.225184 0.122916 0 0 0
0.232011 0.112759 0 0 0
0.149361 0.177141 0 0 0
0.181923 0.758363 0 0 0
0.177204 0.780703 0 0 0
0.223171 0.8419 0 0 0
0.231894 0.830399 0 0 0
0.715896 0.319177 0 0 0
0.700751 0.318302 0 0 0
0.755895 0.352582 0 0 0
0.766072 0.342452 0 0 0
0.771471 0.355323 0 0 0
0.915259 0.72194 0 0 0
0.930754 0.737161 0 0 0
0.913758 0.741167 0 0 0
0.83664 0.712131 0 0 0
0.822741 0.714768 0 0 0
0.434951 0.407591 0 0 0
0.448913 0.420204 0 0 0
0.430796 0.426537 0 0 0
0.354776 0.534054 0 0 0
0.358184 0.548672 0 0 0
0.338625 0.541901 0 0 0
0.467308 0.417409 0 0 0
0.460438 0.432496 0 0 0
0.401195 0.443033 0 0 0
0.383673 0.440426 0 0 0
0.396711 0.425619 0 0 0
0.759152 0.929649 0 0 0
0.749787 0.944634 0 0 0
0.739119 0.930646 0 0 0
0.735504 0.950369 0 0 0
0.0780145 0.775435 0 0 0
0.0668691 0.761627 0 0 0
0.0872229 0.759758 0 0 0
0.049962 0.735872 0 0 0
0.751829 0.101204 0 0 0
0.767096 0.113556 0 0 0
0.736983 0.34948 0 0 0
0.724011 0.332295 0 0 0
0.780403 0.428189 0 0 0
0.772585 0.441936 0 0 0
0.762108 0.431411 0 0 0
0.439253 0.451069 0 0 0
0.453915 0.446606 0 0 0
0.449393 0.458274 0 0 0
0.495787 0.529029 0 0 0
0.506188 0.515326 0 0 0
0.514255 0.534192 0 0 0
0.724133 0.750624 0 0 0
0.72984 0.731007 0 0 0
0.742535 0.739832 0 0 0
0.655863 0.673033 0 0 0
0.672392 0.67586 0 0 0
0.664232 0.687706 0 0 0
0.738956 0.845774 0 0 0
0.717608 0.848143 0 0 0
0.88301 0.809166 0 0 0
0.442087 0.266599 0 0 0
0.429894 0.264321 0 0 0
0.476288 0.216763 0 0 0
0.477603 0.197344 0 0 0
0.489418 0.205353 0 0 0
0.787998 0.462494 0 0 0
0.789403 0.444434 0 0 0
0.80222 0.459143 0 0 0
0.676509 0.533821 0 0 0
0.697542 0.529609 0 0 0
0.689957 0.546172 0 0 0
0.361818 0.0802006 0 0 0
0.344283 0.0844398 0 0 0
0.354554 0.0647825 0 0 0
0.31135 0.929639 0 0 0
0.280927 0.921567 0 0 0
0.297219 0.929341 0 0 0
0.288177 0.940139 0 0 0
0.27014 0.697587 0 0 0
0.36747 0.694359 0 0 0
0.360402 0.674297 0 0 0
0.235737 0.0594963 0 0 0
0.220381 0.0675875 0 0 0
0.218666 0.047247 0 0 0
0.889192 0.272278 0 0 0
0.875543 0.291511 0 0 0
0.869659 0.272738 0 0 0
0.236955 0.941394 0 0 0
0.238877 0.956107 0 0 0
0.293321 0.876858 0 0 0
0.300268 0.893449 0 0 0
0.277876 0.887586 0 0 0
0.976761 0.621931 0 0 0
0.838038 0.695044 0 0 0
0.848263 0.691683 0 0 0
0.852798 0.702998 0 0 0
0.571736 0.137213 0 0 0
0.587677 0.131708 0 0 0
0.58348 0.147737 0 0 0
0.699812 0.0907696 0 0 0
0.686288 0.105265 0 0 0
0.686641 0.0859067 0 0 0
0.824034 0.758923 0 0 0
0.844634 0.753282 0 0 0
0.840468 0.774579 0 0 0
0.916302 0.82894 0 0 0
0.900282 0.82908 0 0 0
0.37408 0.535292 0 0 0
0.37909 0.519053 0 0 0
0.320819 0.459113 0 0 0
0.334935 0.448272 0 0 0
0.591898 0.392154 0 0 0
0.644189 0.305861 0 0 0
0.634542 0.321019 0 0 0
0.631344 0.304499 0 0 0
0.304737 0.771157 0 0 0
0.31855 0.767884 0 0 0
0.316038 0.784045 0 0 0
0.327238 0.818335 0 0 0
0.33388 0.797234 0 0 0
0.345723 0.810668 0 0 0
0.60067 0.0814091 0 0 0
0.585009 0.0723088 0 0 0
0.555027 0.144481 0 0 0
0.53784 0.146151 0 0 0
0.196285 0.503997 0 0 0
0.186104 0.519545 0 0 0
0.095264 0.548466 0 0 0
0.109195 0.540159 0 0 0
0.531088 0.807562 0 0 0
0.507898 0.921185 0 0 0
0.493167 0.930602 0 0 0
0.489997 0.916296 0 0 0
0.755539 0.819591 0 0 0
0.758521 0.805083 0 0 0
0.768866 0.815889 0 0 0
0.650502 0.8296 0 0 0
0.861083 0.438451 0 0 0
0.862504 0.424788 0 0 0
0.942469 0.484998 0 0 0
0.927417 0.474054 0 0 0
0.891251 0.756909 0 0 0
0.909142 0.756426 0 0 0
0.903235 0.776226 0 0 0
0.440465 0.205081 0 0 0
0.424347 0.203256 0 0 0
0.42615 0.299856 0 0 0
0.413042 0.288023 0 0 0
0.210101 0.746269 0 0 0
0.202129 0.730702 0 0 0
0.216495 0.728066 0 0 0
0.23188 0.63594 0 0 0
0.587148 0.430573 0 0 0
0.571565 0.421888 0 0 0
0.555593 0.368725 0 0 0
0.542025 0.356161 0 0 0
0.504681 0.562092 0 0 0
0.501687 0.576212 0 0 0
0.492768 0.563674 0 0 0
0.585483 0.541161 0 0 0
0.593112 0.558016 0 0 0
0.574266 0.552548 0 0 0
0.172399 0.465785 0 0 0
0.179994 0.448166 0 0 0
0.187254 0.459942 0 0 0
0.2487 0.48619 0 0 0
0.256863 0.499599 0 0 0
0.50912 0.742034 0 0 0
0.493502 0.746028 0 0 0
0.413824 0.334685 0 0 0
0.419938 0.317646 0 0 0
0.430795 0.330982 0 0 0
0.337798 0.373423 0 0 0
0.611321 0.0168916 0 0 0
0.577502 0.105915 0 0 0
0.564193 0.112531 0 0 0
0.127296 0.610627 0 0 0
0.115054 0.614659 0 0 0
0.0555591 0.643188 0 0 0
0.0458369 0.631642 0 0 0
0.60418 0.914062 0 0 0
0.643188 0.944441 0 0 0
0.632078 0.954466 0 0 0
0.164595 0.582426 0 0 0
0.173925 0.598262 0 0 0
0.156972 0.595829 0 0 0
0.569827 0.890214 0 0 0
0.583241 0.835401 0 0 0
0.599446 0.825208 0 0 0
0.596701 0.842613 0 0 0
0.534262 0.481017 0 0 0
0.522674 0.492741 0 0 0
0.575964 0.574251 0 0 0
0.554893 0.581351 0 0 0
0.0883232 0.198655 0 0 0
0.103074 0.191359 0 0 0
0.0440856 0.212801 0 0 0
0.0582716 0.208891 0 0 0
0.897154 0.874079 0 0 0
0.905643 0.891974 0 0 0
0.882314 0.888945 0 0 0
0.868294 0.855767 0 0 0
0.877142 0.861318 0 0 0
0.10057 0.834031 0 0 0
0.111419 0.835263 0 0 0
0.0445558 0.844099 0 0 0
0.821046 0.931422 0 0 0
0.820108 0.916926 0 0 0
0.832118 0.924943 0 0 0
0.834789 0.936441 0 0 0
0.826562 0.949415 0 0 0
0.807096 0.0424115 0 0 0
0.807569 0.0604873 0 0 0
0.795627 0.0547987 0 0 0
0.840197 0.0422808 0 0 0
0.863358 0.0354425 0 0 0
0.851185 0.0514838 0 0 0
0.462571 0.692907 0 0 0
0.464321 0.673605 0 0 0
0.480064 0.684143 0 0 0
0.568294 0.700662 0 0 0
0.550951 0.709481 0 0 0
0.550007 0.693239 0 0 0
0.442036 0.88065 0 0 0
0.408234 0.839719 0 0 0
0.417106 0.821071 0 0 0
0.423344 0.835769 0 0 0
0.1994 0.880527 0 0 0
0.19466 0.897967 0 0 0
0.184145 0.885006 0 0 0
0.182158 0.0405927 0 0 0
0.161912 0.0370039 0 0 0
0.218677 0.0287751 0 0 0
0.956281 0.184662 0 0 0
0.965516 0.167349 0 0 0
0.952468 0.218904 0 0 0
0.970753 0.217135 0 0 0
0.295952 0.502366 0 0 0
0.290663 0.520293 0 0 0
0.276057 0.507523 0 0 0
0.237484 0.481563 0 0 0
0.744358 0.651689 0 0 0
0.750515 0.634482 0 0 0
0.621691 0.68139 0 0 0
0.626433 0.70099 0 0 0
0.60963 0.694875 0 0 0
0.433488 0.235186 0 0 0
0.446404 0.225663 0 0 0
0.404834 0.135239 0 0 0
0.103767 0.445584 0 0 0
0.11358 0.456782 0 0 0
0.142185 0.412285 0 0 0
0.158647 0.4012 0 0 0
0.156418 0.420525 0 0 0
0.822266 0.371733 0 0 0
0.834216 0.361828 0 0 0
0.834127 0.376581 0 0 0
0.857865 0.339728 0 0 0
0.839297 0.239221 0 0 0
0.823183 0.233777 0 0 0
0.860976 0.302997 0 0 0
0.840389 0.309603 0 0 0
0.351136 0.922751 0 0 0
0.344177 0.900133 0 0 0
0.364823 0.909102 0 0 0
0.389999 0.95577 0 0 0
0.411406 0.959026 0 0 0
0.401414 0.97014 0 0 0
0.343403 0.0166625 0 0 0
0.353712 0.0112658 0 0 0
0.554894 0.831065 0 0 0
0.545597 0.812494 0 0 0
0.563975 0.814783 0 0 0
0.630966 0.801989 0 0 0
0.625581 0.779677 0 0 0
0.169129 0.554667 0 0 0
0.18746 0.545993 0 0 0
0.185375 0.563997 0 0 0
0.22879 0.609643 0 0 0
0.408768 0.731253 0 0 0
0.417273 0.715407 0 0 0
0.426765 0.728838 0 0 0
0.361932 0.633579 0 0 0
0.355184 0.64661 0 0 0
0.347059 0.635162 0 0 0
0.391167 0.788606 0 0 0
0.401394 0.77864 0 0 0
0.40488 0.79397 0 0 0
0.330757 0.406988 0 0 0
0.33897 0.390536 0 0 0
0.344987 0.406014 0 0 0
0.2651 0.443645 0 0 0
0.279432 0.454029 0 0 0
0.111013 0.800673 0 0 0
0.128281 0.801229 0 0 0
0.117455 0.852084 0 0 0
0.779411 0.141676 0 0 0
0.422421 0.141714 0 0 0
0.400593 0.169307 0 0 0
0.398936 0.187092 0 0 0
0.386812 0.178216 0 0 0
0.892672 0.123078 0 0 0
0.880414 0.109266 0 0 0
0.899191 0.108182 0 0 0
0.946778 0.0944254 0 0 0
0.0931409 0.906791 0 0 0
0.0967767 0.926626 0 0 0
0.0811873 0.919201 0 0 0
0.143988 0.961024 0 0 0
0.136037 0.945684 0 0 0
0.153745 0.0839146 0 0 0
0.134788 0.0782943 0 0 0
0.149406 0.0696836 0 0 0
0.105933 0.0610597 0 0 0
0.114479 0.0483613 0 0 0
0.832236 0.406203 0 0 0
0.826155 0.419911 0 0 0
0.814726 0.410909 0 0 0
0.799211 0.350302 0 0 0
0.800731 0.362745 0 0 0
0.78759 0.358563 0 0 0
0.314292 0.350629 0 0 0
0.311388 0.368512 0 0 0
0.268134 0.380527 0 0 0
0.252157 0.378742 0 0 0
0.263954 0.364599 0 0 0
0.141306 0.094006 0 0 0
0.118473 0.185321 0 0 0
0.264229 0.288241 0 0 0
0.184542 0.224718 0 0 0
0.196083 0.214548 0 0 0
0.199244 0.227804 0 0 0
0.654198 0.140582 0 0 0
0.654746 0.155432 0 0 0
0.125806 0.908855 0 0 0
0.110673 0.916731 0 0 0
0.109394 0.899364 0 0 0
0.16957 0.924035 0 0 0
0.153443 0.916447 0 0 0
0.167989 0.907112 0 0 0
0.136225 0.146171 0 0 0
0.147677 0.138452 0 0 0
0.147063 0.149522 0 0 0
0.107582 0.156336 0 0 0
0.119282 0.141833 0 0 0
0.855587 0.131722 0 0 0
0.87082 0.147645 0 0 0
0.850634 0.150952 0 0 0
0.851396 0.114051 0 0 0
0.865397 0.116908 0 0 0
0.6649 0.417329 0 0 0
0.655359 0.43171 0 0 0
0.649137 0.417437 0 0 0
0.690076 0.371333 0 0 0
0.66854 0.375645 0 0 0
0.675703 0.358419 0 0 0
0.125216 0.404754 0 0 0
0.109276 0.405933 0 0 0
0.113364 0.393604 0 0 0
0.116796 0.364359 0 0 0
0.12781 0.35726 0 0 0
0.135451 0.36617 0 0 0
0.750119 0.303483 0 0 0
0.7742 0.245053 0 0 0
0.76717 0.224807 0 0 0
0.786067 0.231553 0 0 0
0.412916 0.901223 0 0 0
0.387947 0.927528 0 0 0
0.371139 0.925469 0 0 0
0.38245 0.913462 0 0 0
0.780242 0.403829 0 0 0
0.763241 0.39871 0 0 0
0.818798 0.389319 0 0 0
0.797916 0.402632 0 0 0
0.0880503 0.828035 0 0 0
0.10034 0.813256 0 0 0
0.103461 0.825742 0 0 0
0.090094 0.743013 0 0 0
0.10109 0.732208 0 0 0
0.484089 0.647962 0 0 0
0.496404 0.636178 0 0 0
0.45373 0.635498 0 0 0
0.440669 0.64395 0 0 0
0.443112 0.62755 0 0 0
0.846516 0.558939 0 0 0
0.839115 0.575348 0 0 0
0.829849 0.590133 0 0 0
0.822835 0.575408 0 0 0
0.366741 0.782572 0 0 0
0.378948 0.790634 0 0 0
0.409252 0.749949 0 0 0
0.395924 0.761973 0 0 0
0.391099 0.742357 0 0 0
0.642397 0.134123 0 0 0
0.63908 0.149304 0 0 0
0.5767 0.16513 0 0 0
0.575913 0.185391 0 0 0
0.560939 0.175034 0 0 0
0.49835 0.430088 0 0 0
0.486703 0.446813 0 0 0
0.477505 0.431115 0 0 0
0.414756 0.447231 0 0 0
0.406408 0.459361 0 0 0
0.138186 0.247218 0 0 0
0.129994 0.261199 0 0 0
0.0766925 0.26375 0 0 0
0.0630841 0.254462 0 0 0
0.631701 0.55174 0 0 0
0.618294 0.533527 0 0 0
0.637686 0.532256 0 0 0
0.685174 0.519265 0 0 0
0.696352 0.514737 0 0 0
0.947609 0.989121 0 0 0
0.988736 0.0542288 0 0 0
0.919604 0.0820811 0 0 0
0.912319 0.0677518 0 0 0
0.928553 0.0692736 0 0 0
0.0107686 0.947052 0 0 0
0.0553302 0.0122747 0 0 0
0.0724372 0.0579046 0 0 0
0.778281 0.726641 0 0 0
0.771028 0.791965 0 0 0
0.788346 0.787495 0 0 0
0.787424 0.800409 0 0 0
0.569431 0.21587 0 0 0
0.528474 0.239797 0 0 0
0.526266 0.253229 0 0 0
0.463119 0.296392 0 0 0
0.475549 0.312274 0 0 0
0.455336 0.312686 0 0 0
0.431627 0.390712 0 0 0
0.417934 0.381715 0 0 0
0.806484 0.57065 0 0 0
0.794371 0.590995 0 0 0
0.788178 0.570656 0 0 0
0.843489 0.650793 0 0 0
0.0126669 0.654947 0 0 0
0.66047 0.076575 0 0 0
0.648542 0.0700282 0 0 0
0.657848 0.0608562 0 0 0
0.654947 0.987333 0 0 0
0.618966 0.953838 0 0 0
0.298056 0.198939 0 0 0
0.31367 0.192652 0 0 0
0.311026 0.208741 0 0 0
0.335073 0.277114 0 0 0
0.35348 0.282543 0 0 0
0.341026 0.293701 0 0 0
0.126981 0.383163 0 0 0
0.14101 0.396012 0 0 0
0.144627 0.449533 0 0 0
0.157122 0.435324 0 0 0
0.164099 0.449572 0 0 0
0.174864 0.277196 0 0 0
0.182606 0.289114 0 0 0
0.167286 0.288351 0 0 0
0.194716 0.321967 0 0 0
0.19664 0.342762 0 0 0
0.63355 0.863789 0 0 0
0.650699 0.862937 0 0 0
0.641124 0.878737 0 0 0
0.11689 0.706665 0 0 0
0.11601 0.724603 0 0 0
0.1051 0.716288 0 0 0
0.121702 0.659632 0 0 0
0.12077 0.640587 0 0 0
0.130428 0.647857 0 0 0
0.288347 0.329107 0 0 0
0.275753 0.340308 0 0 0
0.279404 0.393905 0 0 0
0.281849 0.369797 0 0 0
0.268982 0.809687 0 0 0
0.252528 0.80726 0 0 0
0.0398788 0.309149 0 0 0
0.0703202 0.285032 0 0 0
0.0585829 0.270348 0 0 0
0.905878 0.643035 0 0 0
0.894017 0.657582 0 0 0
0.877447 0.541537 0 0 0
0.86347 0.533064 0 0 0
0.879363 0.528212 0 0 0
0.394535 0.902933 0 0 0
0.399341 0.9159 0 0 0
0.451927 0.862572 0 0 0
0.435534 0.843934 0 0 0
0.452458 0.83597 0 0 0
0.812943 0.483265 0 0 0
0.804419 0.496457 0 0 0
0.797188 0.477534 0 0 0
0.81933 0.456667 0 0 0
0.809051 0.441297 0 0 0
0.859794 0.685926 0 0 0
0.843418 0.68137 0 0 0
0.849055 0.623385 0 0 0
0.857511 0.605515 0 0 0
0.866633 0.618092 0 0 0
0.566338 0.460032 0 0 0
0.577967 0.446909 0 0 0
0.585913 0.46409 0 0 0
0.534708 0.533121 0 0 0
0.539731 0.521498 0 0 0
0.36936 0.212899 0 0 0
0.324906 0.216765 0 0 0
0.189032 0.739662 0 0 0
0.169742 0.741714 0 0 0
0.149979 0.711732 0 0 0
0.149338 0.6996 0 0 0
0.0406527 0.243086 0 0 0
0.0270021 0.235436 0 0 0
0.0291885 0.203299 0 0 0
0.0462408 0.196879 0 0 0
0.213793 0.174429 0 0 0
0.195213 0.169099 0 0 0
0.206766 0.155997 0 0 0
0.697047 0.131622 0 0 0
0.704196 0.116022 0 0 0
0.71397 0.131855 0 0 0
0.781136 0.126111 0 0 0
0.782748 0.112077 0 0 0
0.638108 0.215611 0 0 0
0.591959 0.258733 0 0 0
0.72359 0.545084 0 0 0
0.730446 0.532691 0 0 0
0.694437 0.473741 0 0 0
0.327721 0.558507 0 0 0
0.344428 0.560598 0 0 0
0.333815 0.57114 0 0 0
0.427262 0.54415 0 0 0
0.415377 0.552243 0 0 0
0.62016 0.595563 0 0 0
0.635275 0.594784 0 0 0
0.628024 0.516034 0 0 0
0.642977 0.518784 0 0 0
0.466893 0.65633 0 0 0
0.481248 0.666082 0 0 0
0.44366 0.614412 0 0 0
0.952413 0.708136 0 0 0
0.958647 0.724385 0 0 0
0.938354 0.71942 0 0 0
0.922161 0.648647 0 0 0
0.937746 0.654535 0 0 0
0.926087 0.666688 0 0 0
0.713163 0.730111 0 0 0
0.642979 0.707621 0 0 0
0.660558 0.713644 0 0 0
0.64811 0.722533 0 0 0
0.826058 0.193926 0 0 0
0.813209 0.188237 0 0 0
0.781655 0.211442 0 0 0
0.932116 0.87138 0 0 0
0.24796 0.838603 0 0 0
0.242976 0.81936 0 0 0
0.258945 0.823678 0 0 0
0.242612 0.770144 0 0 0
0.260322 0.75993 0 0 0
0.825983 0.86972 0 0 0
0.809678 0.867434 0 0 0
0.729552 0.897688 0 0 0
0.716262 0.891333 0 0 0
0.80718 0.94019 0 0 0
0.806417 0.923443 0 0 0
0.49841 0.379861 0 0 0
0.480129 0.383034 0 0 0
0.485953 0.367413 0 0 0
0.416967 0.399124 0 0 0
0.639407 0.674814 0 0 0
0.650811 0.684883 0 0 0
0.639165 0.691146 0 0 0
0.627707 0.743221 0 0 0
0.610547 0.752086 0 0 0
0.611668 0.733991 0 0 0
0.503569 0.320713 0 0 0
0.511674 0.30081 0 0 0
0.520499 0.31498 0 0 0
0.547127 0.272709 0 0 0
0.555521 0.255947 0 0 0
0.565468 0.272057 0 0 0
0.933971 0.270582 0 0 0
0.941411 0.284571 0 0 0
0.935707 0.202194 0 0 0
0.933608 0.220057 0 0 0
0.25178 0.931768 0 0 0
0.234554 0.924529 0 0 0
0.269134 0.0680592 0 0 0
0.265769 0.0510478 0 0 0
0.281253 0.0603558 0 0 0
0.201578 0.0643851 0 0 0
0.568706 0.843271 0 0 0
0.570283 0.828554 0 0 0
0.555659 0.848302 0 0 0
0.156367 0.568522 0 0 0
0.171441 0.569982 0 0 0
0.151359 0.554638 0 0 0
0.471207 0.248379 0 0 0
0.468777 0.265646 0 0 0
0.40891 0.19714 0 0 0
0.405904 0.211823 0 0 0
0.396691 0.201372 0 0 0
0.447448 0.550453 0 0 0
0.447205 0.530461 0 0 0
0.480437 0.526916 0 0 0
0.488706 0.51354 0 0 0
0.235071 0.170251 0 0 0
0.222405 0.158322 0 0 0
0.210753 0.192631 0 0 0
0.207348 0.207095 0 0 0
0.69419 0.159067 0 0 0
0.605411 0.202986 0 0 0
0.606626 0.218842 0 0 0
0.41563 0.41668 0 0 0
0.399971 0.406652 0 0 0
0.421115 0.475077 0 0 0
0.402955 0.47617 0 0 0
0.463547 0.0758116 0 0 0
0.456049 0.0938285 0 0 0
0.446841 0.0783276 0 0 0
0.441359 0.132941 0 0 0
0.0588673 0.11069 0 0 0
0.0461066 0.108804 0 0 0
0.0575208 0.0972674 0 0 0
0.67599 0.777098 0 0 0
0.65934 0.786656 0 0 0
0.662996 0.732678 0 0 0
0.875189 0.759633 0 0 0
0.869709 0.715279 0 0 0
0.383238 0.588728 0 0 0
0.372907 0.599286 0 0 0
0.335743 0.667019 0 0 0
0.350398 0.661246 0 0 0
0.346458 0.673457 0 0 0
0.164908 0.0681646 0 0 0
0.177409 0.139636 0 0 0
0.18653 0.126994 0 0 0
0.198407 0.137306 0 0 0
0.151149 0.898773 0 0 0
0.168149 0.8884 0 0 0
0.21488 0.894975 0 0 0
0.916737 0.174797 0 0 0
0.917224 0.156567 0 0 0
0.933809 0.167014 0 0 0
0.860382 0.166876 0 0 0
0.791972 0.511002 0 0 0
0.800557 0.533334 0 0 0
0.956131 0.45573 0 0 0
0.953979 0.470998 0 0 0
0.965803 0.383169 0 0 0
0.952748 0.402297 0 0 0
0.0726429 0.362538 0 0 0
0.0717641 0.343298 0 0 0
0.0535618 0.412577 0 0 0
0.0712167 0.411367 0 0 0
0.0590306 0.426314 0 0 0
0.73046 0.606016 0 0 0
0.745147 0.618186 0 0 0
0.732757 0.628327 0 0 0
0.669496 0.51223 0 0 0
0.855258 0.23271 0 0 0
0.849607 0.249439 0 0 0
0.90819 0.223056 0 0 0
0.761169 0.716796 0 0 0
0.754416 0.696801 0 0 0
0.769734 0.708064 0 0 0
0.783569 0.706586 0 0 0
0.773283 0.693622 0 0 0
0.788952 0.690944 0 0 0
0.246382 0.213184 0 0 0
0.255939 0.201094 0 0 0
0.313803 0.247449 0 0 0
0.309503 0.226314 0 0 0
0.323556 0.231188 0 0 0
0.56908 0.594495 0 0 0
0.586231 0.593528 0 0 0
0.612536 0.624144 0 0 0
0.627304 0.630861 0 0 0
0.618702 0.418738 0 0 0
0.600425 0.419548 0 0 0
0.604737 0.404302 0 0 0
0.570619 0.477269 0 0 0
0.233927 0.84496 0 0 0
0.289835 0.810794 0 0 0
0.306813 0.819205 0 0 0
0.21361 0.875368 0 0 0
0.225868 0.878485 0 0 0
0.119815 0.785573 0 0 0
0.139643 0.785358 0 0 0
0.0643458 0.548208 0 0 0
0.0586532 0.534151 0 0 0
0.0451903 0.543724 0 0 0
0.544612 0.0304415 0 0 0
0.543106 0.0465811 0 0 0
0.542355 0.060352 0 0 0
0.526178 0.0552451 0 0 0
0.52699 0.933666 0 0 0
0.548802 0.957995 0 0 0
0.557675 0.947036 0 0 0
0.560584 0.960186 0 0 0
0.26059 0.890872 0 0 0
0.249031 0.89888 0 0 0
0.2494 0.885635 0 0 0
0.266279 0.905541 0 0 0
0.285081 0.903774 0 0 0
0.300937 0.0858814 0 0 0
0.295801 0.0671667 0 0 0
0.243509 0.128005 0 0 0
0.249426 0.147186 0 0 0
0.236216 0.151012 0 0 0
0.80815 0.33377 0 0 0
0.815242 0.356941 0 0 0
0.720963 0.363222 0 0 0
0.734317 0.36874 0 0 0
0.76008 0.238783 0 0 0
0.751413 0.228542 0 0 0
0.736973 0.267763 0 0 0
0.911294 0.0137671 0 0 0
0.913816 0.107707 0 0 0
0.906501 0.0933746 0 0 0
0.883695 0.975814 0 0 0
0.892887 0.966414 0 0 0
0.911641 0.933658 0 0 0
0.900763 0.920854 0 0 0
0.0278622 0.885719 0 0 0
0.108161 0.883009 0 0 0
0.0913383 0.877502 0 0 0
0.104325 0.865384 0 0 0
0.279644 0.667972 0 0 0
0.277955 0.684285 0 0 0
0.267221 0.670355 0 0 0
0.272154 0.623642 0 0 0
0.779276 0.851946 0 0 0
0.799558 0.854997 0 0 0
0.809047 0.753296 0 0 0
0.807164 0.769018 0 0 0
0.62668 0.662956 0 0 0
0.643777 0.658069 0 0 0
0.595657 0.611882 0 0 0
0.61241 0.60783 0 0 0
0.424613 0.0382686 0 0 0
0.437686 0.0286117 0 0 0
0.43597 0.0467051 0 0 0
0.433628 0.0648758 0 0 0
0.426544 0.962299 0 0 0
0.427944 0.945999 0 0 0
0.172812 0.417203 0 0 0
0.177698 0.397694 0 0 0
0.236027 0.383894 0 0 0
0.24781 0.397634 0 0 0
0.330409 0.344704 0 0 0
0.348512 0.267901 0 0 0
0.673259 0.308421 0 0 0
0.658295 0.308011 0 0 0
0.666328 0.29478 0 0 0
0.665022 0.245504 0 0 0
0.646767 0.259468 0 0 0
0.640198 0.244216 0 0 0
0.757566 0.861432 0 0 0
0.759789 0.843955 0 0 0
0.701521 0.850485 0 0 0
0.684806 0.855554 0 0 0
0.653385 0.296368 0 0 0
0.639368 0.28873 0 0 0
0.61945 0.358869 0 0 0
0.472318 0.125912 0 0 0
0.498998 0.078881 0 0 0
0.515098 0.0919087 0 0 0
0.502404 0.0963489 0 0 0
0.336758 0.0553303 0 0 0
0.349586 0.047655 0 0 0
0.378633 0.0864622 0 0 0
0.371079 0.0722549 0 0 0
0.392073 0.838834 0 0 0
0.39527 0.823512 0 0 0
0.422998 0.800381 0 0 0
0.418261 0.782341 0 0 0
0.347015 0.938966 0 0 0
0.353475 0.95604 0 0 0
0.898147 0.676912 0 0 0
0.96037 0.693996 0 0 0
0.949656 0.698095 0 0 0
0.190088 0.304214 0 0 0
0.172878 0.301984 0 0 0
0.220087 0.388589 0 0 0
0.733705 0.42154 0 0 0
0.720477 0.413183 0 0 0
0.736367 0.410175 0 0 0
0.69714 0.338493 0 0 0
0.705464 0.355746 0 0 0
0.689966 0.354037 0 0 0
0.318179 0.63853 0 0 0
0.318701 0.661304 0 0 0
0.249411 0.716448 0 0 0
0.265946 0.727072 0 0 0
0.246468 0.732701 0 0 0
0.59314 0.742978 0 0 0
0.522785 0.728134 0 0 0
0.537469 0.733959 0 0 0
0.719043 0.43284 0 0 0
0.699837 0.439913 0 0 0
0.740341 0.436488 0 0 0
0.734072 0.788162 0 0 0
0.752763 0.792032 0 0 0
0.744694 0.800382 0 0 0
0.671495 0.748021 0 0 0
0.686652 0.758662 0 0 0
0.669178 0.760574 0 0 0
0.95562 0.530681 0 0 0
0.916848 0.549527 0 0 0
0.92755 0.564873 0 0 0
0.891576 0.444834 0 0 0
0.888755 0.423286 0 0 0
0.903756 0.42726 0 0 0
0.884227 0.554777 0 0 0
0.389581 0.685284 0 0 0
0.405161 0.675796 0 0 0
0.405173 0.69251 0 0 0
0.348426 0.685381 0 0 0
0.102947 0.786487 0 0 0
0.0923872 0.775913 0 0 0
0.0715896 0.741152 0 0 0
0.0622681 0.723052 0 0 0
0.681485 0.273036 0 0 0
0.670743 0.281857 0 0 0
0.664197 0.267595 0 0 0
0.720153 0.666888 0 0 0
0.703099 0.658725 0 0 0
0.714512 0.649979 0 0 0
0.493196 0.218579 0 0 0
0.524671 0.226476 0 0 0
0.538422 0.231637 0 0 0
0.362224 0.756591 0 0 0
0.354849 0.771056 0 0 0
0.308684 0.75392 0 0 0
0.290689 0.761932 0 0 0
0.909105 0.361515 0 0 0
0.89661 0.354141 0 0 0
0.907401 0.343874 0 0 0
0.895786 0.291721 0 0 0
0.912728 0.293668 0 0 0
0.899073 0.732589 0 0 0
0.882251 0.730763 0 0 0
0.862766 0.750747 0 0 0
0.0459306 0.43996 0 0 0
0.0398365 0.422728 0 0 0
0.0108567 0.394125 0 0 0
0.834486 0.156851 0 0 0
0.837863 0.184194 0 0 0
0.774719 0.900353 0 0 0
0.763804 0.894624 0 0 0
0.722939 0.938706 0 0 0
0.467981 0.63923 0 0 0
0.516812 0.675312 0 0 0
0.508182 0.690523 0 0 0
0.497272 0.674895 0 0 0
0.904214 0.379779 0 0 0
0.847441 0.443584 0 0 0
0.167076 0.676787 0 0 0
0.149855 0.672441 0 0 0
0.160165 0.660474 0 0 0
0.697026 0.0712554 0 0 0
0.704542 0.0489088 0 0 0
0.714663 0.0648178 0 0 0
0.774541 0.0805992 0 0 0
0.779016 0.0991606 0 0 0
0.765522 0.0958668 0 0 0
0.503959 0.138332 0 0 0
0.507387 0.123389 0 0 0
0.520907 0.138815 0 0 0
0.986235 0.327996 0 0 0
0.97736 0.33344 0 0 0
0.956221 0.312202 0 0 0
0.954378 0.329256 0 0 0
0.942745 0.319051 0 0 0
0.731035 0.13612 0 0 0
0.731811 0.152631 0 0 0
0.720194 0.144616 0 0 0
0.735531 0.102888 0 0 0
0.967846 0.467563 0 0 0
0.978357 0.495232 0 0 0
0.193013 0.240734 0 0 0
0.227879 0.188415 0 0 0
0.239214 0.200927 0 0 0
0.502246 0.361544 0 0 0
0.517946 0.373694 0 0 0
0.567733 0.378512 0 0 0
0.581754 0.378437 0 0 0
0.651005 0.0959318 0 0 0
0.664477 0.11142 0 0 0
0.646968 0.111768 0 0 0
0.701632 0.38896 0 0 0
0.679667 0.390181 0 0 0
0.637292 0.379425 0 0 0
0.407133 0.496839 0 0 0
0.424786 0.507426 0 0 0
0.412605 0.515877 0 0 0
0.465073 0.528477 0 0 0
0.458172 0.516868 0 0 0
0.516481 0.354708 0 0 0
0.504814 0.341981 0 0 0
0.517817 0.343762 0 0 0
0.157763 0.299412 0 0 0
0.161983 0.313518 0 0 0
0.10083 0.285494 0 0 0
0.117718 0.273895 0 0 0
0.578865 0.224011 0 0 0
0.563433 0.224786 0 0 0
0.514916 0.190538 0 0 0
0.504402 0.205201 0 0 0
0.831165 0.343025 0 0 0
0.82669 0.326404 0 0 0
0.818308 0.29747 0 0 0
0.801894 0.30604 0 0 0
0.799425 0.286654 0 0 0
0.243774 0.417811 0 0 0
0.223351 0.36873 0 0 0
0.155742 0.774481 0 0 0
0.141457 0.769103 0 0 0
0.174703 0.799477 0 0 0
0.182859 0.815216 0 0 0
0.0483836 0.767444 0 0 0
0.0540197 0.750742 0 0 0
0.0539074 0.785569 0 0 0
0.071429 0.789267 0 0 0
0.0606413 0.80362 0 0 0
0.79245 0.0700146 0 0 0
0.775317 0.938251 0 0 0
0.773937 0.958609 0 0 0
0.761686 0.947164 0 0 0
0.807464 0.959586 0 0 0
0.745483 0.255835 0 0 0
0.791231 0.271855 0 0 0
0.782936 0.281146 0 0 0
0.575464 0.51206 0 0 0
0.587617 0.507611 0 0 0
0.60393 0.462636 0 0 0
0.601892 0.477063 0 0 0
0.461729 0.820953 0 0 0
0.477017 0.81417 0 0 0
0.483422 0.848329 0 0 0
0.500116 0.8588 0 0 0
0.223963 0.779362 0 0 0
0.209694 0.765505 0 0 0
0.226404 0.758721 0 0 0
0.188837 0.475333 0 0 0
0.108047 0.519509 0 0 0
0.125846 0.532953 0 0 0
0.948677 0.737734 0 0 0
0.890885 0.82248 0 0 0
0.903226 0.812369 0 0 0
0.434666 0.827551 0 0 0
0.412988 0.858918 0 0 0
0.394256 0.852631 0 0 0
0.0154846 0.287867 0 0 0
0.508569 0.660712 0 0 0
0.515033 0.649131 0 0 0
0.563041 0.64884 0 0 0
0.424275 0.456618 0 0 0
0.438145 0.465014 0 0 0
0.495693 0.462701 0 0 0
0.504927 0.447408 0 0 0
0.512853 0.461888 0 0 0
0.12953 0.42138 0 0 0
0.139688 0.34822 0 0 0
0.163003 0.345862 0 0 0
0.0556999 0.472839 0 0 0
0.0479435 0.484472 0 0 0
0.0908168 0.507345 0 0 0
0.107941 0.497176 0 0 0
0.527868 0.913684 0 0 0
0.532974 0.893986 0 0 0
0.54549 0.907884 0 0 0
0.539675 0.947968 0 0 0
0.522773 0.95219 0 0 0
0.301803 0.707299 0 0 0
0.229043 0.739695 0 0 0
0.585549 0.712069 0 0 0
0.608576 0.665834 0 0 0
0.595217 0.651769 0 0 0
0.239309 0.435161 0 0 0
0.278471 0.474005 0 0 0
0.294663 0.463684 0 0 0
0.489278 0.317203 0 0 0
0.437286 0.314255 0 0 0
0.478167 0.928709 0 0 0
0.467481 0.944252 0 0 0
0.459818 0.927266 0 0 0
0.510066 0.958068 0 0 0
0.506093 0.968832 0 0 0
0.489103 0.0640565 0 0 0
0.488239 0.0506984 0 0 0
0.0590714 0.489739 0 0 0
0.075259 0.498063 0 0 0
0.0409754 0.514121 0 0 0
0.0300853 0.508153 0 0 0
0.0420117 0.49699 0 0 0
0.426775 0.755467 0 0 0
0.446292 0.750918 0 0 0
0.464248 0.708505 0 0 0
0.480774 0.702934 0 0 0
0.887021 0.838117 0 0 0
0.865937 0.839009 0 0 0
0.878717 0.825425 0 0 0
0.894939 0.794105 0 0 0
0.725123 0.0735375 0 0 0
0.712971 0.0808568 0 0 0
0.705861 0.0318701 0 0 0
0.0834736 0.698956 0 0 0
0.0647864 0.696658 0 0 0
0.748364 0.915317 0 0 0
0.734372 0.912182 0 0 0
0.570929 0.318212 0 0 0
0.576068 0.301904 0 0 0
0.552606 0.236988 0 0 0
0.548895 0.220783 0 0 0
0.282205 0.638972 0 0 0
0.249997 0.659609 0 0 0
0.60145 0.708305 0 0 0
0.637996 0.770101 0 0 0
0.625315 0.761756 0 0 0
0.640766 0.754983 0 0 0
0.10681 0.011217 0 0 0
0.0920071 0.0128683 0 0 0
0.988534 0.107605 0 0 0
0.983536 0.0914331 0 0 0
0.249061 0.563489 0 0 0
0.248057 0.545642 0 0 0
0.263061 0.556782 0 0 0
0.275051 0.52527 0 0 0
0.449141 0.600949 0 0 0
0.434152 0.606922 0 0 0
0.477214 0.554534 0 0 0
0.473843 0.538508 0 0 0
0.484925 0.539344 0 0 0
0.662138 0.548133 0 0 0
0.67658 0.550854 0 0 0
0.725855 0.572745 0 0 0
0.712469 0.583386 0 0 0
0.707534 0.571703 0 0 0
0.338011 0.210057 0 0 0
0.38776 0.214144 0 0 0
0.397206 0.232308 0 0 0
0.657882 0.8144 0 0 0
0.606898 0.873029 0 0 0
0.605654 0.856729 0 0 0
0.618582 0.864767 0 0 0
0.202462 0.650346 0 0 0
0.187674 0.641807 0 0 0
0.144052 0.605438 0 0 0
0.13664 0.620093 0 0 0
0.300777 0.164907 0 0 0
0.36096 0.170003 0 0 0
0.259456 0.242397 0 0 0
0.188858 0.274017 0 0 0
0.0823523 0.323985 0 0 0
0.103902 0.379543 0 0 0
0.587496 0.523531 0 0 0
0.574029 0.52162 0 0 0
0.507434 0.488047 0 0 0
0.512436 0.50182 0 0 0
0.220773 0.0822017 0 0 0
0.920742 0.21295 0 0 0
0.228711 0.660445 0 0 0
0.23594 0.677726 0 0 0
0.185825 0.678901 0 0 0
0.202537 0.668114 0 0 0
0.83219 0.882906 0 0 0
0.84376 0.87144 0 0 0
0.914254 0.874387 0 0 0
0.851007 0.639005 0 0 0
0.831056 0.561628 0 0 0
0.875559 0.312943 0 0 0
0.86992 0.215825 0 0 0
0.711089 0.86083 0 0 0
0.725497 0.862158 0 0 0
0.74616 0.811088 0 0 0
0.73361 0.807126 0 0 0
0.716523 0.634275 0 0 0
0.728623 0.64772 0 0 0
0.666451 0.658168 0 0 0
0.653373 0.642291 0 0 0
0.322671 0.890192 0 0 0
0.308981 0.875633 0 0 0
0.32627 0.869811 0 0 0
0.3143 0.904122 0 0 0
0.327317 0.905706 0 0 0
0.3213 0.918553 0 0 0
0.893808 0.465618 0 0 0
0.940791 0.420235 0 0 0
0.928976 0.432047 0 0 0
0.356941 0.418093 0 0 0
0.36031 0.396472 0 0 0
0.372316 0.409736 0 0 0
0.392614 0.357881 0 0 0
0.29795 0.862637 0 0 0
0.330859 0.0948483 0 0 0
0.343918 0.104278 0 0 0
0.327966 0.105791 0 0 0
0.298457 0.107951 0 0 0
0.278871 0.108679 0 0 0
0.285336 0.0955939 0 0 0
0.632284 0.896994 0 0 0
0.648448 0.892698 0 0 0
0.613572 0.897468 0 0 0
0.594246 0.898905 0 0 0
0.126702 0.676607 0 0 0
0.13589 0.669802 0 0 0
0.106797 0.628089 0 0 0
0.101879 0.609954 0 0 0
0.542099 0.843015 0 0 0
0.584725 0.854822 0 0 0
0.594033 0.868741 0 0 0
0.157347 0.54117 0 0 0
0.144991 0.585047 0 0 0
0.131462 0.596618 0 0 0
0.174732 0.694064 0 0 0
0.157576 0.689482 0 0 0
0.174351 0.619412 0 0 0
0.186381 0.628841 0 0 0
0.103806 0.250491 0 0 0
0.113663 0.259343 0 0 0
0.091658 0.298973 0 0 0
0.074968 0.304513 0 0 0
0.0844438 0.290082 0 0 0
0.364125 0.438819 0 0 0
0.344985 0.432616 0 0 0
0.324531 0.484643 0 0 0
0.60322 0.324918 0 0 0
0.595877 0.345456 0 0 0
0.584714 0.330308 0 0 0
0.652456 0.375164 0 0 0
0.702271 0.407644 0 0 0
0.385554 0.412476 0 0 0
0.340106 0.418103 0 0 0
0.325515 0.42605 0 0 0
0.928322 0.931791 0 0 0
0.934456 0.918295 0 0 0
0.941665 0.929447 0 0 0
0.438828 0.926594 0 0 0
0.540695 0.92228 0 0 0
0.446889 0.111825 0 0 0
0.456988 0.128335 0 0 0
0.845437 0.530209 0 0 0
0.837038 0.512973 0 0 0
0.795642 0.553389 0 0 0
0.811193 0.551076 0 0 0
0.845785 0.163901 0 0 0
0.395936 0.0837342 0 0 0
0.403606 0.094759 0 0 0
0.421454 0.052239 0 0 0
0.762354 0.61638 0 0 0
0.784482 0.665635 0 0 0
0.796018 0.659818 0 0 0
0.794381 0.675053 0 0 0
0.286104 0.267102 0 0 0
0.281571 0.281121 0 0 0
0.28157 0.314564 0 0 0
0.933312 0.798278 0 0 0
0.936847 0.820931 0 0 0
0.920714 0.810958 0 0 0
0.988094 0.816255 0 0 0
0.86716 0.635238 0 0 0
0.335798 0.141809 0 0 0
0.346234 0.135548 0 0 0
0.747216 0.242594 0 0 0
0.759673 0.252623 0 0 0
0.942158 0.782404 0 0 0
0.937048 0.765434 0 0 0
0.951354 0.772094 0 0 0
0.968028 0.71045 0 0 0
0.0128562 0.593914 0 0 0
0.593782 0.987161 0 0 0
0.545815 0.0835012 0 0 0
0.548447 0.0701818 0 0 0
0.326304 0.316397 0 0 0
0.324617 0.297868 0 0 0
0.340739 0.311571 0 0 0
0.134213 0.755297 0 0 0
0.120449 0.747645 0 0 0
0.420374 0.699033 0 0 0
0.407149 0.706336 0 0 0
0.39967 0.642146 0 0 0
0.378871 0.639049 0 0 0
0.243659 0.750824 0 0 0
0.257104 0.743754 0 0 0
0.269419 0.745994 0 0 0
0.77463 0.514311 0 0 0
0.785184 0.525664 0 0 0
0.73704 0.588596 0 0 0
0.742509 0.576064 0 0 0
0.655474 0.529047 0 0 0
0.640356 0.504873 0 0 0
0.199042 0.950181 0 0 0
0.185426 0.956696 0 0 0
0.188093 0.942662 0 0 0
0.198477 0.0482773 0 0 0
0.188288 0.0562513 0 0 0
0.152583 0.0542495 0 0 0
0.143776 0.0390513 0 0 0
0.94344 0.189852 0 0 0
0.950877 0.199182 0 0 0
0.947639 0.156491 0 0 0
0.96135 0.145767 0 0 0
0.131644 0.127408 0 0 0
0.144463 0.161752 0 0 0
0.160833 0.151493 0 0 0
0.825391 0.496165 0 0 0
0.827961 0.475481 0 0 0
0.841576 0.488884 0 0 0
0.838618 0.456959 0 0 0
0.611513 0.153384 0 0 0
0.624205 0.147623 0 0 0
0.625009 0.164791 0 0 0
0.619969 0.119201 0 0 0
0.604979 0.112061 0 0 0
0.615329 0.0983938 0 0 0
0.419989 0.563972 0 0 0
0.401437 0.576913 0 0 0
0.392943 0.624887 0 0 0
0.390163 0.610953 0 0 0
0.144433 0.869781 0 0 0
0.124118 0.872088 0 0 0
0.135355 0.854264 0 0 0
0.185463 0.867323 0 0 0
0.164154 0.867361 0 0 0
0.222625 0.525458 0 0 0
0.203294 0.521965 0 0 0
0.212787 0.510442 0 0 0
0.595024 0.761437 0 0 0
0.505652 0.792387 0 0 0
0.519525 0.786709 0 0 0
0.636092 0.5683 0 0 0
0.621686 0.566563 0 0 0
0.563843 0.612594 0 0 0
0.578561 0.606915 0 0 0
0.689038 0.402197 0 0 0
0.621732 0.435754 0 0 0
0.606952 0.434027 0 0 0
0.950041 0.34835 0 0 0
0.941299 0.363981 0 0 0
0.927818 0.350419 0 0 0
0.967553 0.338705 0 0 0
0.661551 0.209859 0 0 0
0.676563 0.214439 0 0 0
0.664519 0.224853 0 0 0
0.707066 0.174401 0 0 0
0.171331 0.434642 0 0 0
0.101601 0.460845 0 0 0
0.343223 0.523488 0 0 0
0.324274 0.525258 0 0 0
0.334309 0.513013 0 0 0
0.355831 0.500887 0 0 0
0.925139 0.596965 0 0 0
0.913382 0.611074 0 0 0
0.953771 0.659634 0 0 0
0.957061 0.67693 0 0 0
0.373704 0.505612 0 0 0
0.68468 0.291265 0 0 0
0.698158 0.302428 0 0 0
0.687528 0.309262 0 0 0
0.345879 0.510639 0 0 0
0.303613 0.532633 0 0 0
0.308354 0.514533 0 0 0
0.26834 0.539645 0 0 0
0.255994 0.522925 0 0 0
0.238659 0.531715 0 0 0
0.104506 0.174443 0 0 0
0.0922686 0.163909 0 0 0
0.0683498 0.122009 0 0 0
0.081421 0.113365 0 0 0
0.335618 0.0703574 0 0 0
0.317444 0.0386145 0 0 0
0.268764 0.0316783 0 0 0
0.282927 0.0425622 0 0 0
0.353652 0.988822 0 0 0
0.331386 0.986142 0 0 0
0.468134 0.867831 0 0 0
0.46646 0.878553 0 0 0
0.0585371 0.169313 0 0 0
0.847639 0.590589 0 0 0
0.752422 0.553994 0 0 0
0.497303 0.59416 0 0 0
0.514679 0.603263 0 0 0
0.502113 0.60986 0 0 0
0.516412 0.569828 0 0 0
0.725732 0.6962 0 0 0
0.719756 0.684386 0 0 0
0.734673 0.683307 0 0 0
0.744285 0.719426 0 0 0
0.803865 0.823747 0 0 0
0.816496 0.820727 0 0 0
0.821257 0.831732 0 0 0
0.777862 0.774838 0 0 0
0.795109 0.778083 0 0 0
0.595257 0.226423 0 0 0
0.648277 0.274068 0 0 0
0.657307 0.28342 0 0 0
0.628069 0.256475 0 0 0
0.622809 0.243439 0 0 0
0.0584754 0.660097 0 0 0
0.100043 0.664112 0 0 0
0.105242 0.646833 0 0 0
0.659783 0.940862 0 0 0
0.662382 0.89917 0 0 0
0.674341 0.888251 0 0 0
0.193339 0.408063 0 0 0
0.25811 0.408058 0 0 0
0.804531 0.318408 0 0 0
0.816652 0.315733 0 0 0
0.347426 0.698852 0 0 0
0.332049 0.691304 0 0 0
0.371739 0.742215 0 0 0
0.362445 0.727033 0 0 0
0.379942 0.726706 0 0 0
0.536113 0.417639 0 0 0
0.523091 0.406605 0 0 0
0.570668 0.433893 0 0 0
0.614718 0.0640064 0 0 0
0.619581 0.0818055 0 0 0
0.603224 0.126181 0 0 0
0.322475 0.39422 0 0 0
0.323515 0.37912 0 0 0
0.301537 0.42551 0 0 0
0.31367 0.407287 0 0 0
0.401412 0.279209 0 0 0
0.414234 0.269966 0 0 0
0.381945 0.196661 0 0 0
0.64302 0.962139 0 0 0
0.0379485 0.643144 0 0 0
0.628236 0.0134305 0 0 0
0.64333 0.0592321 0 0 0
0.963377 0.627929 0 0 0
0.972392 0.67964 0 0 0
0.865053 0.387515 0 0 0
0.842556 0.389363 0 0 0
0.851213 0.370287 0 0 0
0.84723 0.35135 0 0 0
0.864128 0.354478 0 0 0
0.491238 0.801235 0 0 0
0.518915 0.707415 0 0 0
0.536448 0.717651 0 0 0
0.677546 0.722047 0 0 0
0.689074 0.712488 0 0 0
0.847663 0.100754 0 0 0
0.890649 0.0805913 0 0 0
0.0696975 0.89972 0 0 0
0.0784692 0.905513 0 0 0
0.078243 0.577333 0 0 0
0.0660876 0.565029 0 0 0
0.0975275 0.581668 0 0 0
0.0860932 0.599407 0 0 0
0.575794 0.940183 0 0 0
0.5791 0.919017 0 0 0
0.606574 0.886038 0 0 0
0.251304 0.228515 0 0 0
0.0517515 0.684693 0 0 0
0.0596198 0.673177 0 0 0
0.0329871 0.705238 0 0 0
0.685598 0.949789 0 0 0
0.673058 0.940408 0 0 0
0.697047 0.964466 0 0 0
0.684125 0.0564191 0 0 0
0.0574349 0.079919 0 0 0
0.0595926 0.0623429 0 0 0
0.04065 0.0907916 0 0 0
0.0280846 0.0765576 0 0 0
0.493909 0.8151 0 0 0
0.489451 0.829219 0 0 0
0.965088 0.250944 0 0 0
0.985438 0.274532 0 0 0
0.299418 0.967745 0 0 0
0.266269 0.969263 0 0 0
0.255912 0.977553 0 0 0
0.256922 0.0233503 0 0 0
0.250948 0.0367463 0 0 0
0.269883 0.0139095 0 0 0
0.37053 0.713657 0 0 0
0.354165 0.711976 0 0 0
0.390889 0.466291 0 0 0
0.3763 0.45582 0 0 0
0.4284 0.52286 0 0 0
0.443658 0.508869 0 0 0
0.852466 0.0660009 0 0 0
0.862855 0.0554984 0 0 0
0.854671 0.0147325 0 0 0
0.0486271 0.82751 0 0 0
0.0580164 0.882306 0 0 0
0.0718613 0.873788 0 0 0
0.066865 0.88961 0 0 0
0.841429 0.964968 0 0 0
0.877531 0.955308 0 0 0
0.197883 0.487654 0 0 0
0.376676 0.363588 0 0 0
0.364643 0.354781 0 0 0
0.37791 0.343973 0 0 0
0.368099 0.325118 0 0 0
0.386207 0.325109 0 0 0
0.737672 0.767293 0 0 0
0.755667 0.776738 0 0 0
0.752513 0.832399 0 0 0
0.260677 0.110928 0 0 0
0.243423 0.107065 0 0 0
0.220179 0.139919 0 0 0
0.482107 0.576576 0 0 0
0.478723 0.594081 0 0 0
0.575477 0.121773 0 0 0
0.559054 0.126512 0 0 0
0.599888 0.142308 0 0 0
0.517964 0.422725 0 0 0
0.504639 0.411074 0 0 0
0.475612 0.4647 0 0 0
0.559486 0.300726 0 0 0
0.557336 0.284434 0 0 0
0.572122 0.287655 0 0 0
0.616568 0.268319 0 0 0
0.139755 0.545374 0 0 0
0.547012 0.863031 0 0 0
0.529577 0.855732 0 0 0
0.343852 0.725759 0 0 0
0.389621 0.707564 0 0 0
0.394547 0.725009 0 0 0
0.934723 0.256008 0 0 0
0.920665 0.265365 0 0 0
0.938289 0.333064 0 0 0
0.985062 0.713498 0 0 0
0.032414 0.219812 0 0 0
0.0164785 0.186702 0 0 0
0.690283 0.832509 0 0 0
0.672305 0.842888 0 0 0
0.643282 0.784864 0 0 0
0.655038 0.769228 0 0 0
0.469299 0.446464 0 0 0
0.454924 0.47131 0 0 0
0.46073 0.457373 0 0 0
0.706722 0.288852 0 0 0
0.696204 0.276628 0 0 0
0.760148 0.368853 0 0 0
0.746641 0.364829 0 0 0
0.800214 0.385669 0 0 0
0.0688232 0.928562 0 0 0
0.040762 0.935698 0 0 0
0.923315 0.948987 0 0 0
0.940935 0.958485 0 0 0
0.922071 0.0547463 0 0 0
0.940018 0.0579869 0 0 0
0.91465 0.0405282 0 0 0
0.040321 0.401967 0 0 0
0.0936745 0.413745 0 0 0
0.836352 0.910157 0 0 0
0.884029 0.922335 0 0 0
0.879485 0.938231 0 0 0
0.78841 0.903591 0 0 0
0.796885 0.891992 0 0 0
0.818568 0.852065 0 0 0
0.833505 0.842228 0 0 0
0.393716 0.252047 0 0 0
0.406559 0.2457 0 0 0
0.378979 0.263902 0 0 0
0.361907 0.267811 0 0 0
0.367189 0.254933 0 0 0
0.645477 0.170612 0 0 0
0.664401 0.168095 0 0 0
0.65937 0.184236 0 0 0
0.689234 0.121303 0 0 0
0.677672 0.120243 0 0 0
0.826325 0.212543 0 0 0
0.814297 0.199896 0 0 0
0.848777 0.215188 0 0 0
0.487662 0.350762 0 0 0
0.474779 0.358685 0 0 0
0.454861 0.404166 0 0 0
0.364774 0.292637 0 0 0
0.371024 0.280355 0 0 0
0.160365 0.849434 0 0 0
0.338461 0.225447 0 0 0
0.310408 0.287265 0 0 0
0.224255 0.859811 0 0 0
0.19918 0.822772 0 0 0
0.405782 0.80866 0 0 0
0.432625 0.741764 0 0 0
0.393568 0.939273 0 0 0
0.40733 0.943405 0 0 0
0.715346 0.10032 0 0 0
0.724936 0.118264 0 0 0
0.089666 0.716263 0 0 0
0.0767123 0.724695 0 0 0
0.072424 0.711387 0 0 0
0.914666 0.441902 0 0 0
0.941618 0.52294 0 0 0
0.941951 0.506217 0 0 0
0.957065 0.515454 0 0 0
0.934837 0.406524 0 0 0
0.716889 0.909995 0 0 0
0.724979 0.92349 0 0 0
0.712262 0.927917 0 0 0
0.667465 0.921849 0 0 0
0.647135 0.911366 0 0 0
0.528548 0.361083 0 0 0
0.55938 0.33093 0 0 0
0.552335 0.318265 0 0 0
0.948153 0.921034 0 0 0
0.924166 0.902641 0 0 0
0.922868 0.886001 0 0 0
0.408714 0.304512 0 0 0
0.471871 0.370414 0 0 0
0.811741 0.101333 0 0 0
0.822424 0.0826089 0 0 0
0.042427 0.811723 0 0 0
0.0577773 0.818805 0 0 0
0.0974859 0.799077 0 0 0
0.0877075 0.788852 0 0 0
0.21029 0.796822 0 0 0
0.198673 0.809243 0 0 0
0.190046 0.797791 0 0 0
0.310689 0.683828 0 0 0
0.288303 0.740914 0 0 0
0.311265 0.586495 0 0 0
0.961253 0.441434 0 0 0
0.932222 0.148389 0 0 0
0.931324 0.134897 0 0 0
0.944618 0.139579 0 0 0
0.910082 0.121405 0 0 0
0.901998 0.133321 0 0 0
0.0966512 0.891283 0 0 0
0.141 0.909869 0 0 0
0.124842 0.0607242 0 0 0
0.137809 0.0525859 0 0 0
0.140077 0.0631084 0 0 0
0.122968 0.0952624 0 0 0
0.110571 0.106616 0 0 0
0.052223 0.181752 0 0 0
0.0372797 0.782637 0 0 0
0.304595 0.941885 0 0 0
0.273207 0.121234 0 0 0
0.287034 0.124347 0 0 0
0.275012 0.134889 0 0 0
0.264711 0.0799237 0 0 0
0.791323 0.930285 0 0 0
0.793373 0.91621 0 0 0
0.206648 0.780034 0 0 0
0.194303 0.771417 0 0 0
0.420111 0.646475 0 0 0
0.429043 0.632508 0 0 0
0.453287 0.704944 0 0 0
0.967037 0.878201 0 0 0
0.930061 0.838109 0 0 0
0.87797 0.850229 0 0 0
0.81544 0.426134 0 0 0
0.740389 0.07145 0 0 0
0.728829 0.0865282 0 0 0
0.791464 0.0442215 0 0 0
0.647377 0.544731 0 0 0
0.652572 0.511868 0 0 0
0.0858804 0.278144 0 0 0
0.117143 0.321221 0 0 0
0.541531 0.28984 0 0 0
0.530078 0.303432 0 0 0
0.824679 0.649682 0 0 0
0.820212 0.635985 0 0 0
0.835563 0.63647 0 0 0
0.780008 0.621288 0 0 0
0.0579772 0.508504 0 0 0
0.664869 0.595128 0 0 0
0.648002 0.601564 0 0 0
0.5961 0.577913 0 0 0
0.607112 0.566951 0 0 0
0.675613 0.604981 0 0 0
0.66254 0.61033 0 0 0
0.628582 0.58106 0 0 0
0.707852 0.485887 0 0 0
0.709993 0.51564 0 0 0
0.701618 0.502104 0 0 0
0.879204 0.686429 0 0 0
0.498968 0.623151 0 0 0
0.614407 0.50508 0 0 0
0.613591 0.51816 0 0 0
0.601016 0.512229 0 0 0
0.629355 0.72171 0 0 0
0.334328 0.32885 0 0 0
0.318074 0.330668 0 0 0
0.321582 0.266109 0 0 0
0.319005 0.279275 0 0 0
0.042661 0.228119 0 0 0
0.0309131 0.279125 0 0 0
0.0435686 0.270868 0 0 0
0.262659 0.127181 0 0 0
0.53606 0.69887 0 0 0
0.118675 0.170471 0 0 0
0.130683 0.2354 0 0 0
0.142751 0.235182 0 0 0
0.171306 0.942416 0 0 0
0.182874 0.931657 0 0 0
0.185687 0.914905 0 0 0
0.466381 0.568275 0 0 0
0.460849 0.556687 0 0 0
0.87782 0.745715 0 0 0
0.890003 0.742076 0 0 0
0.804207 0.234682 0 0 0
0.795185 0.254244 0 0 0
0.442451 0.0942776 0 0 0
0.433487 0.102491 0 0 0
0.480355 0.109501 0 0 0
0.496141 0.109559 0 0 0
0.891982 0.482912 0 0 0
0.353419 0.741487 0 0 0
0.459716 0.222654 0 0 0
0.39297 0.669883 0 0 0
0.246931 0.159548 0 0 0
0.188033 0.358284 0 0 0
0.258858 0.343902 0 0 0
0.273447 0.353412 0 0 0
0.302642 0.665158 0 0 0
0.669068 0.642273 0 0 0
0.204804 0.862469 0 0 0
0.955765 0.127892 0 0 0
0.1664 0.964113 0 0 0
0.131252 0.972708 0 0 0
0.128566 0.0438498 0 0 0
0.624935 0.818232 0 0 0
0.636349 0.819228 0 0 0
0.657389 0.750455 0 0 0
0.281649 0.298305 0 0 0
0.296507 0.309581 0 0 0
0.518413 0.476564 0 0 0
0.5045 0.473937 0 0 0
0.531998 0.462756 0 0 0
0.549228 0.454925 0 0 0
0.55049 0.473057 0 0 0
0.226045 0.812666 0 0 0
0.228878 0.796902 0 0 0
0.296139 0.79307 0 0 0
0.291101 0.778843 0 0 0
0.302851 0.78362 0 0 0
0.510561 0.393393 0 0 0
0.548578 0.4137 0 0 0
0.288948 0.656397 0 0 0
0.291859 0.674585 0 0 0
0.235265 0.647723 0 0 0
0.170996 0.120917 0 0 0
0.18818 0.153891 0 0 0
0.592206 0.211506 0 0 0
0.163888 0.200199 0 0 0
0.172661 0.259487 0 0 0
0.120567 0.348787 0 0 0
0.109992 0.336073 0 0 0
0.127044 0.335253 0 0 0
0.0911147 0.310704 0 0 0
0.107154 0.304591 0 0 0
0.0997639 0.322182 0 0 0
0.656465 0.197075 0 0 0
0.647681 0.204781 0 0 0
0.645288 0.189695 0 0 0
0.468281 0.48509 0 0 0
0.489564 0.481458 0 0 0
0.222362 0.596657 0 0 0
0.160023 0.608875 0 0 0
0.152726 0.623996 0 0 0
0.609951 0.770069 0 0 0
0.596324 0.776428 0 0 0
0.612051 0.83877 0 0 0
0.537486 0.791493 0 0 0
0.539579 0.82808 0 0 0
0.20809 0.540472 0 0 0
0.172077 0.539121 0 0 0
0.786029 0.41458 0 0 0
0.770419 0.415518 0 0 0
0.792667 0.373924 0 0 0
0.383386 0.602243 0 0 0
0.209946 0.306428 0 0 0
0.680793 0.48072 0 0 0
0.616535 0.451598 0 0 0
0.56266 0.717855 0 0 0
0.687048 0.67879 0 0 0
0.680795 0.665885 0 0 0
0.692157 0.666468 0 0 0
0.387892 0.0117418 0 0 0
0.390147 0.0566747 0 0 0
0.374398 0.0594953 0 0 0
0.462399 0.207354 0 0 0
0.420013 0.180174 0 0 0
0.439581 0.172926 0 0 0
0.948223 0.249384 0 0 0
0.923601 0.280894 0 0 0
0.907383 0.276953 0 0 0
0.350956 0.446902 0 0 0
0.360805 0.453684 0 0 0
0.811928 0.470418 0 0 0
0.776713 0.501101 0 0 0
0.761324 0.499544 0 0 0
0.772054 0.489761 0 0 0
0.0693599 0.147858 0 0 0
0.0555484 0.136418 0 0 0
0.0739511 0.136582 0 0 0
0.0712257 0.0893196 0 0 0
0.29452 0.215566 0 0 0
0.829856 0.124593 0 0 0
0.833896 0.110462 0 0 0
0.841246 0.123976 0 0 0
0.818421 0.132173 0 0 0
0.361521 0.0952451 0 0 0
0.4172 0.102101 0 0 0
0.910594 0.661982 0 0 0
0.915013 0.676641 0 0 0
0.524356 0.290312 0 0 0
0.483279 0.233545 0 0 0
0.982348 0.548815 0 0 0
0.31696 0.114843 0 0 0
0.333399 0.118085 0 0 0
0.323507 0.131769 0 0 0
0.368022 0.123634 0 0 0
0.360999 0.110192 0 0 0
0.0982324 0.43111 0 0 0
0.561511 0.159616 0 0 0
0.545563 0.162697 0 0 0
0.544917 0.183547 0 0 0
0.530694 0.191223 0 0 0
0.52577 0.174103 0 0 0
0.366775 0.85387 0 0 0
0.380209 0.860951 0 0 0
0.366953 0.868976 0 0 0
0.422598 0.847296 0 0 0
0.430267 0.857148 0 0 0
0.0226798 0.496198 0 0 0
0.0505829 0.524973 0 0 0
0.529123 0.0369258 0 0 0
0.539814 0.548095 0 0 0
0.630447 0.182733 0 0 0
0.633564 0.105647 0 0 0
0.637161 0.121569 0 0 0
0.844618 0.826236 0 0 0
0.824374 0.803584 0 0 0
0.839404 0.806783 0 0 0
0.709224 0.822236 0 0 0
0.786128 0.491734 0 0 0
0.744787 0.507779 0 0 0
0.542535 0.097526 0 0 0
0.530894 0.08744 0 0 0
0.517866 0.0736002 0 0 0
0.77763 0.918365 0 0 0
0.761162 0.880719 0 0 0
0.526831 0.774231 0 0 0
0.54354 0.771253 0 0 0
0.552275 0.729894 0 0 0
0.22822 0.544012 0 0 0
0.278274 0.549992 0 0 0
0.724062 0.713229 0 0 0
0.33779 0.855884 0 0 0
0.35293 0.861615 0 0 0
0.379152 0.873152 0 0 0
0.370909 0.882551 0 0 0
0.317826 0.158902 0 0 0
0.334055 0.158813 0 0 0
0.318706 0.175464 0 0 0
0.248998 0.0516882 0 0 0
0.280663 0.0790475 0 0 0
0.269736 0.0941853 0 0 0
0.217469 0.917815 0 0 0
0.263344 0.921746 0 0 0
0.238944 0.624158 0 0 0
0.198708 0.575224 0 0 0
0.21097 0.586997 0 0 0
0.193509 0.592825 0 0 0
0.871533 0.195502 0 0 0
0.872879 0.178527 0 0 0
0.883756 0.186962 0 0 0
0.918324 0.19372 0 0 0
0.799626 0.423581 0 0 0
0.704169 0.678678 0 0 0
0.286097 0.489572 0 0 0
0.28559 0.537088 0 0 0
0.403068 0.150587 0 0 0
0.0282986 0.766883 0 0 0
0.0127151 0.76838 0 0 0
0.735683 0.0432897 0 0 0
0.765964 0.974259 0 0 0
0.768014 0.987093 0 0 0
0.0697475 0.392419 0 0 0
0.070901 0.377003 0 0 0
0.092171 0.338006 0 0 0
0.0871711 0.354666 0 0 0
0.708135 0.837123 0 0 0
0.660879 0.879543 0 0 0
0.667958 0.860489 0 0 0
0.535702 0.218054 0 0 0
0.847053 0.174312 0 0 0
0.842062 0.199422 0 0 0
0.856113 0.18606 0 0 0
0.866696 0.58907 0 0 0
0.919877 0.765932 0 0 0
0.925015 0.752676 0 0 0
0.95664 0.824928 0 0 0
0.950649 0.808125 0 0 0
0.157866 0.477837 0 0 0
0.15737 0.497804 0 0 0
0.141607 0.484575 0 0 0
0.16547 0.521801 0 0 0
0.502693 0.840611 0 0 0
0.513308 0.901934 0 0 0
0.448698 0.662474 0 0 0
0.432502 0.658365 0 0 0
0.493269 0.691232 0 0 0
0.898844 0.413635 0 0 0
0.906104 0.45788 0 0 0
0.812127 0.666248 0 0 0
0.825691 0.682666 0 0 0
0.865458 0.734161 0 0 0
0.850929 0.723047 0 0 0
0.147798 0.841553 0 0 0
0.165454 0.832252 0 0 0
0.266188 0.839472 0 0 0
0.596674 0.448648 0 0 0
0.432126 0.013097 0 0 0
0.0491007 0.289904 0 0 0
0.0171532 0.302283 0 0 0
0.728118 0.516158 0 0 0
0.731864 0.499404 0 0 0
0.30064 0.725707 0 0 0
0.30772 0.737026 0 0 0
0.179475 0.709421 0 0 0
0.565835 0.860236 0 0 0
0.0967865 0.535104 0 0 0
0.916818 0.137954 0 0 0
0.904753 0.207195 0 0 0
0.193847 0.0824051 0 0 0
0.151929 0.361263 0 0 0
0.570293 0.666566 0 0 0
0.580219 0.655189 0 0 0
0.946802 0.905668 0 0 0
0.956382 0.891034 0 0 0
0.949876 0.875587 0 0 0
0.912289 0.5333 0 0 0
0.9063 0.543017 0 0 0
0.91763 0.919187 0 0 0
0.873901 0.908203 0 0 0
0.607709 0.389912 0 0 0
0.471114 0.345296 0 0 0
0.485341 0.330991 0 0 0
0.449902 0.489889 0 0 0
0.431254 0.492961 0 0 0
0.35725 0.185138 0 0 0
0.363235 0.197514 0 0 0
0.260892 0.140847 0 0 0
0.296902 0.445996 0 0 0
0.835532 0.544069 0 0 0
0.823504 0.551033 0 0 0
0.85161 0.544283 0 0 0
0.271752 0.490154 0 0 0
0.569277 0.240437 0 0 0
0.523351 0.207601 0 0 0
0.394065 0.870251 0 0 0
0.969973 0.368156 0 0 0
0.956928 0.366365 0 0 0
0.732407 0.212956 0 0 0
0.690448 0.218887 0 0 0
0.240379 0.268635 0 0 0
0.25544 0.27386 0 0 0
0.301909 0.602396 0 0 0
0.317145 0.545222 0 0 0
0.295877 0.554097 0 0 0
0.149989 0.379854 0 0 0
0.553786 0.426972 0 0 0
0.547086 0.441874 0 0 0
0.708456 0.372392 0 0 0
0.721966 0.382398 0 0 0
0.746154 0.38327 0 0 0
0.730928 0.398345 0 0 0
0.0402808 0.914209 0 0 0
0.0384556 0.898017 0 0 0
0.202811 0.912363 0 0 0
0.208861 0.078166 0 0 0
0.870224 0.513688 0 0 0
0.867698 0.496951 0 0 0
0.883646 0.498697 0 0 0
0.770696 0.66574 0 0 0
0.724095 0.447866 0 0 0
0.750491 0.416388 0 0 0
0.417464 0.0684338 0 0 0
0.405939 0.054937 0 0 0
0.932774 0.615883 0 0 0
0.91832 0.629962 0 0 0
0.950179 0.642244 0 0 0
0.674083 0.702647 0 0 0
0.73678 0.701991 0 0 0
0.782562 0.337789 0 0 0
0.612608 0.344406 0 0 0
0.543231 0.335295 0 0 0
0.763781 0.595763 0 0 0
0.764375 0.580888 0 0 0
0.777072 0.585493 0 0 0
0.778417 0.603965 0 0 0
0.155396 0.244537 0 0 0
0.149497 0.261035 0 0 0
0.199553 0.28928 0 0 0
0.141271 0.655317 0 0 0
0.136915 0.636098 0 0 0
0.1542 0.64336 0 0 0
0.123535 0.625013 0 0 0
0.622032 0.879982 0 0 0
0.314488 0.834086 0 0 0
0.321374 0.851058 0 0 0
0.575637 0.257407 0 0 0
0.538719 0.260618 0 0 0
0.437399 0.71046 0 0 0
0.455154 0.719428 0 0 0
0.443164 0.731652 0 0 0
0.614889 0.136927 0 0 0
0.554991 0.598331 0 0 0
0.833671 0.665785 0 0 0
0.810504 0.629261 0 0 0
0.307615 0.387289 0 0 0
0.448018 0.328809 0 0 0
0.392383 0.308521 0 0 0
0.402859 0.321584 0 0 0
0.192972 0.701149 0 0 0
0.205411 0.716016 0 0 0
0.190521 0.720336 0 0 0
0.46608 0.753447 0 0 0
0.369063 0.838613 0 0 0
0.380551 0.846431 0 0 0
0.383392 0.776064 0 0 0
0.458806 0.383448 0 0 0
0.401993 0.38913 0 0 0
0.335494 0.914954 0 0 0
0.20247 0.964713 0 0 0
0.67864 0.0735987 0 0 0
0.671659 0.0912766 0 0 0
0.799653 0.808723 0 0 0
0.78474 0.816859 0 0 0
0.804406 0.840125 0 0 0
0.789357 0.834634 0 0 0
0.228923 0.459158 0 0 0
0.212962 0.457101 0 0 0
0.229922 0.0960441 0 0 0
0.568289 0.630211 0 0 0
0.85286 0.73931 0 0 0
0.773 0.870551 0 0 0
0.0297563 0.296701 0 0 0
0.0865165 0.370594 0 0 0
0.0856216 0.731608 0 0 0
0.949309 0.794268 0 0 0
0.962269 0.798217 0 0 0
0.95514 0.756898 0 0 0
0.928358 0.297049 0 0 0
0.942548 0.30328 0 0 0
0.956321 0.295523 0 0 0
0.0527853 0.120547 0 0 0
0.0375135 0.125812 0 0 0
0.320614 0.742497 0 0 0
0.127038 0.460908 0 0 0
0.678726 0.258891 0 0 0
0.681682 0.230787 0 0 0
0.0588489 0.453691 0 0 0
0.890734 0.342198 0 0 0
0.715359 0.558761 0 0 0
0.722689 0.589968 0 0 0
0.6695 0.581645 0 0 0
0.232688 0.718978 0 0 0
0.218453 0.713941 0 0 0
0.217571 0.674038 0 0 0
0.637066 0.429318 0 0 0
0.916869 0.426259 0 0 0
0.925757 0.416726 0 0 0
0.812799 0.589056 0 0 0
0.8196 0.604079 0 0 0
0.079119 0.430253 0 0 0
0.0236605 0.398252 0 0 0
0.969026 0.613123 0 0 0
0.934693 0.636188 0 0 0
0.195698 0.785353 0 0 0
0.475179 0.156547 0 0 0
0.490255 0.161764 0 0 0
0.30842 0.299221 0 0 0
0.288505 0.572659 0 0 0
0.472654 0.909991 0 0 0
0.486959 0.90281 0 0 0
0.0874054 0.650681 0 0 0
0.0707043 0.651615 0 0 0
0.0340322 0.611138 0 0 0
0.629654 0.057694 0 0 0
0.604136 0.0466072 0 0 0
0.651027 0.928954 0 0 0
0.611267 0.965915 0 0 0
0.875931 0.604865 0 0 0
0.853585 0.792702 0 0 0
0.984102 0.952617 0 0 0
0.940619 0.942083 0 0 0
0.952524 0.950854 0 0 0
0.217456 0.347042 0 0 0
0.212158 0.327507 0 0 0
0.229242 0.331422 0 0 0
0.353905 0.254817 0 0 0
0.335946 0.256163 0 0 0
0.293822 0.253883 0 0 0
0.905596 0.0785656 0 0 0
0.957279 0.0629263 0 0 0
0.0699858 0.105554 0 0 0
0.0839199 0.0986612 0 0 0
0.0631274 0.0449874 0 0 0
0.0585664 0.975228 0 0 0
0.062505 0.957153 0 0 0
0.0575245 0.940095 0 0 0
0.253645 0.170957 0 0 0
0.245883 0.186286 0 0 0
0.259579 0.156518 0 0 0
0.597776 0.724419 0 0 0
0.582403 0.728424 0 0 0
0.644864 0.737246 0 0 0
0.79798 0.217345 0 0 0
0.811866 0.221613 0 0 0
0.797715 0.195443 0 0 0
0.172449 0.649188 0 0 0
0.165797 0.634237 0 0 0
0.785207 0.744875 0 0 0
0.796168 0.7551 0 0 0
0.791492 0.767034 0 0 0
0.398909 0.887951 0 0 0
0.384513 0.88206 0 0 0
0.742678 0.0893861 0 0 0
0.46889 0.232374 0 0 0
0.312049 0.619435 0 0 0
0.3269 0.676559 0 0 0
0.670004 0.198496 0 0 0
0.127643 0.770434 0 0 0
0.615781 0.709199 0 0 0
0.238269 0.253379 0 0 0
0.22711 0.240608 0 0 0
0.245217 0.242468 0 0 0
0.183097 0.248614 0 0 0
0.0711691 0.818306 0 0 0
0.822957 0.050974 0 0 0
0.824933 0.0331952 0 0 0
0.461566 0.543267 0 0 0
0.587117 0.0457622 0 0 0
0.578281 0.0595382 0 0 0
0.594952 0.0617532 0 0 0
0.564335 0.905201 0 0 0
0.585947 0.953495 0 0 0
0.603902 0.952914 0 0 0
0.0459698 0.602944 0 0 0
0.463683 0.110013 0 0 0
0.966329 0.952143 0 0 0
0.0480565 0.951262 0 0 0
0.0453377 0.966118 0 0 0
0.021145 0.0505626 0 0 0
0.3985 0.597917 0 0 0
0.449362 0.943667 0 0 0
0.427021 0.920804 0 0 0
0.711373 0.340984 0 0 0
0.709954 0.330051 0 0 0
0.612349 0.55249 0 0 0
0.600395 0.538851 0 0 0
0.349931 0.46112 0 0 0
0.314463 0.443426 0 0 0
0.225133 0.705106 0 0 0
0.05704 0.399817 0 0 0
0.718928 0.771794 0 0 0
0.705853 0.760605 0 0 0
0.713772 0.786534 0 0 0
0.0926762 0.636292 0 0 0
0.620353 0.909439 0 0 0
0.755822 0.268067 0 0 0
0.748501 0.284214 0 0 0
0.310641 0.802289 0 0 0
0.306238 0.790985 0 0 0
0.852526 0.502498 0 0 0
0.331715 0.240245 0 0 0
0.5636 0.505525 0 0 0
0.376511 0.554672 0 0 0
0.203144 0.363523 0 0 0
0.159628 0.275208 0 0 0
0.651597 0.125006 0 0 0
0.262706 0.394398 0 0 0
0.293066 0.690737 0 0 0
0.335803 0.741112 0 0 0
0.31301 0.313007 0 0 0
0.350138 0.327465 0 0 0
0.0469709 0.700041 0 0 0
0.0579956 0.709851 0 0 0
0.900805 0.745858 0 0 0
0.92469 0.780256 0 0 0
0.913174 0.794764 0 0 0
0.701221 0.950322 0 0 0
0.709977 0.942109 0 0 0
0.70257 0.918361 0 0 0
0.697158 0.934733 0 0 0
0.688085 0.918587 0 0 0
0.774847 0.192597 0 0 0
0.798019 0.157274 0 0 0
0.0963277 0.11059 0 0 0
0.109855 0.123565 0 0 0
0.122394 0.112162 0 0 0
0.882454 0.871326 0 0 0
0.813312 0.248315 0 0 0
0.775237 0.265406 0 0 0
0.767719 0.281854 0 0 0
0.73669 0.294424 0 0 0
0.411181 0.0840156 0 0 0
0.42899 0.0849155 0 0 0
0.395558 0.0422107 0 0 0
0.734788 0.0565755 0 0 0
0.723037 0.052321 0 0 0
0.760257 0.0653903 0 0 0
0.747406 0.0531623 0 0 0
0.717154 0.200371 0 0 0
0.813748 0.81067 0 0 0
0.17288 0.237539 0 0 0
0.13525 0.220706 0 0 0
0.190342 0.0113832 0 0 0
0.183136 0.0695095 0 0 0
0.16811 0.0513722 0 0 0
0.988638 0.189275 0 0 0
0.931578 0.184075 0 0 0
0.949008 0.170563 0 0 0
0.795483 0.0295984 0 0 0
0.790818 0.963011 0 0 0
0.790819 0.947718 0 0 0
0.825456 0.969519 0 0 0
0.0448423 0.795717 0 0 0
0.0329646 0.82752 0 0 0
0.293786 0.586784 0 0 0
0.822689 0.0676008 0 0 0
0.808005 0.0783016 0 0 0
0.304137 0.324305 0 0 0
0.180251 0.207392 0 0 0
0.193671 0.196692 0 0 0
0.200286 0.182865 0 0 0
0.371153 0.96601 0 0 0
0.354909 0.0371677 0 0 0
0.523241 0.834512 0 0 0
0.532062 0.819313 0 0 0
0.531029 0.87434 0 0 0
0.124686 0.48887 0 0 0
0.129413 0.47563 0 0 0
0.121462 0.503613 0 0 0
0.137339 0.50038 0 0 0
0.854121 0.408877 0 0 0
0.379164 0.758602 0 0 0
0.369164 0.769045 0 0 0
0.412818 0.766699 0 0 0
0.443482 0.436466 0 0 0
0.0810663 0.891635 0 0 0
0.875662 0.127532 0 0 0
0.79143 0.318089 0 0 0
0.872993 0.446085 0 0 0
0.752028 0.585895 0 0 0
0.729861 0.556885 0 0 0
0.528067 0.346775 0 0 0
0.521905 0.331586 0 0 0
0.535889 0.318186 0 0 0
0.0867496 0.217221 0 0 0
0.104699 0.210567 0 0 0
0.549079 0.111572 0 0 0
0.527802 0.155942 0 0 0
0.963527 0.482495 0 0 0
0.505611 0.823547 0 0 0
0.466033 0.847687 0 0 0
0.471724 0.832575 0 0 0
0.465404 0.328708 0 0 0
0.456807 0.341465 0 0 0
0.156369 0.462394 0 0 0
0.366262 0.643654 0 0 0
0.40425 0.659255 0 0 0
0.47244 0.281664 0 0 0
0.483688 0.269059 0 0 0
0.501196 0.289301 0 0 0
0.0429034 0.981909 0 0 0
0.322918 0.509035 0 0 0
0.150421 0.856479 0 0 0
0.123748 0.89072 0 0 0
0.148443 0.191796 0 0 0
0.361137 0.51862 0 0 0
0.127106 0.158869 0 0 0
0.136197 0.898713 0 0 0
0.139361 0.885231 0 0 0
0.952942 0.609883 0 0 0
0.188002 0.181475 0 0 0
0.176441 0.189731 0 0 0
0.134108 0.177923 0 0 0
0.451062 0.201335 0 0 0
0.110554 0.954693 0 0 0
0.126171 0.956792 0 0 0
0.0883763 0.0258917 0 0 0
0.765843 0.680983 0 0 0
0.779606 0.678663 0 0 0
0.96816 0.354875 0 0 0
0.700607 0.583608 0 0 0
0.649394 0.349385 0 0 0
0.618796 0.312678 0 0 0
0.705608 0.144596 0 0 0
0.415025 0.160567 0 0 0
0.451577 0.144419 0 0 0
0.0311973 0.322579 0 0 0
0.918013 0.388985 0 0 0
0.674543 0.404792 0 0 0
0.755836 0.0842962 0 0 0
0.0829368 0.805953 0 0 0
0.791828 0.103905 0 0 0
0.180977 0.531976 0 0 0
0.181741 0.580299 0 0 0
0.575304 0.801325 0 0 0
0.580599 0.818252 0 0 0
0.612527 0.580615 0 0 0
0.603848 0.594555 0 0 0
0.668999 0.0494791 0 0 0
0.860619 0.260347 0 0 0
0.0891364 0.620761 0 0 0
0.10206 0.595294 0 0 0
0.180085 0.898839 0 0 0
0.429869 0.619017 0 0 0
0.804771 0.601976 0 0 0
0.595557 0.159328 0 0 0
0.311894 0.861404 0 0 0
0.241692 0.854932 0 0 0
0.0580317 0.849584 0 0 0
0.269948 0.407006 0 0 0
0.77 0.830606 0 0 0
0.159367 0.79245 0 0 0
0.235504 0.889558 0 0 0
0.242107 0.872149 0 0 0
0.217445 0.554706 0 0 0
0.201913 0.558316 0 0 0
0.554633 0.782947 0 0 0
0.557749 0.798093 0 0 0
0.586975 0.788513 0 0 0
0.901564 0.0403983 0 0 0
0.838544 0.226662 0 0 0
0.875297 0.432357 0 0 0
0.475641 0.795055 0 0 0
0.433236 0.813471 0 0 0
0.205472 0.47475 0 0 0
0.1982 0.462689 0 0 0
0.879852 0.393207 0 0 0
0.88394 0.380833 0 0 0
0.659217 0.361128 0 0 0
0.572245 0.0710147 0 0 0
0.59514 0.100288 0 0 0
0.350831 0.78771 0 0 0
0.959605 0.499225 0 0 0
0.526356 0.390263 0 0 0
0.591231 0.116241 0 0 0
0.448227 0.681099 0 0 0
0.494851 0.659554 0 0 0
0.116954 0.93667 0 0 0
0.654703 0.492418 0 0 0
0.640304 0.477504 0 0 0
0.66128 0.626937 0 0 0
0.0977963 0.266057 0 0 0
0.204743 0.420058 0 0 0
0.216751 0.420476 0 0 0
0.858217 0.202836 0 0 0
0.751985 0.670208 0 0 0
0.739063 0.640555 0 0 0
0.827114 0.81676 0 0 0
0.59184 0.176969 0 0 0
0.122817 0.922087 0 0 0
0.890369 0.0964897 0 0 0
0.936362 0.0829899 0 0 0
0.94295 0.0709642 0 0 0
0.534928 0.0715605 0 0 0
0.213871 0.222394 0 0 0
0.50185 0.647954 0 0 0
0.514674 0.618486 0 0 0
0.80926 0.20936 0 0 0
0.429605 0.119077 0 0 0
0.412015 0.12153 0 0 0
0.0656244 0.682002 0 0 0
0.682244 0.93338 0 0 0
0.651451 0.800424 0 0 0
0.645373 0.813414 0 0 0
0.816492 0.279282 0 0 0
0.427579 0.441883 0 0 0
0.909693 0.960613 0 0 0
0.499405 0.705293 0 0 0
0.42075 0.741514 0 0 0
0.396835 0.339189 0 0 0
0.938594 0.888804 0 0 0
0.971541 0.891958 0 0 0
0.679345 0.873455 0 0 0
0.928716 0.53464 0 0 0
0.470607 0.859525 0 0 0
0.461615 0.89458 0 0 0
0.838665 0.500094 0 0 0
0.648017 0.229392 0 0 0
0.688849 0.247152 0 0 0
0.0733999 0.205117 0 0 0
0.83016 0.894781 0 0 0
0.588925 0.362862 0 0 0
0.619572 0.330017 0 0 0
0.946265 0.626652 0 0 0
0.742182 0.753946 0 0 0
0.352158 0.211762 0 0 0
0.0795392 0.557326 0 0 0
0.0950326 0.564327 0 0 0
0.569324 0.150737 0 0 0
0.540041 0.246775 0 0 0
0.509569 0.221168 0 0 0
0.294447 0.0522808 0 0 0
0.31505 0.956704 0 0 0
0.29764 0.952709 0 0 0
0.435582 0.217315 0 0 0
0.418801 0.222822 0 0 0
0.420875 0.2518 0 0 0
0.415481 0.237409 0 0 0
0.774116 0.806041 0 0 0
0.707037 0.545447 0 0 0
0.741529 0.562342 0 0 0
0.921456 0.402376 0 0 0
0.348489 0.79947 0 0 0
0.745506 0.401696 0 0 0
0.715533 0.398077 0 0 0
0.655389 0.697714 0 0 0
0.792362 0.0889593 0 0 0
0.835493 0.139053 0 0 0
0.820391 0.117716 0 0 0
0.629617 0.134791 0 0 0
0.666774 0.130159 0 0 0
0.435819 0.973708 0 0 0
0.210275 0.813869 0 0 0
0.536717 0.448478 0 0 0
0.350068 0.122202 0 0 0
0.238024 0.519693 0 0 0
0.143132 0.467846 0 0 0
0.298361 0.373949 0 0 0
0.29238 0.385812 0 0 0
0.214195 0.659643 0 0 0
0.187721 0.659198 0 0 0
0.80832 0.373388 0 0 0
0.83785 0.0582484 0 0 0
0.142288 0.429837 0 0 0
0.0119473 0.232616 0 0 0
0.0491719 0.256196 0 0 0
0.307664 0.457311 0 0 0
0.244537 0.285839 0 0 0
0.224961 0.26048 0 0 0
0.457294 0.359543 0 0 0
0.271509 0.655775 0 0 0
0.664262 0.446212 0 0 0
0.673283 0.431855 0 0 0
0.161527 0.134638 0 0 0
0.735364 0.664131 0 0 0
0.737394 0.230194 0 0 0
0.410151 0.875188 0 0 0
0.939887 0.700762 0 0 0
0.546578 0.987628 0 0 0
0.0139231 0.546587 0 0 0
0.0323266 0.557707 0 0 0
0.717751 0.500514 0 0 0
0.724999 0.485038 0 0 0
0.0996749 0.363583 0 0 0
0.337977 0.129628 0 0 0
0.358411 0.136757 0 0 0
0.0314917 0.685825 0 0 0
0.0636806 0.439417 0 0 0
0.0334152 0.434842 0 0 0
0.722923 0.227924 0 0 0
0.713569 0.215769 0 0 0
0.27638 0.825787 0 0 0
0.19678 0.756642 0 0 0
0.969191 0.664191 0 0 0
0.434452 0.69031 0 0 0
0.447254 0.695812 0 0 0
0.477063 0.963406 0 0 0
0.511641 0.257789 0 0 0
0.85767 0.271262 0 0 0
0.859495 0.315744 0 0 0
0.803389 0.270957 0 0 0
0.314097 0.495577 0 0 0
0.353765 0.474865 0 0 0
0.364625 0.467274 0 0 0
0.482648 0.758654 0 0 0
0.470062 0.764264 0 0 0
0.523332 0.689934 0 0 0
0.0794429 0.048217 0 0 0
0.324637 0.147509 0 0 0
0.870385 0.672734 0 0 0
0.940191 0.59972 0 0 0
0.324241 0.049211 0 0 0
0.796837 0.70254 0 0 0
0.780061 0.555199 0 0 0
0.652134 0.217023 0 0 0
0.465948 0.141675 0 0 0
0.164282 0.427305 0 0 0
0.655555 0.457639 0 0 0
0.315748 0.0983385 0 0 0
0.322382 0.081394 0 0 0
0.570904 0.334837 0 0 0
0.136378 0.565116 0 0 0
0.921421 0.460234 0 0 0
0.967989 0.41434 0 0 0
0.793349 0.845121 0 0 0
0.763337 0.466107 0 0 0
0.883508 0.669692 0 0 0
0.355466 0.314731 0 0 0
0.386022 0.496452 0 0 0
0.391693 0.452986 0 0 0
0.5267 0.513073 0 0 0
0.28004 0.839506 0 0 0
0.66263 0.836149 0 0 0
0.249137 0.96691 0 0 0
0.375869 0.4242 0 0 0
0.892215 0.907028 0 0 0
0.323417 0.625496 0 0 0
0.449282 0.213491 0 0 0
0.4338 0.575424 0 0 0
0.467668 0.602456 0 0 0
0.414886 0.530378 0 0 0
0.420315 0.580221 0 0 0
0.887591 0.0653903 0 0 0
0.898909 0.0690292 0 0 0
0.604313 0.525157 0 0 0
0.716249 0.530801 0 0 0
0.699398 0.559438 0 0 0
0.543312 0.610401 0 0 0
0.527261 0.612029 0 0 0
0.875821 0.164007 0 0 0
0.877162 0.969181 0 0 0
0.460581 0.736629 0 0 0
0.364395 0.0475356 0 0 0
0.401565 0.069837 0 0 0
0.385985 0.0714132 0 0 0
0.397092 0.292583 0 0 0
0.353484 0.300144 0 0 0
0.868263 0.698711 0 0 0
0.387235 0.279441 0 0 0
0.406269 0.257413 0 0 0
0.379533 0.896397 0 0 0
0.497928 0.547854 0 0 0
0.233145 0.906858 0 0 0
0.249269 0.914818 0 0 0
0.761732 0.909109 0 0 0
0.179824 0.349409 0 0 0
0.543207 0.593834 0 0 0
0.657756 0.846814 0 0 0
0.889317 0.783434 0 0 0
0.574862 0.681331 0 0 0
0.031428 0.0592632 0 0 0
0.044196 0.0696108 0 0 0
0.260922 0.480964 0 0 0
0.262549 0.463013 0 0 0
0.174303 0.665359 0 0 0
0.694374 0.262776 0 0 0
0.224183 0.31585 0 0 0
0.678553 0.688588 0 0 0
0.17733 0.634697 0 0 0
0.615796 0.825451 0 0 0
0.19312 0.531994 0 0 0
0.670194 0.0634193 0 0 0
0.296287 0.402488 0 0 0
0.326845 0.361974 0 0 0
0.153516 0.881985 0 0 0
0.900579 0.553077 0 0 0
0.935941 0.549441 0 0 0
0.777017 0.474874 0 0 0
0.239134 0.805073 0 0 0
0.243895 0.332996 0 0 0
0.740476 0.864703 0 0 0
0.966219 0.740918 0 0 0
0.616467 0.223971 0 0 0
0.628124 0.229146 0 0 0
0.0823433 0.540804 0 0 0
0.028942 0.518784 0 0 0
0.0626235 0.522758 0 0 0
0.907961 0.90849 0 0 0
0.100265 0.70185 0 0 0
0.382095 0.83375 0 0 0
0.301476 0.914252 0 0 0
0.453921 0.88235 0 0 0
0.573519 0.717848 0 0 0
0.0303081 0.973569 0 0 0
0.974078 0.96845 0 0 0
0.947145 0.0107497 0 0 0
0.973697 0.0302994 0 0 0
0.720296 0.348334 0 0 0
0.403304 0.717166 0 0 0
0.497702 0.499657 0 0 0
0.479221 0.258258 0 0 0
0.252043 0.434406 0 0 0
0.923222 0.115651 0 0 0
0.649563 0.318498 0 0 0
0.759882 0.325777 0 0 0
0.766108 0.331645 0 0 0
0.0294871 0.796861 0 0 0
0.798587 0.973123 0 0 0
0.114928 0.738472 0 0 0
0.570902 0.954086 0 0 0
0.933098 0.322691 0 0 0
0.899342 0.327959 0 0 0
0.512096 0.108626 0 0 0
0.633745 0.271125 0 0 0
0.396974 0.266996 0 0 0
0.853739 0.518486 0 0 0
0.939509 0.749938 0 0 0
0.371944 0.181262 0 0 0
0.498923 0.907035 0 0 0
0.390878 0.56134 0 0 0
0.96823 0.548788 0 0 0
0.943313 0.536736 0 0 0
0.910328 0.475504 0 0 0
0.186905 0.114819 0 0 0
0.972526 0.940315 0 0 0
0.325216 0.186758 0 0 0
0.825108 0.621368 0 0 0
0.83782 0.606193 0 0 0
0.51947 0.967355 0 0 0
0.438915 0.47896 0 0 0
0.751183 0.761796 0 0 0
0.760399 0.48064 0 0 0
0.781425 0.63298 0 0 0
0.805735 0.645425 0 0 0
0.57839 0.900454 0 0 0
0.887228 0.202686 0 0 0
0.455735 0.64742 0 0 0
0.276549 0.755848 0 0 0
0.544496 0.306162 0 0 0
0.727784 0.0634705 0 0 0
0.702234 0.640704 0 0 0
0.436069 0.560977 0 0 0
0.545429 0.539207 0 0 0
0.748441 0.601957 0 0 0
0.561063 0.444215 0 0 0
0.700409 0.214907 0 0 0
0.238912 0.232959 0 0 0
0.208713 0.236627 0 0 0
0.0626336 0.297574 0 0 0
0.33662 0.648672 0 0 0
0.976993 0.106711 0 0 0
0.210022 0.378314 0 0 0
0.444639 0.393964 0 0 0
0.611481 0.719534 0 0 0
0.175533 0.877058 0 0 0
0.36248 0.893866 0 0 0
0.273835 0.151266 0 0 0
0.590228 0.195154 0 0 0
0.177091 0.0575558 0 0 0
0.942755 0.179148 0 0 0
0.679502 0.167121 0 0 0
0.0301998 0.0263098 0 0 0
0.899931 0.956383 0 0 0
0.514031 0.851212 0 0 0
0.559703 0.664583 0 0 0
0.720765 0.0368638 0 0 0
0.815646 0.744021 0 0 0
0.954389 0.237743 0 0 0
0.924092 0.126362 0 0 0
0.237664 0.0453121 0 0 0
0.701031 0.103195 0 0 0
0.971067 0.400214 0 0 0
0.957213 0.425005 0 0 0
0.544551 0.48529 0 0 0
0.0635324 0.775711 0 0 0
0.0226632 0.553468 0 0 0
0.104097 0.350298 0 0 0
0.0705083 0.942563 0 0 0
0.168032 0.385904 0 0 0
0.679158 0.968543 0 0 0
0.930868 0.31245 0 0 0
0.774164 0.456488 0 0 0
0.743404 0.221316 0 0 0
0.414507 0.433298 0 0 0
0.153272 0.287249 0 0 0
0.818983 0.562052 0 0 0
0.76416 0.176237 0 0 0
0.175372 0.153153 0 0 0
0.337915 0.678744 0 0 0
0.426878 0.770918 0 0 0
0.839448 0.723637 0 0 0
0.911827 0.413642 0 0 0
