VARIABLES= "X", "Y", "L"
1 1 1
1.18367 1 0
1.36735 1 0
1.55102 1 0
1.73469 1 0
1.91837 1 0
2.10204 1 0
2.28571 1 0
2.46939 1 0
2.65306 1 0
2.83673 1 0
3.02041 1 0
3.20408 1 0
3.38776 1 0
3.57143 1 0
3.7551 1 0
3.93878 1 0
4.12245 1 0
4.30612 1 0
4.4898 1 0
4.67347 1 0
4.85714 1 0
5.04082 1 0
5.22449 1 0
5.40816 1 0
5.59184 1 0
5.77551 1 0
5.95918 1 0
6.14286 1 0
6.32653 1 0
6.5102 1 0
6.69388 1 0
6.87755 1 0
7.06122 1 0
7.2449 1 0
7.42857 1 0
7.61224 1 0
7.79592 1 0
7.97959 1 0
8.16327 1 0
8.34694 1 0
8.53061 1 0
8.71429 1 0
8.89796 1 0
9.08163 1 0
9.26531 1 0
9.44898 1 0
9.63265 1 0
9.81633 1 0
10 1 0
1 1.18367 1
1.18367 1.18367 0.697639
1.36735 1.18367 0.393159
1.55102 1.18367 0.256026
1.73469 1.18367 0.183539
1.91837 1.18367 0.139891
2.10204 1.18367 0.110891
2.28571 1.18367 0.0901841
2.46939 1.18367 0.0746013
2.65306 1.18367 0.0624138
2.83673 1.18367 0.0526064
3.02041 1.18367 0.0445469
3.20408 1.18367 0.0378205
3.38776 1.18367 0.0321441
3.57143 1.18367 0.027316
3.7551 1.18367 0.0231884
3.93878 1.18367 0.0196485
4.12245 1.18367 0.0166086
4.30612 1.18367 0.0139975
4.4898 1.18367 0.0117574
4.67347 1.18367 0.00983888
4.85714 1.18367 0.00820039
5.04082 1.18367 0.0068054
5.22449 1.18367 0.00562232
5.40816 1.18367 0.00462299
5.59184 1.18367 0.0037828
5.77551 1.18367 0.00307969
5.95918 1.18367 0.00249436
6.14286 1.18367 0.00200957
6.32653 1.18367 0.0016103
6.5102 1.18367 0.00128325
6.69388 1.18367 0.00101694
6.87755 1.18367 0.000801318
7.06122 1.18367 0.000627812
7.2449 1.18367 0.000489009
7.42857 1.18367 0.000378671
7.61224 1.18367 0.000291483
7.79592 1.18367 0.000223033
7.97959 1.18367 0.000169617
8.16327 1.18367 0.000128204
8.34694 1.18367 9.62877e-005
8.53061 1.18367 7.1846e-005
8.71429 1.18367 5.32307e-005
8.89796 1.18367 3.91282e-005
9.08163 1.18367 2.84813e-005
9.26531 1.18367 2.04538e-005
9.44898 1.18367 1.43762e-005
9.63265 1.18367 9.71565e-006
9.81633 1.18367 6.0382e-006
10 1.18367 0
1 1.36735 1
1.18367 1.36735 0.895277
1.36735 1.36735 0.619
1.55102 1.36735 0.447461
1.73469 1.36735 0.338324
1.91837 1.36735 0.265243
2.10204 1.36735 0.21362
2.28571 1.36735 0.175396
2.46939 1.36735 0.145977
2.65306 1.36735 0.122632
2.83673 1.36735 0.103661
3.02041 1.36735 0.0879644
3.20408 1.36735 0.0748004
3.38776 1.36735 0.0636507
3.57143 1.36735 0.0541421
3.7551 1.36735 0.0459957
3.93878 1.36735 0.0389984
4.12245 1.36735 0.0329812
4.30612 1.36735 0.0278082
4.4898 1.36735 0.0233658
4.67347 1.36735 0.0195592
4.85714 1.36735 0.016306
5.04082 1.36735 0.0135353
5.22449 1.36735 0.0111843
5.40816 1.36735 0.00919801
5.59184 1.36735 0.00752733
5.77551 1.36735 0.00612912
5.95918 1.36735 0.00496469
6.14286 1.36735 0.00400026
6.32653 1.36735 0.0032057
6.5102 1.36735 0.00255488
6.69388 1.36735 0.00202478
6.87755 1.36735 0.00159561
7.06122 1.36735 0.00125016
7.2449 1.36735 0.000973844
7.42857 1.36735 0.000754125
7.61224 1.36735 0.000580534
7.79592 1.36735 0.000444208
7.97959 1.36735 0.000337844
8.16327 1.36735 0.000255357
8.34694 1.36735 0.000191799
8.53061 1.36735 0.000143112
8.71429 1.36735 0.000106038
8.89796 1.36735 7.79442e-005
9.08163 1.36735 5.67387e-005
9.26531 1.36735 4.07461e-005
9.44898 1.36735 2.86403e-005
9.63265 1.36735 1.93552e-005
9.81633 1.36735 1.20293e-005
10 1.36735 0
1 1.55102 1
1.18367 1.55102 0.957894
1.36735 1.55102 0.740161
1.55102 1.55102 0.576607
1.73469 1.55102 0.457219
1.91837 1.55102 0.369353
2.10204 1.55102 0.303212
2.28571 1.55102 0.252105
2.46939 1.55102 0.211618
2.65306 1.55102 0.178842
2.83673 1.55102 0.151832
3.02041 1.55102 0.129257
3.20408 1.55102 0.110182
3.38776 1.55102 0.0939377
3.57143 1.55102 0.0800246
3.7551 1.55102 0.0680667
3.93878 1.55102 0.0577684
4.12245 1.55102 0.0488953
4.30612 1.55102 0.0412539
4.4898 1.55102 0.0346838
4.67347 1.55102 0.0290472
4.85714 1.55102 0.0242263
5.04082 1.55102 0.0201168
5.22449 1.55102 0.016628
5.40816 1.55102 0.0136785
5.59184 1.55102 0.0111969
5.77551 1.55102 0.0091188
5.95918 1.55102 0.00738791
6.14286 1.55102 0.00595362
6.32653 1.55102 0.00477188
6.5102 1.55102 0.00380352
6.69388 1.55102 0.00301477
6.87755 1.55102 0.00237597
7.06122 1.55102 0.0018618
7.2449 1.55102 0.00145038
7.42857 1.55102 0.00112327
7.61224 1.55102 0.000864743
7.79592 1.55102 0.000661743
7.97959 1.55102 0.000503305
8.16327 1.55102 0.000380454
8.34694 1.55102 0.000285764
8.53061 1.55102 0.000213241
8.71429 1.55102 0.000158002
8.89796 1.55102 0.000116149
9.08163 1.55102 8.45492e-005
9.26531 1.55102 6.07219e-005
9.44898 1.55102 4.26809e-005
9.63265 1.55102 2.88452e-005
9.81633 1.55102 1.79274e-005
10 1.55102 0
1 1.73469 1
1.18367 1.73469 0.98042
1.36735 1.73469 0.807229
1.55102 1.73469 0.661756
1.73469 1.73469 0.54484
1.91837 1.73469 0.452059
2.10204 1.73469 0.378163
2.28571 1.73469 0.318646
2.46939 1.73469 0.270052
2.65306 1.73469 0.229835
2.83673 1.73469 0.19615
3.02041 1.73469 0.167654
3.20408 1.73469 0.143357
3.38776 1.73469 0.12252
3.57143 1.73469 0.104579
3.7551 1.73469 0.0890921
3.93878 1.73469 0.0757119
4.12245 1.73469 0.0641515
4.30612 1.73469 0.0541754
4.4898 1.73469 0.045582
4.67347 1.73469 0.0381997
4.85714 1.73469 0.0318773
5.04082 1.73469 0.0264831
5.22449 1.73469 0.0218992
5.40816 1.73469 0.0180216
5.59184 1.73469 0.0147566
5.77551 1.73469 0.0120216
5.95918 1.73469 0.00974198
6.14286 1.73469 0.00785262
6.32653 1.73469 0.00629508
6.5102 1.73469 0.00501866
6.69388 1.73469 0.00397848
6.87755 1.73469 0.00313601
7.06122 1.73469 0.00245764
7.2449 1.73469 0.00191484
7.42857 1.73469 0.00148309
7.61224 1.73469 0.0011419
7.79592 1.73469 0.000873889
7.97959 1.73469 0.000664735
8.16327 1.73469 0.000502502
8.34694 1.73469 0.000377475
8.53061 1.73469 0.000281686
8.71429 1.73469 0.000208735
8.89796 1.73469 0.000153446
9.08163 1.73469 0.000111709
9.26531 1.73469 8.02279e-005
9.44898 1.73469 5.63954e-005
9.63265 1.73469 3.81139e-005
9.81633 1.73469 2.36885e-005
10 1.73469 0
1 1.91837 1
1.18367 1.91837 0.989657
1.36735 1.91837 0.846692
1.55102 1.91837 0.718572
1.73469 1.91837 0.608653
1.91837 1.91837 0.516309
2.10204 1.91837 0.439251
2.28571 1.91837 0.374864
2.46939 1.91837 0.320774
2.65306 1.91837 0.275021
2.83673 1.91837 0.23605
3.02041 1.91837 0.202655
3.20408 1.91837 0.173895
3.38776 1.91837 0.149038
3.57143 1.91837 0.127503
3.7551 1.91837 0.108826
3.93878 1.91837 0.0926251
4.12245 1.91837 0.0785848
4.30612 1.91837 0.0664362
4.4898 1.91837 0.0559505
4.67347 1.91837 0.0469258
4.85714 1.91837 0.0391865
5.04082 1.91837 0.0325745
5.22449 1.91837 0.0269506
5.40816 1.91837 0.0221884
5.59184 1.91837 0.0181761
5.77551 1.91837 0.0148123
5.95918 1.91837 0.0120075
6.14286 1.91837 0.00968133
6.32653 1.91837 0.0077632
6.5102 1.91837 0.00619036
6.69388 1.91837 0.00490844
6.87755 1.91837 0.00386967
7.06122 1.91837 0.00303318
7.2449 1.91837 0.00236356
7.42857 1.91837 0.00183094
7.61224 1.91837 0.00140986
7.79592 1.91837 0.00107911
7.97959 1.91837 0.000820902
8.16327 1.91837 0.000620634
8.34694 1.91837 0.000466241
8.53061 1.91837 0.000347965
8.71429 1.91837 0.000257859
8.89796 1.91837 0.000189578
9.08163 1.91837 0.000138016
9.26531 1.91837 9.91301e-005
9.44898 1.91837 6.96832e-005
9.63265 1.91837 4.70971e-005
9.81633 1.91837 2.92719e-005
10 1.91837 0
1 2.10204 1
1.18367 2.10204 0.993937
1.36735 2.10204 0.871453
1.55102 2.10204 0.75746
1.73469 2.10204 0.655299
1.91837 2.10204 0.565799
2.10204 2.10204 0.488309
2.28571 2.10204 0.421525
2.46939 2.10204 0.363987
2.65306 2.10204 0.31432
2.83673 2.10204 0.271329
3.02041 2.10204 0.234013
3.20408 2.10204 0.201549
3.38776 2.10204 0.173261
3.57143 2.10204 0.148596
3.7551 2.10204 0.12709
3.93878 2.10204 0.108358
4.12245 2.10204 0.0920657
4.30612 2.10204 0.0779301
4.4898 2.10204 0.0656991
4.67347 2.10204 0.0551527
4.85714 2.10204 0.0460924
5.04082 2.10204 0.038342
5.22449 2.10204 0.031741
5.40816 2.10204 0.0261466
5.59184 2.10204 0.0214282
5.77551 2.10204 0.01747
5.95918 2.10204 0.014167
6.14286 2.10204 0.0114264
6.32653 2.10204 0.00916508
6.5102 2.10204 0.00731031
6.69388 2.10204 0.00579774
6.87755 2.10204 0.00457187
7.06122 2.10204 0.0035842
7.2449 2.10204 0.0027935
7.42857 2.10204 0.00216429
7.61224 2.10204 0.00166684
7.79592 2.10204 0.00127594
7.97959 2.10204 0.000970783
8.16327 2.10204 0.000734009
8.34694 2.10204 0.000551487
8.53061 2.10204 0.000411611
8.71429 2.10204 0.000305061
8.89796 2.10204 0.000224291
9.08163 2.10204 0.000163304
9.26531 2.10204 0.000117297
9.44898 2.10204 8.24603e-005
9.63265 2.10204 5.57335e-005
9.81633 2.10204 3.46408e-005
10 2.10204 0
1 2.28571 1
1.18367 2.28571 0.99614
1.36735 2.28571 0.887886
1.55102 2.28571 0.784845
1.73469 2.28571 0.689767
1.91837 2.28571 0.603905
2.10204 2.28571 0.527418
2.28571 2.28571 0.459817
2.46939 2.28571 0.400308
2.65306 2.28571 0.348008
2.83673 2.28571 0.302063
3.02041 2.28571 0.261698
3.20408 2.28571 0.226233
3.38776 2.28571 0.195083
3.57143 2.28571 0.167742
3.7551 2.28571 0.143777
3.93878 2.28571 0.122809
4.12245 2.28571 0.104507
4.30612 2.28571 0.0885787
4.4898 2.28571 0.0747629
4.67347 2.28571 0.0628234
4.85714 2.28571 0.052549
5.04082 2.28571 0.0437455
5.22449 2.28571 0.0362388
5.40816 2.28571 0.0298687
5.59184 2.28571 0.0244918
5.77551 2.28571 0.0199766
5.95918 2.28571 0.0162067
6.14286 2.28571 0.0130761
6.32653 2.28571 0.010492
6.5102 2.28571 0.00837102
6.69388 2.28571 0.00664091
6.87755 2.28571 0.00523792
7.06122 2.28571 0.00410737
7.2449 2.28571 0.00320182
7.42857 2.28571 0.00248117
7.61224 2.28571 0.00191115
7.79592 2.28571 0.00146322
7.97959 2.28571 0.0011134
8.16327 2.28571 0.000841974
8.34694 2.28571 0.000632658
8.53061 2.28571 0.000472261
8.71429 2.28571 0.000350034
8.89796 2.28571 0.000257388
9.08163 2.28571 0.00018741
9.26531 2.28571 0.000134625
9.44898 2.28571 9.4645e-005
9.63265 2.28571 6.39735e-005
9.81633 2.28571 3.97628e-005
10 2.28571 0
1 2.46939 1
1.18367 2.46939 0.997374
1.36735 2.46939 0.899298
1.55102 2.46939 0.804643
1.73469 2.46939 0.715572
1.91837 2.46939 0.633357
2.10204 2.46939 0.558516
2.28571 2.46939 0.491027
2.46939 2.46939 0.430547
2.65306 2.46939 0.376565
2.83673 2.46939 0.328518
3.02041 2.46939 0.285837
3.20408 2.46939 0.247993
3.38776 2.46939 0.214496
3.57143 2.46939 0.184911
3.7551 2.46939 0.158839
3.93878 2.46939 0.135929
4.12245 2.46939 0.115858
4.30612 2.46939 0.0983364
4.4898 2.46939 0.0830978
4.67347 2.46939 0.0699012
4.85714 2.46939 0.0585222
5.04082 2.46939 0.0487579
5.22449 2.46939 0.0404194
5.40816 2.46939 0.0333359
5.59184 2.46939 0.0273497
5.77551 2.46939 0.0223192
5.95918 2.46939 0.0181149
6.14286 2.46939 0.0146219
6.32653 2.46939 0.0117363
6.5102 2.46939 0.00936703
6.69388 2.46939 0.00743311
6.87755 2.46939 0.00586445
7.06122 2.46939 0.00459968
7.2449 2.46939 0.00358647
7.42857 2.46939 0.00277973
7.61224 2.46939 0.00214157
7.79592 2.46939 0.00163987
7.97959 2.46939 0.00124804
8.16327 2.46939 0.000943898
8.34694 2.46939 0.000709358
8.53061 2.46939 0.000529561
8.71429 2.46939 0.000392559
8.89796 2.46939 0.000288676
9.08163 2.46939 0.000210218
9.26531 2.46939 0.000151015
9.44898 2.46939 0.000106178
9.63265 2.46939 7.17708e-005
9.81633 2.46939 4.46109e-005
10 2.46939 0
1 2.65306 1
1.18367 2.65306 0.998114
1.36735 2.65306 0.907505
1.55102 2.65306 0.819282
1.73469 2.65306 0.735142
1.91837 2.65306 0.656247
2.10204 2.65306 0.583243
2.28571 2.65306 0.516365
2.46939 2.65306 0.455552
2.65306 2.65306 0.400567
2.83673 2.65306 0.351066
3.02041 2.65306 0.306665
3.20408 2.65306 0.266964
3.38776 2.65306 0.231578
3.57143 2.65306 0.200134
3.7551 2.65306 0.172287
3.93878 2.65306 0.147711
4.12245 2.65306 0.126104
4.30612 2.65306 0.107182
4.4898 2.65306 0.0906844
4.67347 2.65306 0.0763641
4.85714 2.65306 0.0639943
5.04082 2.65306 0.0533609
5.22449 2.65306 0.0442684
5.40816 2.65306 0.0365339
5.59184 2.65306 0.0299914
5.77551 2.65306 0.0244875
5.95918 2.65306 0.0198845
6.14286 2.65306 0.0160568
6.32653 2.65306 0.0128932
6.5102 2.65306 0.0102937
6.69388 2.65306 0.0081712
6.87755 2.65306 0.00644847
7.06122 2.65306 0.00505917
7.2449 2.65306 0.00394559
7.42857 2.65306 0.0030588
7.61224 2.65306 0.00235698
7.79592 2.65306 0.00180519
7.97959 2.65306 0.00137404
8.16327 2.65306 0.00103938
8.34694 2.65306 0.000781201
8.53061 2.65306 0.000583287
8.71429 2.65306 0.000432421
8.89796 2.65306 0.000318033
9.08163 2.65306 0.000231611
9.26531 2.65306 0.000166403
9.44898 2.65306 0.000117002
9.63265 2.65306 7.9093e-005
9.81633 2.65306 4.91632e-005
10 2.65306 0
1 2.83673 1
1.18367 2.83673 0.998582
1.36735 2.83673 0.913566
1.55102 2.83673 0.830305
1.73469 2.83673 0.750156
1.91837 2.83673 0.67414
2.10204 2.83673 0.602932
2.28571 2.83673 0.536889
2.46939 2.83673 0.476133
2.65306 2.83673 0.420605
2.83673 2.83673 0.370134
3.02041 2.83673 0.324475
3.20408 2.83673 0.28335
3.38776 2.83673 0.246458
3.57143 2.83673 0.213499
3.7551 2.83673 0.18417
3.93878 2.83673 0.158184
4.12245 2.83673 0.135257
4.30612 2.83673 0.115121
4.4898 2.83673 0.0975195
4.67347 2.83673 0.0822089
4.85714 2.83673 0.0689571
5.04082 2.83673 0.0575482
5.22449 2.83673 0.0477776
5.40816 2.83673 0.0394569
5.59184 2.83673 0.03241
5.77551 2.83673 0.0264769
5.95918 2.83673 0.0215101
6.14286 2.83673 0.0173773
6.32653 2.83673 0.0139588
6.5102 2.83673 0.0111487
6.69388 2.83673 0.0088526
6.87755 2.83673 0.00698843
7.06122 2.83673 0.00548416
7.2449 2.83673 0.00427818
7.42857 2.83673 0.00331731
7.61224 2.83673 0.00255676
7.79592 2.83673 0.00195852
7.97959 2.83673 0.00149105
8.16327 2.83673 0.00112804
8.34694 2.83673 0.000847983
8.53061 2.83673 0.000633216
8.71429 2.83673 0.000469508
8.89796 2.83673 0.000345337
9.08163 2.83673 0.000251528
9.26531 2.83673 0.000180723
9.44898 2.83673 0.000127083
9.63265 2.83673 8.59112e-005
9.81633 2.83673 5.34033e-005
10 2.83673 0
1 3.02041 1
1.18367 3.02041 0.998891
1.36735 3.02041 0.918131
1.55102 3.02041 0.838726
1.73469 3.02041 0.761785
1.91837 3.02041 0.688205
2.10204 3.02041 0.618634
2.28571 3.02041 0.553496
2.46939 3.02041 0.49301
2.65306 3.02041 0.437244
2.83673 3.02041 0.386146
3.02041 3.02041 0.339588
3.20408 3.02041 0.297381
3.38776 3.02041 0.259307
3.57143 3.02041 0.225121
3.7551 3.02041 0.194573
3.93878 3.02041 0.167403
4.12245 3.02041 0.143357
4.30612 3.02041 0.122178
4.4898 3.02041 0.10362
4.67347 3.02041 0.0874429
4.85714 3.02041 0.0734168
5.04082 3.02041 0.0613206
5.22449 3.02041 0.0509481
5.40816 3.02041 0.042103
5.59184 3.02041 0.0346048
5.77551 3.02041 0.0282849
5.95918 3.02041 0.0229904
6.14286 3.02041 0.0185812
6.32653 3.02041 0.0149321
6.5102 3.02041 0.0119302
6.69388 3.02041 0.00947647
6.87755 3.02041 0.00748303
7.06122 3.02041 0.00587404
7.2449 3.02041 0.00458338
7.42857 3.02041 0.00355486
7.61224 3.02041 0.00274037
7.79592 3.02041 0.00209962
7.97959 3.02041 0.00159872
8.16327 3.02041 0.00120972
8.34694 3.02041 0.0009095
8.53061 3.02041 0.000679265
8.71429 3.02041 0.0005037
8.89796 3.02041 0.00037054
9.08163 3.02041 0.000269904
9.26531 3.02041 0.00019395
9.44898 3.02041 0.000136391
9.63265 3.02041 9.22108e-005
9.81633 3.02041 5.73205e-005
10 3.02041 0
1 3.20408 1
1.18367 3.20408 0.999102
1.36735 3.20408 0.92162
1.55102 3.20408 0.84523
1.73469 3.20408 0.770863
1.91837 3.20408 0.699307
2.10204 3.20408 0.63118
2.28571 3.20408 0.566919
2.46939 3.20408 0.50681
2.65306 3.20408 0.450996
2.83673 3.20408 0.399517
3.02041 3.20408 0.352323
3.20408 3.20408 0.309307
3.38776 3.20408 0.270309
3.57143 3.20408 0.235143
3.7551 3.20408 0.203597
3.93878 3.20408 0.175447
4.12245 3.20408 0.150457
4.30612 3.20408 0.128392
4.4898 3.20408 0.109013
4.67347 3.20408 0.0920876
4.85714 3.20408 0.0773857
5.04082 3.20408 0.0646888
5.22449 3.20408 0.0537852
5.40816 3.20408 0.0444772
5.59184 3.20408 0.0365774
5.77551 3.20408 0.0299136
5.95918 3.20408 0.0243258
6.14286 3.20408 0.0196694
6.32653 3.20408 0.0158127
6.5102 3.20408 0.0126386
6.69388 3.20408 0.0100423
6.87755 3.20408 0.00793237
7.06122 3.20408 0.00622836
7.2449 3.20408 0.00486118
7.42857 3.20408 0.00377112
7.61224 3.20408 0.00290776
7.79592 3.20408 0.00222826
7.97959 3.20408 0.00169701
8.16327 3.20408 0.00128428
8.34694 3.20408 0.000965726
8.53061 3.20408 0.000721339
8.71429 3.20408 0.000534983
8.89796 3.20408 0.000393587
9.08163 3.20408 0.00028673
9.26531 3.20408 0.000206054
9.44898 3.20408 0.000144918
9.63265 3.20408 9.79794e-005
9.81633 3.20408 6.09089e-005
10 3.20408 0
1 3.38776 1
1.18367 3.38776 0.999249
1.36735 3.38776 0.924316
1.55102 3.38776 0.850295
1.73469 3.38776 0.77799
1.91837 3.38776 0.708103
2.10204 3.38776 0.641212
2.28571 3.38776 0.577762
2.46939 3.38776 0.518064
2.65306 3.38776 0.462318
2.83673 3.38776 0.410621
3.02041 3.38776 0.362989
3.20408 3.38776 0.319368
3.38776 3.38776 0.279658
3.57143 3.38776 0.243713
3.7551 3.38776 0.21136
3.93878 3.38776 0.182401
4.12245 3.38776 0.156627
4.30612 3.38776 0.133814
4.4898 3.38776 0.113738
4.67347 3.38776 0.0961699
4.85714 3.38776 0.0808865
5.04082 3.38776 0.067667
5.22449 3.38776 0.0563014
5.40816 3.38776 0.046587
5.59184 3.38776 0.0383348
5.77551 3.38776 0.0313668
5.95918 3.38776 0.0255199
6.14286 3.38776 0.0206435
6.32653 3.38776 0.0166025
6.5102 3.38776 0.0132744
6.69388 3.38776 0.0105511
6.87755 3.38776 0.00833664
7.06122 3.38776 0.0065477
7.2449 3.38776 0.0051116
7.42857 3.38776 0.00396638
7.61224 3.38776 0.0030589
7.79592 3.38776 0.00234458
7.97959 3.38776 0.00178588
8.16327 3.38776 0.00135179
8.34694 3.38776 0.00101662
8.53061 3.38776 0.000759477
8.71429 3.38776 0.000563326
8.89796 3.38776 0.000414498
9.08163 3.38776 0.000301987
9.26531 3.38776 0.000217044
9.44898 3.38776 0.000152655
9.63265 3.38776 0.000103219
9.81633 3.38776 6.41674e-005
10 3.38776 0
1 3.57143 1
1.18367 3.57143 0.999355
1.36735 3.57143 0.926416
1.55102 3.57143 0.854263
1.73469 3.57143 0.783608
1.91837 3.57143 0.715086
2.10204 3.57143 0.64924
2.28571 3.57143 0.586506
2.46939 3.57143 0.527216
2.65306 3.57143 0.471599
2.83673 3.57143 0.419795
3.02041 3.57143 0.371864
3.20408 3.57143 0.327802
3.38776 3.57143 0.287543
3.57143 3.57143 0.250985
3.7551 3.57143 0.217982
3.93878 3.57143 0.188365
4.12245 3.57143 0.16194
4.30612 3.57143 0.138504
4.4898 3.57143 0.117839
4.67347 3.57143 0.0997262
4.85714 3.57143 0.0839443
5.04082 3.57143 0.0702769
5.22449 3.57143 0.058511
5.40816 3.57143 0.0484448
5.59184 3.57143 0.039885
5.77551 3.57143 0.0326517
5.95918 3.57143 0.026577
6.14286 3.57143 0.0215078
6.32653 3.57143 0.0173039
6.5102 3.57143 0.0138401
6.69388 3.57143 0.0110041
6.87755 3.57143 0.0086972
7.06122 3.57143 0.00683258
7.2449 3.57143 0.00533539
7.42857 3.57143 0.00414088
7.61224 3.57143 0.00319419
7.79592 3.57143 0.0024487
7.97959 3.57143 0.00186555
8.16327 3.57143 0.00141229
8.34694 3.57143 0.0010623
8.53061 3.57143 0.000793694
8.71429 3.57143 0.000588793
8.89796 3.57143 0.000433275
9.08163 3.57143 0.000315708
9.26531 3.57143 0.00022692
9.44898 3.57143 0.000159617
9.63265 3.57143 0.00010793
9.81633 3.57143 6.7099e-005
10 3.57143 0
1 3.7551 1
1.18367 3.7551 0.999432
1.36735 3.7551 0.928058
1.55102 3.7551 0.857382
1.73469 3.7551 0.788045
1.91837 3.7551 0.720634
2.10204 3.7551 0.655658
2.28571 3.7551 0.593547
2.46939 3.7551 0.534635
2.65306 3.7551 0.479175
2.83673 3.7551 0.427334
3.02041 3.7551 0.379207
3.20408 3.7551 0.334819
3.38776 3.7551 0.294145
3.57143 3.7551 0.257105
3.7551 3.7551 0.223584
3.93878 3.7551 0.193431
4.12245 3.7551 0.166475
4.30612 3.7551 0.142521
4.4898 3.7551 0.121365
4.67347 3.7551 0.102793
4.85714 3.7551 0.0865907
5.04082 3.7551 0.0725406
5.22449 3.7551 0.0604333
5.40816 3.7551 0.050064
5.59184 3.7551 0.0412394
5.77551 3.7551 0.033776
5.95918 3.7551 0.0275041
6.14286 3.7551 0.0222665
6.32653 3.7551 0.0179209
6.5102 3.7551 0.0143381
6.69388 3.7551 0.0114036
6.87755 3.7551 0.00901531
7.06122 3.7551 0.00708439
7.2449 3.7551 0.00553323
7.42857 3.7551 0.00429542
7.61224 3.7551 0.00331399
7.79592 3.7551 0.00254105
7.97959 3.7551 0.0019362
8.16327 3.7551 0.00146603
8.34694 3.7551 0.00110285
8.53061 3.7551 0.000824118
8.71429 3.7551 0.000611423
8.89796 3.7551 0.000449988
9.08163 3.7551 0.00032791
9.26531 3.7551 0.000235716
9.44898 3.7551 0.000165813
9.63265 3.7551 0.000112128
9.81633 3.7551 6.97104e-005
10 3.7551 0
1 3.93878 1
1.18367 3.93878 0.999489
1.36735 3.93878 0.929346
1.55102 3.93878 0.859836
1.73469 3.93878 0.791552
1.91837 3.93878 0.725038
2.10204 3.93878 0.660781
2.28571 3.93878 0.599197
2.46939 3.93878 0.540625
2.65306 3.93878 0.485327
2.83673 3.93878 0.433493
3.02041 3.93878 0.385238
3.20408 3.93878 0.340618
3.38776 3.93878 0.299626
3.57143 3.93878 0.262213
3.7551 3.93878 0.228279
3.93878 3.93878 0.197698
4.12245 3.93878 0.170307
4.30612 3.93878 0.145929
4.4898 3.93878 0.124366
4.67347 3.93878 0.105413
4.85714 3.93878 0.0888561
5.04082 3.93878 0.0744845
5.22449 3.93878 0.062087
5.40816 3.93878 0.0514608
5.59184 3.93878 0.0424096
5.77551 3.93878 0.0347496
5.95918 3.93878 0.0283078
6.14286 3.93878 0.0229257
6.32653 3.93878 0.0184573
6.5102 3.93878 0.014772
6.69388 3.93878 0.0117518
6.87755 3.93878 0.00929314
7.06122 3.93878 0.00730434
7.2449 3.93878 0.00570635
7.42857 3.93878 0.00443063
7.61224 3.93878 0.00341901
7.79592 3.93878 0.00262197
7.97959 3.93878 0.00199821
8.16327 3.93878 0.00151318
8.34694 3.93878 0.0011385
8.53061 3.93878 0.000850842
8.71429 3.93878 0.000631334
8.89796 3.93878 0.00046468
9.08163 3.93878 0.000338656
9.26531 3.93878 0.000243456
9.44898 3.93878 0.000171273
9.63265 3.93878 0.000115824
9.81633 3.93878 7.20108e-005
10 3.93878 0
1 4.12245 1
1.18367 4.12245 0.999531
1.36735 4.12245 0.930355
1.55102 4.12245 0.861766
1.73469 4.12245 0.794317
1.91837 4.12245 0.728525
2.10204 4.12245 0.664854
2.28571 4.12245 0.603711
2.46939 4.12245 0.545433
2.65306 4.12245 0.490292
2.83673 4.12245 0.438488
3.02041 4.12245 0.390155
3.20408 4.12245 0.345366
3.38776 4.12245 0.304138
3.57143 4.12245 0.266433
3.7551 4.12245 0.232177
3.93878 4.12245 0.201252
4.12245 4.12245 0.173513
4.30612 4.12245 0.148789
4.4898 4.12245 0.126893
4.67347 4.12245 0.107623
4.85714 4.12245 0.0907739
5.04082 4.12245 0.0761333
5.22449 4.12245 0.0634938
5.40816 4.12245 0.0526506
5.59184 4.12245 0.0434089
5.77551 4.12245 0.035582
5.95918 4.12245 0.0289966
6.14286 4.12245 0.023491
6.32653 4.12245 0.0189184
6.5102 4.12245 0.0151451
6.69388 4.12245 0.0120519
6.87755 4.12245 0.00953253
7.06122 4.12245 0.00749423
7.2449 4.12245 0.0058558
7.42857 4.12245 0.00454758
7.61224 4.12245 0.0035098
7.79592 4.12245 0.00269207
7.97959 4.12245 0.0020519
8.16327 4.12245 0.00155407
8.34694 4.12245 0.00116939
8.53061 4.12245 0.000874045
8.71429 4.12245 0.000648607
8.89796 4.12245 0.000477449
9.08163 4.12245 0.000347985
9.26531 4.12245 0.000250186
9.44898 4.12245 0.000176016
9.63265 4.12245 0.00011904
9.81633 4.12245 7.40114e-005
10 4.12245 0
1 4.30612 1
1.18367 4.30612 0.999563
1.36735 4.30612 0.931143
1.55102 4.30612 0.863277
1.73469 4.30612 0.796489
1.91837 4.30612 0.73127
2.10204 4.30612 0.668073
2.28571 4.30612 0.607292
2.46939 4.30612 0.549264
2.65306 4.30612 0.494264
2.83673 4.30612 0.442502
3.02041 4.30612 0.394123
3.20408 4.30612 0.349215
3.38776 4.30612 0.307808
3.57143 4.30612 0.269882
3.7551 4.30612 0.235373
3.93878 4.30612 0.204177
4.12245 4.30612 0.176158
4.30612 4.30612 0.151157
4.4898 4.30612 0.12899
4.67347 4.30612 0.109464
4.85714 4.30612 0.0923743
5.04082 4.30612 0.0775131
5.22449 4.30612 0.0646727
5.40816 4.30612 0.0536505
5.59184 4.30612 0.0442495
5.77551 4.30612 0.0362839
5.95918 4.30612 0.0295777
6.14286 4.30612 0.023969
6.32653 4.30612 0.0193085
6.5102 4.30612 0.0154614
6.69388 4.30612 0.0123063
6.87755 4.30612 0.00973592
7.06122 4.30612 0.00765555
7.2449 4.30612 0.005983
7.42857 4.30612 0.00464709
7.61224 4.30612 0.00358721
7.79592 4.30612 0.0027518
7.97959 4.30612 0.00209773
8.16327 4.30612 0.00158895
8.34694 4.30612 0.00119579
8.53061 4.30612 0.000893859
8.71429 4.30612 0.000663385
8.89796 4.30612 0.000488362
9.08163 4.30612 0.000355973
9.26531 4.30612 0.000255943
9.44898 4.30612 0.00018008
9.63265 4.30612 0.000121792
9.81633 4.30612 7.57246e-005
10 4.30612 0
1 4.4898 1
1.18367 4.4898 0.999587
1.36735 4.4898 0.931754
1.55102 4.4898 0.86445
1.73469 4.4898 0.798177
1.91837 4.4898 0.733412
2.10204 4.4898 0.67059
2.28571 4.4898 0.610102
2.46939 4.4898 0.552281
2.65306 4.4898 0.497404
2.83673 4.4898 0.445686
3.02041 4.4898 0.397283
3.20408 4.4898 0.35229
3.38776 4.4898 0.310752
3.57143 4.4898 0.272657
3.7551 4.4898 0.237953
3.93878 4.4898 0.206545
4.12245 4.4898 0.178308
4.30612 4.4898 0.153085
4.4898 4.4898 0.130704
4.67347 4.4898 0.110971
4.85714 4.4898 0.0936874
5.04082 4.4898 0.0786468
5.22449 4.4898 0.0656438
5.40816 4.4898 0.0544749
5.59184 4.4898 0.0449444
5.77551 4.4898 0.0368645
5.95918 4.4898 0.0300595
6.14286 4.4898 0.0243655
6.32653 4.4898 0.0196326
6.5102 4.4898 0.0157242
6.69388 4.4898 0.0125181
6.87755 4.4898 0.0099053
7.06122 4.4898 0.00779016
7.2449 4.4898 0.00608911
7.42857 4.4898 0.00473025
7.61224 4.4898 0.00365186
7.79592 4.4898 0.00280178
7.97959 4.4898 0.00213606
8.16327 4.4898 0.00161818
8.34694 4.4898 0.00121789
8.53061 4.4898 0.000910475
8.71429 4.4898 0.000675765
8.89796 4.4898 0.000497521
9.08163 4.4898 0.00036267
9.26531 4.4898 0.000260777
9.44898 4.4898 0.000183488
9.63265 4.4898 0.000124104
9.81633 4.4898 7.71631e-005
10 4.4898 0
1 4.67347 1
1.18367 4.67347 0.999604
1.36735 4.67347 0.93222
1.55102 4.67347 0.865346
1.73469 4.67347 0.799471
1.91837 4.67347 0.735055
2.10204 4.67347 0.672527
2.28571 4.67347 0.612269
2.46939 4.67347 0.554614
2.65306 4.67347 0.499839
2.83673 4.67347 0.448164
3.02041 4.67347 0.399749
3.20408 4.67347 0.354699
3.38776 4.67347 0.313063
3.57143 4.67347 0.274843
3.7551 4.67347 0.239991
3.93878 4.67347 0.208421
4.12245 4.67347 0.180014
4.30612 4.67347 0.15462
4.4898 4.67347 0.132069
4.67347 4.67347 0.112175
4.85714 4.67347 0.0947385
5.04082 4.67347 0.0795567
5.22449 4.67347 0.066424
5.40816 4.67347 0.0551388
5.59184 4.67347 0.0455042
5.77551 4.67347 0.0373332
5.95918 4.67347 0.0304487
6.14286 4.67347 0.0246864
6.32653 4.67347 0.0198951
6.5102 4.67347 0.0159375
6.69388 4.67347 0.01269
6.87755 4.67347 0.0100429
7.06122 4.67347 0.00789949
7.2449 4.67347 0.00617546
7.42857 4.67347 0.00479789
7.61224 4.67347 0.00370454
7.79592 4.67347 0.00284248
7.97959 4.67347 0.00216732
8.16327 4.67347 0.001642
8.34694 4.67347 0.00123594
8.53061 4.67347 0.000924029
8.71429 4.67347 0.000685883
8.89796 4.67347 0.000504998
9.08163 4.67347 0.000368146
9.26531 4.67347 0.000264726
9.44898 4.67347 0.000186277
9.63265 4.67347 0.000125993
9.81633 4.67347 7.83396e-005
10 4.67347 0
1 4.85714 1
1.18367 4.85714 0.999617
1.36735 4.85714 0.932567
1.55102 4.85714 0.866014
1.73469 4.85714 0.800434
1.91837 4.85714 0.736281
2.10204 4.85714 0.673975
2.28571 4.85714 0.613893
2.46939 4.85714 0.556366
2.65306 4.85714 0.501673
2.83673 4.85714 0.450034
3.02041 4.85714 0.401615
3.20408 4.85714 0.356525
3.38776 4.85714 0.314822
3.57143 4.85714 0.276509
3.7551 4.85714 0.241548
3.93878 4.85714 0.209857
4.12245 4.85714 0.181323
4.30612 4.85714 0.1558
4.4898 4.85714 0.133122
4.67347 4.85714 0.113104
4.85714 4.85714 0.0955513
5.04082 4.85714 0.0802608
5.22449 4.85714 0.067029
5.40816 4.85714 0.0556539
5.59184 4.85714 0.0459395
5.77551 4.85714 0.0376978
5.95918 4.85714 0.030752
6.14286 4.85714 0.0249365
6.32653 4.85714 0.0201
6.5102 4.85714 0.0161039
6.69388 4.85714 0.0128244
6.87755 4.85714 0.0101505
7.06122 4.85714 0.00798513
7.2449 4.85714 0.00624305
7.42857 4.85714 0.00485093
7.61224 4.85714 0.00374582
7.79592 4.85714 0.00287443
7.97959 4.85714 0.00219184
8.16327 4.85714 0.00166072
8.34694 4.85714 0.0012501
8.53061 4.85714 0.000934687
8.71429 4.85714 0.000693829
8.89796 4.85714 0.00051088
9.08163 4.85714 0.000372449
9.26531 4.85714 0.000267835
9.44898 4.85714 0.00018847
9.63265 4.85714 0.00012748
9.81633 4.85714 7.92653e-005
10 4.85714 0
1 5.04082 1
1.18367 5.04082 0.999626
1.36735 5.04082 0.932812
1.55102 5.04082 0.866486
1.73469 5.04082 0.801117
1.91837 5.04082 0.737151
2.10204 5.04082 0.675004
2.28571 5.04082 0.615049
2.46939 5.04082 0.557616
2.65306 5.04082 0.502983
2.83673 5.04082 0.451372
3.02041 5.04082 0.402953
3.20408 5.04082 0.357838
3.38776 5.04082 0.316087
3.57143 5.04082 0.277711
3.7551 5.04082 0.242673
3.93878 5.04082 0.210897
4.12245 5.04082 0.182272
4.30612 5.04082 0.156657
4.4898 5.04082 0.133887
4.67347 5.04082 0.113781
4.85714 5.04082 0.0961439
5.04082 5.04082 0.0807751
5.22449 5.04082 0.0674712
5.40816 5.04082 0.056031
5.59184 5.04082 0.0462583
5.77551 5.04082 0.0379653
5.95918 5.04082 0.0309744
6.14286 5.04082 0.0251203
6.32653 5.04082 0.0202505
6.5102 5.04082 0.0162264
6.69388 5.04082 0.0129232
6.87755 5.04082 0.0102298
7.06122 5.04082 0.00804817
7.2449 5.04082 0.0062929
7.42857 5.04082 0.00489002
7.61224 5.04082 0.0037763
7.79592 5.04082 0.00289799
7.97959 5.04082 0.00220996
8.16327 5.04082 0.00167453
8.34694 5.04082 0.00126058
8.53061 5.04082 0.000942557
8.71429 5.04082 0.000699707
8.89796 5.04082 0.000515226
9.08163 5.04082 0.000375634
9.26531 5.04082 0.000270132
9.44898 5.04082 0.000190093
9.63265 5.04082 0.00012858
9.81633 5.04082 7.99503e-005
10 5.04082 0
1 5.22449 1
1.18367 5.22449 0.999632
1.36735 5.22449 0.932968
1.55102 5.22449 0.866788
1.73469 5.22449 0.801554
1.91837 5.22449 0.737709
2.10204 5.22449 0.675663
2.28571 5.22449 0.615791
2.46939 5.22449 0.558419
2.65306 5.22449 0.503825
2.83673 5.22449 0.452235
3.02041 5.22449 0.403817
3.20408 5.22449 0.358686
3.38776 5.22449 0.316906
3.57143 5.22449 0.278489
3.7551 5.22449 0.243403
3.93878 5.22449 0.211572
4.12245 5.22449 0.18289
4.30612 5.22449 0.157215
4.4898 5.22449 0.134386
4.67347 5.22449 0.114223
4.85714 5.22449 0.096531
5.04082 5.22449 0.0811111
5.22449 5.22449 0.0677605
5.40816 5.22449 0.0562778
5.59184 5.22449 0.0464672
5.77551 5.22449 0.0381406
5.95918 5.22449 0.0311204
6.14286 5.22449 0.0252409
6.32653 5.22449 0.0203494
6.5102 5.22449 0.0163069
6.69388 5.22449 0.0129882
6.87755 5.22449 0.0102819
7.06122 5.22449 0.00808968
7.2449 5.22449 0.00632569
7.42857 5.22449 0.00491577
7.61224 5.22449 0.00379636
7.79592 5.22449 0.00291352
7.97959 5.22449 0.00222189
8.16327 5.22449 0.00168364
8.34694 5.22449 0.00126747
8.53061 5.22449 0.00094775
8.71429 5.22449 0.00070358
8.89796 5.22449 0.000518096
9.08163 5.22449 0.000377734
9.26531 5.22449 0.000271649
9.44898 5.22449 0.000191163
9.63265 5.22449 0.000129307
9.81633 5.22449 8.04025e-005
10 5.22449 0
1 5.40816 1
1.18367 5.40816 0.999634
1.36735 5.40816 0.933045
1.55102 5.40816 0.866935
1.73469 5.40816 0.801767
1.91837 5.40816 0.737981
2.10204 5.40816 0.675985
2.28571 5.40816 0.616153
2.46939 5.40816 0.558811
2.65306 5.40816 0.504238
2.83673 5.40816 0.452657
3.02041 5.40816 0.40424
3.20408 5.40816 0.359102
3.38776 5.40816 0.317308
3.57143 5.40816 0.278872
3.7551 5.40816 0.243761
3.93878 5.40816 0.211905
4.12245 5.40816 0.183193
4.30612 5.40816 0.15749
4.4898 5.40816 0.134632
4.67347 5.40816 0.11444
4.85714 5.40816 0.096722
5.04082 5.40816 0.0812772
5.22449 5.40816 0.0679034
5.40816 5.40816 0.0563999
5.59184 5.40816 0.0465705
5.77551 5.40816 0.0382273
5.95918 5.40816 0.0311926
6.14286 5.40816 0.0253006
6.32653 5.40816 0.0203984
6.5102 5.40816 0.0163467
6.69388 5.40816 0.0130204
6.87755 5.40816 0.0103078
7.06122 5.40816 0.00811025
7.2449 5.40816 0.00634196
7.42857 5.40816 0.00492854
7.61224 5.40816 0.00380632
7.79592 5.40816 0.00292123
7.97959 5.40816 0.00222782
8.16327 5.40816 0.00168816
8.34694 5.40816 0.0012709
8.53061 5.40816 0.000950328
8.71429 5.40816 0.000705506
8.89796 5.40816 0.00051952
9.08163 5.40816 0.000378778
9.26531 5.40816 0.000272402
9.44898 5.40816 0.000191696
9.63265 5.40816 0.000129667
9.81633 5.40816 8.06271e-005
10 5.40816 0
1 5.59184 1
1.18367 5.59184 0.999634
1.36735 5.59184 0.933045
1.55102 5.59184 0.866935
1.73469 5.59184 0.801767
1.91837 5.59184 0.737981
2.10204 5.59184 0.675985
2.28571 5.59184 0.616153
2.46939 5.59184 0.558811
2.65306 5.59184 0.504238
2.83673 5.59184 0.452657
3.02041 5.59184 0.40424
3.20408 5.59184 0.359102
3.38776 5.59184 0.317308
3.57143 5.59184 0.278872
3.7551 5.59184 0.243761
3.93878 5.59184 0.211905
4.12245 5.59184 0.183193
4.30612 5.59184 0.15749
4.4898 5.59184 0.134632
4.67347 5.59184 0.11444
4.85714 5.59184 0.096722
5.04082 5.59184 0.0812772
5.22449 5.59184 0.0679034
5.40816 5.59184 0.0563999
5.59184 5.59184 0.0465705
5.77551 5.59184 0.0382273
5.95918 5.59184 0.0311926
6.14286 5.59184 0.0253006
6.32653 5.59184 0.0203984
6.5102 5.59184 0.0163467
6.69388 5.59184 0.0130204
6.87755 5.59184 0.0103078
7.06122 5.59184 0.00811025
7.2449 5.59184 0.00634196
7.42857 5.59184 0.00492854
7.61224 5.59184 0.00380632
7.79592 5.59184 0.00292123
7.97959 5.59184 0.00222782
8.16327 5.59184 0.00168816
8.34694 5.59184 0.0012709
8.53061 5.59184 0.000950328
8.71429 5.59184 0.000705506
8.89796 5.59184 0.00051952
9.08163 5.59184 0.000378778
9.26531 5.59184 0.000272402
9.44898 5.59184 0.000191696
9.63265 5.59184 0.000129667
9.81633 5.59184 8.06271e-005
10 5.59184 0
1 5.77551 1
1.18367 5.77551 0.999632
1.36735 5.77551 0.932968
1.55102 5.77551 0.866788
1.73469 5.77551 0.801554
1.91837 5.77551 0.737709
2.10204 5.77551 0.675663
2.28571 5.77551 0.615791
2.46939 5.77551 0.558419
2.65306 5.77551 0.503825
2.83673 5.77551 0.452235
3.02041 5.77551 0.403817
3.20408 5.77551 0.358686
3.38776 5.77551 0.316906
3.57143 5.77551 0.278489
3.7551 5.77551 0.243403
3.93878 5.77551 0.211572
4.12245 5.77551 0.18289
4.30612 5.77551 0.157215
4.4898 5.77551 0.134386
4.67347 5.77551 0.114223
4.85714 5.77551 0.096531
5.04082 5.77551 0.0811111
5.22449 5.77551 0.0677605
5.40816 5.77551 0.0562778
5.59184 5.77551 0.0464672
5.77551 5.77551 0.0381406
5.95918 5.77551 0.0311204
6.14286 5.77551 0.0252409
6.32653 5.77551 0.0203494
6.5102 5.77551 0.0163069
6.69388 5.77551 0.0129882
6.87755 5.77551 0.0102819
7.06122 5.77551 0.00808968
7.2449 5.77551 0.00632569
7.42857 5.77551 0.00491577
7.61224 5.77551 0.00379636
7.79592 5.77551 0.00291352
7.97959 5.77551 0.00222189
8.16327 5.77551 0.00168364
8.34694 5.77551 0.00126747
8.53061 5.77551 0.00094775
8.71429 5.77551 0.00070358
8.89796 5.77551 0.000518096
9.08163 5.77551 0.000377734
9.26531 5.77551 0.000271649
9.44898 5.77551 0.000191163
9.63265 5.77551 0.000129307
9.81633 5.77551 8.04025e-005
10 5.77551 0
1 5.95918 1
1.18367 5.95918 0.999626
1.36735 5.95918 0.932812
1.55102 5.95918 0.866486
1.73469 5.95918 0.801117
1.91837 5.95918 0.737151
2.10204 5.95918 0.675004
2.28571 5.95918 0.615049
2.46939 5.95918 0.557616
2.65306 5.95918 0.502983
2.83673 5.95918 0.451372
3.02041 5.95918 0.402953
3.20408 5.95918 0.357838
3.38776 5.95918 0.316087
3.57143 5.95918 0.277711
3.7551 5.95918 0.242673
3.93878 5.95918 0.210897
4.12245 5.95918 0.182272
4.30612 5.95918 0.156657
4.4898 5.95918 0.133887
4.67347 5.95918 0.113781
4.85714 5.95918 0.0961439
5.04082 5.95918 0.0807751
5.22449 5.95918 0.0674712
5.40816 5.95918 0.056031
5.59184 5.95918 0.0462583
5.77551 5.95918 0.0379653
5.95918 5.95918 0.0309744
6.14286 5.95918 0.0251203
6.32653 5.95918 0.0202505
6.5102 5.95918 0.0162264
6.69388 5.95918 0.0129232
6.87755 5.95918 0.0102298
7.06122 5.95918 0.00804817
7.2449 5.95918 0.0062929
7.42857 5.95918 0.00489002
7.61224 5.95918 0.0037763
7.79592 5.95918 0.00289799
7.97959 5.95918 0.00220996
8.16327 5.95918 0.00167453
8.34694 5.95918 0.00126058
8.53061 5.95918 0.000942557
8.71429 5.95918 0.000699707
8.89796 5.95918 0.000515226
9.08163 5.95918 0.000375634
9.26531 5.95918 0.000270132
9.44898 5.95918 0.000190093
9.63265 5.95918 0.00012858
9.81633 5.95918 7.99503e-005
10 5.95918 0
1 6.14286 1
1.18367 6.14286 0.999617
1.36735 6.14286 0.932567
1.55102 6.14286 0.866014
1.73469 6.14286 0.800434
1.91837 6.14286 0.736281
2.10204 6.14286 0.673975
2.28571 6.14286 0.613893
2.46939 6.14286 0.556366
2.65306 6.14286 0.501673
2.83673 6.14286 0.450034
3.02041 6.14286 0.401615
3.20408 6.14286 0.356525
3.38776 6.14286 0.314822
3.57143 6.14286 0.276509
3.7551 6.14286 0.241548
3.93878 6.14286 0.209857
4.12245 6.14286 0.181323
4.30612 6.14286 0.1558
4.4898 6.14286 0.133122
4.67347 6.14286 0.113104
4.85714 6.14286 0.0955513
5.04082 6.14286 0.0802608
5.22449 6.14286 0.067029
5.40816 6.14286 0.0556539
5.59184 6.14286 0.0459395
5.77551 6.14286 0.0376978
5.95918 6.14286 0.030752
6.14286 6.14286 0.0249365
6.32653 6.14286 0.0201
6.5102 6.14286 0.0161039
6.69388 6.14286 0.0128244
6.87755 6.14286 0.0101505
7.06122 6.14286 0.00798513
7.2449 6.14286 0.00624305
7.42857 6.14286 0.00485093
7.61224 6.14286 0.00374582
7.79592 6.14286 0.00287443
7.97959 6.14286 0.00219184
8.16327 6.14286 0.00166072
8.34694 6.14286 0.0012501
8.53061 6.14286 0.000934687
8.71429 6.14286 0.000693829
8.89796 6.14286 0.00051088
9.08163 6.14286 0.000372449
9.26531 6.14286 0.000267835
9.44898 6.14286 0.00018847
9.63265 6.14286 0.00012748
9.81633 6.14286 7.92653e-005
10 6.14286 0
1 6.32653 1
1.18367 6.32653 0.999604
1.36735 6.32653 0.93222
1.55102 6.32653 0.865346
1.73469 6.32653 0.799471
1.91837 6.32653 0.735055
2.10204 6.32653 0.672527
2.28571 6.32653 0.612269
2.46939 6.32653 0.554614
2.65306 6.32653 0.499839
2.83673 6.32653 0.448164
3.02041 6.32653 0.399749
3.20408 6.32653 0.354699
3.38776 6.32653 0.313063
3.57143 6.32653 0.274843
3.7551 6.32653 0.239991
3.93878 6.32653 0.208421
4.12245 6.32653 0.180014
4.30612 6.32653 0.15462
4.4898 6.32653 0.132069
4.67347 6.32653 0.112175
4.85714 6.32653 0.0947385
5.04082 6.32653 0.0795567
5.22449 6.32653 0.066424
5.40816 6.32653 0.0551388
5.59184 6.32653 0.0455042
5.77551 6.32653 0.0373332
5.95918 6.32653 0.0304487
6.14286 6.32653 0.0246864
6.32653 6.32653 0.0198951
6.5102 6.32653 0.0159375
6.69388 6.32653 0.01269
6.87755 6.32653 0.0100429
7.06122 6.32653 0.00789949
7.2449 6.32653 0.00617546
7.42857 6.32653 0.00479789
7.61224 6.32653 0.00370454
7.79592 6.32653 0.00284248
7.97959 6.32653 0.00216732
8.16327 6.32653 0.001642
8.34694 6.32653 0.00123594
8.53061 6.32653 0.000924029
8.71429 6.32653 0.000685883
8.89796 6.32653 0.000504998
9.08163 6.32653 0.000368146
9.26531 6.32653 0.000264726
9.44898 6.32653 0.000186277
9.63265 6.32653 0.000125993
9.81633 6.32653 7.83396e-005
10 6.32653 0
1 6.5102 1
1.18367 6.5102 0.999587
1.36735 6.5102 0.931754
1.55102 6.5102 0.86445
1.73469 6.5102 0.798177
1.91837 6.5102 0.733412
2.10204 6.5102 0.67059
2.28571 6.5102 0.610102
2.46939 6.5102 0.552281
2.65306 6.5102 0.497404
2.83673 6.5102 0.445686
3.02041 6.5102 0.397283
3.20408 6.5102 0.35229
3.38776 6.5102 0.310752
3.57143 6.5102 0.272657
3.7551 6.5102 0.237953
3.93878 6.5102 0.206545
4.12245 6.5102 0.178308
4.30612 6.5102 0.153085
4.4898 6.5102 0.130704
4.67347 6.5102 0.110971
4.85714 6.5102 0.0936874
5.04082 6.5102 0.0786468
5.22449 6.5102 0.0656438
5.40816 6.5102 0.0544749
5.59184 6.5102 0.0449444
5.77551 6.5102 0.0368645
5.95918 6.5102 0.0300595
6.14286 6.5102 0.0243655
6.32653 6.5102 0.0196326
6.5102 6.5102 0.0157242
6.69388 6.5102 0.0125181
6.87755 6.5102 0.0099053
7.06122 6.5102 0.00779016
7.2449 6.5102 0.00608911
7.42857 6.5102 0.00473025
7.61224 6.5102 0.00365186
7.79592 6.5102 0.00280178
7.97959 6.5102 0.00213606
8.16327 6.5102 0.00161818
8.34694 6.5102 0.00121789
8.53061 6.5102 0.000910475
8.71429 6.5102 0.000675765
8.89796 6.5102 0.000497521
9.08163 6.5102 0.00036267
9.26531 6.5102 0.000260777
9.44898 6.5102 0.000183488
9.63265 6.5102 0.000124104
9.81633 6.5102 7.71631e-005
10 6.5102 0
1 6.69388 1
1.18367 6.69388 0.999563
1.36735 6.69388 0.931143
1.55102 6.69388 0.863277
1.73469 6.69388 0.796489
1.91837 6.69388 0.73127
2.10204 6.69388 0.668073
2.28571 6.69388 0.607292
2.46939 6.69388 0.549264
2.65306 6.69388 0.494264
2.83673 6.69388 0.442502
3.02041 6.69388 0.394123
3.20408 6.69388 0.349215
3.38776 6.69388 0.307808
3.57143 6.69388 0.269882
3.7551 6.69388 0.235373
3.93878 6.69388 0.204177
4.12245 6.69388 0.176158
4.30612 6.69388 0.151157
4.4898 6.69388 0.12899
4.67347 6.69388 0.109464
4.85714 6.69388 0.0923743
5.04082 6.69388 0.0775131
5.22449 6.69388 0.0646727
5.40816 6.69388 0.0536505
5.59184 6.69388 0.0442495
5.77551 6.69388 0.0362839
5.95918 6.69388 0.0295777
6.14286 6.69388 0.023969
6.32653 6.69388 0.0193085
6.5102 6.69388 0.0154614
6.69388 6.69388 0.0123063
6.87755 6.69388 0.00973592
7.06122 6.69388 0.00765555
7.2449 6.69388 0.005983
7.42857 6.69388 0.00464709
7.61224 6.69388 0.00358721
7.79592 6.69388 0.0027518
7.97959 6.69388 0.00209773
8.16327 6.69388 0.00158895
8.34694 6.69388 0.00119579
8.53061 6.69388 0.000893859
8.71429 6.69388 0.000663385
8.89796 6.69388 0.000488362
9.08163 6.69388 0.000355973
9.26531 6.69388 0.000255943
9.44898 6.69388 0.00018008
9.63265 6.69388 0.000121792
9.81633 6.69388 7.57246e-005
10 6.69388 0
1 6.87755 1
1.18367 6.87755 0.999531
1.36735 6.87755 0.930355
1.55102 6.87755 0.861766
1.73469 6.87755 0.794317
1.91837 6.87755 0.728525
2.10204 6.87755 0.664854
2.28571 6.87755 0.603711
2.46939 6.87755 0.545433
2.65306 6.87755 0.490292
2.83673 6.87755 0.438488
3.02041 6.87755 0.390155
3.20408 6.87755 0.345366
3.38776 6.87755 0.304138
3.57143 6.87755 0.266433
3.7551 6.87755 0.232177
3.93878 6.87755 0.201252
4.12245 6.87755 0.173513
4.30612 6.87755 0.148789
4.4898 6.87755 0.126893
4.67347 6.87755 0.107623
4.85714 6.87755 0.0907739
5.04082 6.87755 0.0761333
5.22449 6.87755 0.0634938
5.40816 6.87755 0.0526506
5.59184 6.87755 0.0434089
5.77551 6.87755 0.035582
5.95918 6.87755 0.0289966
6.14286 6.87755 0.023491
6.32653 6.87755 0.0189184
6.5102 6.87755 0.0151451
6.69388 6.87755 0.0120519
6.87755 6.87755 0.00953253
7.06122 6.87755 0.00749423
7.2449 6.87755 0.0058558
7.42857 6.87755 0.00454758
7.61224 6.87755 0.0035098
7.79592 6.87755 0.00269207
7.97959 6.87755 0.0020519
8.16327 6.87755 0.00155407
8.34694 6.87755 0.00116939
8.53061 6.87755 0.000874045
8.71429 6.87755 0.000648607
8.89796 6.87755 0.000477449
9.08163 6.87755 0.000347985
9.26531 6.87755 0.000250186
9.44898 6.87755 0.000176016
9.63265 6.87755 0.00011904
9.81633 6.87755 7.40114e-005
10 6.87755 0
1 7.06122 1
1.18367 7.06122 0.999489
1.36735 7.06122 0.929346
1.55102 7.06122 0.859836
1.73469 7.06122 0.791552
1.91837 7.06122 0.725038
2.10204 7.06122 0.660781
2.28571 7.06122 0.599197
2.46939 7.06122 0.540625
2.65306 7.06122 0.485327
2.83673 7.06122 0.433493
3.02041 7.06122 0.385238
3.20408 7.06122 0.340618
3.38776 7.06122 0.299626
3.57143 7.06122 0.262213
3.7551 7.06122 0.228279
3.93878 7.06122 0.197698
4.12245 7.06122 0.170307
4.30612 7.06122 0.145929
4.4898 7.06122 0.124366
4.67347 7.06122 0.105413
4.85714 7.06122 0.0888561
5.04082 7.06122 0.0744845
5.22449 7.06122 0.062087
5.40816 7.06122 0.0514608
5.59184 7.06122 0.0424096
5.77551 7.06122 0.0347496
5.95918 7.06122 0.0283078
6.14286 7.06122 0.0229257
6.32653 7.06122 0.0184573
6.5102 7.06122 0.014772
6.69388 7.06122 0.0117518
6.87755 7.06122 0.00929314
7.06122 7.06122 0.00730434
7.2449 7.06122 0.00570635
7.42857 7.06122 0.00443063
7.61224 7.06122 0.00341901
7.79592 7.06122 0.00262197
7.97959 7.06122 0.00199821
8.16327 7.06122 0.00151318
8.34694 7.06122 0.0011385
8.53061 7.06122 0.000850842
8.71429 7.06122 0.000631334
8.89796 7.06122 0.00046468
9.08163 7.06122 0.000338656
9.26531 7.06122 0.000243456
9.44898 7.06122 0.000171273
9.63265 7.06122 0.000115824
9.81633 7.06122 7.20108e-005
10 7.06122 0
1 7.2449 1
1.18367 7.2449 0.999432
1.36735 7.2449 0.928058
1.55102 7.2449 0.857382
1.73469 7.2449 0.788045
1.91837 7.2449 0.720634
2.10204 7.2449 0.655658
2.28571 7.2449 0.593547
2.46939 7.2449 0.534635
2.65306 7.2449 0.479175
2.83673 7.2449 0.427334
3.02041 7.2449 0.379207
3.20408 7.2449 0.334819
3.38776 7.2449 0.294145
3.57143 7.2449 0.257105
3.7551 7.2449 0.223584
3.93878 7.2449 0.193431
4.12245 7.2449 0.166475
4.30612 7.2449 0.142521
4.4898 7.2449 0.121365
4.67347 7.2449 0.102793
4.85714 7.2449 0.0865907
5.04082 7.2449 0.0725406
5.22449 7.2449 0.0604333
5.40816 7.2449 0.050064
5.59184 7.2449 0.0412394
5.77551 7.2449 0.033776
5.95918 7.2449 0.0275041
6.14286 7.2449 0.0222665
6.32653 7.2449 0.0179209
6.5102 7.2449 0.0143381
6.69388 7.2449 0.0114036
6.87755 7.2449 0.00901531
7.06122 7.2449 0.00708439
7.2449 7.2449 0.00553323
7.42857 7.2449 0.00429542
7.61224 7.2449 0.00331399
7.79592 7.2449 0.00254105
7.97959 7.2449 0.0019362
8.16327 7.2449 0.00146603
8.34694 7.2449 0.00110285
8.53061 7.2449 0.000824118
8.71429 7.2449 0.000611423
8.89796 7.2449 0.000449988
9.08163 7.2449 0.00032791
9.26531 7.2449 0.000235716
9.44898 7.2449 0.000165813
9.63265 7.2449 0.000112128
9.81633 7.2449 6.97104e-005
10 7.2449 0
1 7.42857 1
1.18367 7.42857 0.999355
1.36735 7.42857 0.926416
1.55102 7.42857 0.854263
1.73469 7.42857 0.783608
1.91837 7.42857 0.715086
2.10204 7.42857 0.64924
2.28571 7.42857 0.586506
2.46939 7.42857 0.527216
2.65306 7.42857 0.471599
2.83673 7.42857 0.419795
3.02041 7.42857 0.371864
3.20408 7.42857 0.327802
3.38776 7.42857 0.287543
3.57143 7.42857 0.250985
3.7551 7.42857 0.217982
3.93878 7.42857 0.188365
4.12245 7.42857 0.16194
4.30612 7.42857 0.138504
4.4898 7.42857 0.117839
4.67347 7.42857 0.0997262
4.85714 7.42857 0.0839443
5.04082 7.42857 0.0702769
5.22449 7.42857 0.058511
5.40816 7.42857 0.0484448
5.59184 7.42857 0.039885
5.77551 7.42857 0.0326517
5.95918 7.42857 0.026577
6.14286 7.42857 0.0215078
6.32653 7.42857 0.0173039
6.5102 7.42857 0.0138401
6.69388 7.42857 0.0110041
6.87755 7.42857 0.0086972
7.06122 7.42857 0.00683258
7.2449 7.42857 0.00533539
7.42857 7.42857 0.00414088
7.61224 7.42857 0.00319419
7.79592 7.42857 0.0024487
7.97959 7.42857 0.00186555
8.16327 7.42857 0.00141229
8.34694 7.42857 0.0010623
8.53061 7.42857 0.000793694
8.71429 7.42857 0.000588793
8.89796 7.42857 0.000433275
9.08163 7.42857 0.000315708
9.26531 7.42857 0.00022692
9.44898 7.42857 0.000159617
9.63265 7.42857 0.00010793
9.81633 7.42857 6.7099e-005
10 7.42857 0
1 7.61224 1
1.18367 7.61224 0.999249
1.36735 7.61224 0.924316
1.55102 7.61224 0.850295
1.73469 7.61224 0.77799
1.91837 7.61224 0.708103
2.10204 7.61224 0.641212
2.28571 7.61224 0.577762
2.46939 7.61224 0.518064
2.65306 7.61224 0.462318
2.83673 7.61224 0.410621
3.02041 7.61224 0.362989
3.20408 7.61224 0.319368
3.38776 7.61224 0.279658
3.57143 7.61224 0.243713
3.7551 7.61224 0.21136
3.93878 7.61224 0.182401
4.12245 7.61224 0.156627
4.30612 7.61224 0.133814
4.4898 7.61224 0.113738
4.67347 7.61224 0.0961699
4.85714 7.61224 0.0808865
5.04082 7.61224 0.067667
5.22449 7.61224 0.0563014
5.40816 7.61224 0.046587
5.59184 7.61224 0.0383348
5.77551 7.61224 0.0313668
5.95918 7.61224 0.0255199
6.14286 7.61224 0.0206435
6.32653 7.61224 0.0166025
6.5102 7.61224 0.0132744
6.69388 7.61224 0.0105511
6.87755 7.61224 0.00833664
7.06122 7.61224 0.0065477
7.2449 7.61224 0.0051116
7.42857 7.61224 0.00396638
7.61224 7.61224 0.0030589
7.79592 7.61224 0.00234458
7.97959 7.61224 0.00178588
8.16327 7.61224 0.00135179
8.34694 7.61224 0.00101662
8.53061 7.61224 0.000759477
8.71429 7.61224 0.000563326
8.89796 7.61224 0.000414498
9.08163 7.61224 0.000301987
9.26531 7.61224 0.000217044
9.44898 7.61224 0.000152655
9.63265 7.61224 0.000103219
9.81633 7.61224 6.41674e-005
10 7.61224 0
1 7.79592 1
1.18367 7.79592 0.999102
1.36735 7.79592 0.92162
1.55102 7.79592 0.84523
1.73469 7.79592 0.770863
1.91837 7.79592 0.699307
2.10204 7.79592 0.63118
2.28571 7.79592 0.566919
2.46939 7.79592 0.50681
2.65306 7.79592 0.450996
2.83673 7.79592 0.399517
3.02041 7.79592 0.352323
3.20408 7.79592 0.309307
3.38776 7.79592 0.270309
3.57143 7.79592 0.235143
3.7551 7.79592 0.203597
3.93878 7.79592 0.175447
4.12245 7.79592 0.150457
4.30612 7.79592 0.128392
4.4898 7.79592 0.109013
4.67347 7.79592 0.0920876
4.85714 7.79592 0.0773857
5.04082 7.79592 0.0646888
5.22449 7.79592 0.0537852
5.40816 7.79592 0.0444772
5.59184 7.79592 0.0365774
5.77551 7.79592 0.0299136
5.95918 7.79592 0.0243258
6.14286 7.79592 0.0196694
6.32653 7.79592 0.0158127
6.5102 7.79592 0.0126386
6.69388 7.79592 0.0100423
6.87755 7.79592 0.00793237
7.06122 7.79592 0.00622836
7.2449 7.79592 0.00486118
7.42857 7.79592 0.00377112
7.61224 7.79592 0.00290776
7.79592 7.79592 0.00222826
7.97959 7.79592 0.00169701
8.16327 7.79592 0.00128428
8.34694 7.79592 0.000965726
8.53061 7.79592 0.000721339
8.71429 7.79592 0.000534983
8.89796 7.79592 0.000393587
9.08163 7.79592 0.00028673
9.26531 7.79592 0.000206054
9.44898 7.79592 0.000144918
9.63265 7.79592 9.79794e-005
9.81633 7.79592 6.09089e-005
10 7.79592 0
1 7.97959 1
1.18367 7.97959 0.998891
1.36735 7.97959 0.918131
1.55102 7.97959 0.838726
1.73469 7.97959 0.761785
1.91837 7.97959 0.688205
2.10204 7.97959 0.618634
2.28571 7.97959 0.553496
2.46939 7.97959 0.49301
2.65306 7.97959 0.437244
2.83673 7.97959 0.386146
3.02041 7.97959 0.339588
3.20408 7.97959 0.297381
3.38776 7.97959 0.259307
3.57143 7.97959 0.225121
3.7551 7.97959 0.194573
3.93878 7.97959 0.167403
4.12245 7.97959 0.143357
4.30612 7.97959 0.122178
4.4898 7.97959 0.10362
4.67347 7.97959 0.0874429
4.85714 7.97959 0.0734168
5.04082 7.97959 0.0613206
5.22449 7.97959 0.0509481
5.40816 7.97959 0.042103
5.59184 7.97959 0.0346048
5.77551 7.97959 0.0282849
5.95918 7.97959 0.0229904
6.14286 7.97959 0.0185812
6.32653 7.97959 0.0149321
6.5102 7.97959 0.0119302
6.69388 7.97959 0.00947647
6.87755 7.97959 0.00748303
7.06122 7.97959 0.00587404
7.2449 7.97959 0.00458338
7.42857 7.97959 0.00355486
7.61224 7.97959 0.00274037
7.79592 7.97959 0.00209962
7.97959 7.97959 0.00159872
8.16327 7.97959 0.00120972
8.34694 7.97959 0.0009095
8.53061 7.97959 0.000679265
8.71429 7.97959 0.0005037
8.89796 7.97959 0.00037054
9.08163 7.97959 0.000269904
9.26531 7.97959 0.00019395
9.44898 7.97959 0.000136391
9.63265 7.97959 9.22108e-005
9.81633 7.97959 5.73205e-005
10 7.97959 0
1 8.16327 1
1.18367 8.16327 0.998582
1.36735 8.16327 0.913566
1.55102 8.16327 0.830305
1.73469 8.16327 0.750156
1.91837 8.16327 0.67414
2.10204 8.16327 0.602932
2.28571 8.16327 0.536889
2.46939 8.16327 0.476133
2.65306 8.16327 0.420605
2.83673 8.16327 0.370134
3.02041 8.16327 0.324475
3.20408 8.16327 0.28335
3.38776 8.16327 0.246458
3.57143 8.16327 0.213499
3.7551 8.16327 0.18417
3.93878 8.16327 0.158184
4.12245 8.16327 0.135257
4.30612 8.16327 0.115121
4.4898 8.16327 0.0975195
4.67347 8.16327 0.0822089
4.85714 8.16327 0.0689571
5.04082 8.16327 0.0575482
5.22449 8.16327 0.0477776
5.40816 8.16327 0.0394569
5.59184 8.16327 0.03241
5.77551 8.16327 0.0264769
5.95918 8.16327 0.0215101
6.14286 8.16327 0.0173773
6.32653 8.16327 0.0139588
6.5102 8.16327 0.0111487
6.69388 8.16327 0.0088526
6.87755 8.16327 0.00698843
7.06122 8.16327 0.00548416
7.2449 8.16327 0.00427818
7.42857 8.16327 0.00331731
7.61224 8.16327 0.00255676
7.79592 8.16327 0.00195852
7.97959 8.16327 0.00149105
8.16327 8.16327 0.00112804
8.34694 8.16327 0.000847983
8.53061 8.16327 0.000633216
8.71429 8.16327 0.000469508
8.89796 8.16327 0.000345337
9.08163 8.16327 0.000251528
9.26531 8.16327 0.000180723
9.44898 8.16327 0.000127083
9.63265 8.16327 8.59112e-005
9.81633 8.16327 5.34033e-005
10 8.16327 0
1 8.34694 1
1.18367 8.34694 0.998114
1.36735 8.34694 0.907505
1.55102 8.34694 0.819282
1.73469 8.34694 0.735142
1.91837 8.34694 0.656247
2.10204 8.34694 0.583243
2.28571 8.34694 0.516365
2.46939 8.34694 0.455552
2.65306 8.34694 0.400567
2.83673 8.34694 0.351066
3.02041 8.34694 0.306665
3.20408 8.34694 0.266964
3.38776 8.34694 0.231578
3.57143 8.34694 0.200134
3.7551 8.34694 0.172287
3.93878 8.34694 0.147711
4.12245 8.34694 0.126104
4.30612 8.34694 0.107182
4.4898 8.34694 0.0906844
4.67347 8.34694 0.0763641
4.85714 8.34694 0.0639943
5.04082 8.34694 0.0533609
5.22449 8.34694 0.0442684
5.40816 8.34694 0.0365339
5.59184 8.34694 0.0299914
5.77551 8.34694 0.0244875
5.95918 8.34694 0.0198845
6.14286 8.34694 0.0160568
6.32653 8.34694 0.0128932
6.5102 8.34694 0.0102937
6.69388 8.34694 0.0081712
6.87755 8.34694 0.00644847
7.06122 8.34694 0.00505917
7.2449 8.34694 0.00394559
7.42857 8.34694 0.0030588
7.61224 8.34694 0.00235698
7.79592 8.34694 0.00180519
7.97959 8.34694 0.00137404
8.16327 8.34694 0.00103938
8.34694 8.34694 0.000781201
8.53061 8.34694 0.000583287
8.71429 8.34694 0.000432421
8.89796 8.34694 0.000318033
9.08163 8.34694 0.000231611
9.26531 8.34694 0.000166403
9.44898 8.34694 0.000117002
9.63265 8.34694 7.9093e-005
9.81633 8.34694 4.91632e-005
10 8.34694 0
1 8.53061 1
1.18367 8.53061 0.997374
1.36735 8.53061 0.899298
1.55102 8.53061 0.804643
1.73469 8.53061 0.715572
1.91837 8.53061 0.633357
2.10204 8.53061 0.558516
2.28571 8.53061 0.491027
2.46939 8.53061 0.430547
2.65306 8.53061 0.376565
2.83673 8.53061 0.328518
3.02041 8.53061 0.285837
3.20408 8.53061 0.247993
3.38776 8.53061 0.214496
3.57143 8.53061 0.184911
3.7551 8.53061 0.158839
3.93878 8.53061 0.135929
4.12245 8.53061 0.115858
4.30612 8.53061 0.0983364
4.4898 8.53061 0.0830978
4.67347 8.53061 0.0699012
4.85714 8.53061 0.0585222
5.04082 8.53061 0.0487579
5.22449 8.53061 0.0404194
5.40816 8.53061 0.0333359
5.59184 8.53061 0.0273497
5.77551 8.53061 0.0223192
5.95918 8.53061 0.0181149
6.14286 8.53061 0.0146219
6.32653 8.53061 0.0117363
6.5102 8.53061 0.00936703
6.69388 8.53061 0.00743311
6.87755 8.53061 0.00586445
7.06122 8.53061 0.00459968
7.2449 8.53061 0.00358647
7.42857 8.53061 0.00277973
7.61224 8.53061 0.00214157
7.79592 8.53061 0.00163987
7.97959 8.53061 0.00124804
8.16327 8.53061 0.000943898
8.34694 8.53061 0.000709358
8.53061 8.53061 0.000529561
8.71429 8.53061 0.000392559
8.89796 8.53061 0.000288676
9.08163 8.53061 0.000210218
9.26531 8.53061 0.000151015
9.44898 8.53061 0.000106178
9.63265 8.53061 7.17708e-005
9.81633 8.53061 4.46109e-005
10 8.53061 0
1 8.71429 1
1.18367 8.71429 0.99614
1.36735 8.71429 0.887886
1.55102 8.71429 0.784845
1.73469 8.71429 0.689767
1.91837 8.71429 0.603905
2.10204 8.71429 0.527418
2.28571 8.71429 0.459817
2.46939 8.71429 0.400308
2.65306 8.71429 0.348008
2.83673 8.71429 0.302063
3.02041 8.71429 0.261698
3.20408 8.71429 0.226233
3.38776 8.71429 0.195083
3.57143 8.71429 0.167742
3.7551 8.71429 0.143777
3.93878 8.71429 0.122809
4.12245 8.71429 0.104507
4.30612 8.71429 0.0885787
4.4898 8.71429 0.0747629
4.67347 8.71429 0.0628234
4.85714 8.71429 0.052549
5.04082 8.71429 0.0437455
5.22449 8.71429 0.0362388
5.40816 8.71429 0.0298687
5.59184 8.71429 0.0244918
5.77551 8.71429 0.0199766
5.95918 8.71429 0.0162067
6.14286 8.71429 0.0130761
6.32653 8.71429 0.010492
6.5102 8.71429 0.00837102
6.69388 8.71429 0.00664091
6.87755 8.71429 0.00523792
7.06122 8.71429 0.00410737
7.2449 8.71429 0.00320182
7.42857 8.71429 0.00248117
7.61224 8.71429 0.00191115
7.79592 8.71429 0.00146322
7.97959 8.71429 0.0011134
8.16327 8.71429 0.000841974
8.34694 8.71429 0.000632658
8.53061 8.71429 0.000472261
8.71429 8.71429 0.000350034
8.89796 8.71429 0.000257388
9.08163 8.71429 0.00018741
9.26531 8.71429 0.000134625
9.44898 8.71429 9.4645e-005
9.63265 8.71429 6.39735e-005
9.81633 8.71429 3.97628e-005
10 8.71429 0
1 8.89796 1
1.18367 8.89796 0.993937
1.36735 8.89796 0.871453
1.55102 8.89796 0.75746
1.73469 8.89796 0.655299
1.91837 8.89796 0.565799
2.10204 8.89796 0.488309
2.28571 8.89796 0.421525
2.46939 8.89796 0.363987
2.65306 8.89796 0.31432
2.83673 8.89796 0.271329
3.02041 8.89796 0.234013
3.20408 8.89796 0.201549
3.38776 8.89796 0.173261
3.57143 8.89796 0.148596
3.7551 8.89796 0.12709
3.93878 8.89796 0.108358
4.12245 8.89796 0.0920657
4.30612 8.89796 0.0779301
4.4898 8.89796 0.0656991
4.67347 8.89796 0.0551527
4.85714 8.89796 0.0460924
5.04082 8.89796 0.038342
5.22449 8.89796 0.031741
5.40816 8.89796 0.0261466
5.59184 8.89796 0.0214282
5.77551 8.89796 0.01747
5.95918 8.89796 0.014167
6.14286 8.89796 0.0114264
6.32653 8.89796 0.00916508
6.5102 8.89796 0.00731031
6.69388 8.89796 0.00579774
6.87755 8.89796 0.00457187
7.06122 8.89796 0.0035842
7.2449 8.89796 0.0027935
7.42857 8.89796 0.00216429
7.61224 8.89796 0.00166684
7.79592 8.89796 0.00127594
7.97959 8.89796 0.000970783
8.16327 8.89796 0.000734009
8.34694 8.89796 0.000551487
8.53061 8.89796 0.000411611
8.71429 8.89796 0.000305061
8.89796 8.89796 0.000224291
9.08163 8.89796 0.000163304
9.26531 8.89796 0.000117297
9.44898 8.89796 8.24603e-005
9.63265 8.89796 5.57335e-005
9.81633 8.89796 3.46408e-005
10 8.89796 0
1 9.08163 1
1.18367 9.08163 0.989657
1.36735 9.08163 0.846692
1.55102 9.08163 0.718572
1.73469 9.08163 0.608653
1.91837 9.08163 0.516309
2.10204 9.08163 0.439251
2.28571 9.08163 0.374864
2.46939 9.08163 0.320774
2.65306 9.08163 0.275021
2.83673 9.08163 0.23605
3.02041 9.08163 0.202655
3.20408 9.08163 0.173895
3.38776 9.08163 0.149038
3.57143 9.08163 0.127503
3.7551 9.08163 0.108826
3.93878 9.08163 0.0926251
4.12245 9.08163 0.0785848
4.30612 9.08163 0.0664362
4.4898 9.08163 0.0559505
4.67347 9.08163 0.0469258
4.85714 9.08163 0.0391865
5.04082 9.08163 0.0325745
5.22449 9.08163 0.0269506
5.40816 9.08163 0.0221884
5.59184 9.08163 0.0181761
5.77551 9.08163 0.0148123
5.95918 9.08163 0.0120075
6.14286 9.08163 0.00968133
6.32653 9.08163 0.0077632
6.5102 9.08163 0.00619036
6.69388 9.08163 0.00490844
6.87755 9.08163 0.00386967
7.06122 9.08163 0.00303318
7.2449 9.08163 0.00236356
7.42857 9.08163 0.00183094
7.61224 9.08163 0.00140986
7.79592 9.08163 0.00107911
7.97959 9.08163 0.000820902
8.16327 9.08163 0.000620634
8.34694 9.08163 0.000466241
8.53061 9.08163 0.000347965
8.71429 9.08163 0.000257859
8.89796 9.08163 0.000189578
9.08163 9.08163 0.000138016
9.26531 9.08163 9.91301e-005
9.44898 9.08163 6.96832e-005
9.63265 9.08163 4.70971e-005
9.81633 9.08163 2.92719e-005
10 9.08163 0
1 9.26531 1
1.18367 9.26531 0.98042
1.36735 9.26531 0.807229
1.55102 9.26531 0.661756
1.73469 9.26531 0.54484
1.91837 9.26531 0.452059
2.10204 9.26531 0.378163
2.28571 9.26531 0.318646
2.46939 9.26531 0.270052
2.65306 9.26531 0.229835
2.83673 9.26531 0.19615
3.02041 9.26531 0.167654
3.20408 9.26531 0.143357
3.38776 9.26531 0.12252
3.57143 9.26531 0.104579
3.7551 9.26531 0.0890921
3.93878 9.26531 0.0757119
4.12245 9.26531 0.0641515
4.30612 9.26531 0.0541754
4.4898 9.26531 0.045582
4.67347 9.26531 0.0381997
4.85714 9.26531 0.0318773
5.04082 9.26531 0.0264831
5.22449 9.26531 0.0218992
5.40816 9.26531 0.0180216
5.59184 9.26531 0.0147566
5.77551 9.26531 0.0120216
5.95918 9.26531 0.00974198
6.14286 9.26531 0.00785262
6.32653 9.26531 0.00629508
6.5102 9.26531 0.00501866
6.69388 9.26531 0.00397848
6.87755 9.26531 0.00313601
7.06122 9.26531 0.00245764
7.2449 9.26531 0.00191484
7.42857 9.26531 0.00148309
7.61224 9.26531 0.0011419
7.79592 9.26531 0.000873889
7.97959 9.26531 0.000664735
8.16327 9.26531 0.000502502
8.34694 9.26531 0.000377475
8.53061 9.26531 0.000281686
8.71429 9.26531 0.000208735
8.89796 9.26531 0.000153446
9.08163 9.26531 0.000111709
9.26531 9.26531 8.02279e-005
9.44898 9.26531 5.63954e-005
9.63265 9.26531 3.81139e-005
9.81633 9.26531 2.36885e-005
10 9.26531 0
1 9.44898 1
1.18367 9.44898 0.957894
1.36735 9.44898 0.740161
1.55102 9.44898 0.576607
1.73469 9.44898 0.457219
1.91837 9.44898 0.369353
2.10204 9.44898 0.303212
2.28571 9.44898 0.252105
2.46939 9.44898 0.211618
2.65306 9.44898 0.178842
2.83673 9.44898 0.151832
3.02041 9.44898 0.129257
3.20408 9.44898 0.110182
3.38776 9.44898 0.0939377
3.57143 9.44898 0.0800246
3.7551 9.44898 0.0680667
3.93878 9.44898 0.0577684
4.12245 9.44898 0.0488953
4.30612 9.44898 0.0412539
4.4898 9.44898 0.0346838
4.67347 9.44898 0.0290472
4.85714 9.44898 0.0242263
5.04082 9.44898 0.0201168
5.22449 9.44898 0.016628
5.40816 9.44898 0.0136785
5.59184 9.44898 0.0111969
5.77551 9.44898 0.0091188
5.95918 9.44898 0.00738791
6.14286 9.44898 0.00595362
6.32653 9.44898 0.00477188
6.5102 9.44898 0.00380352
6.69388 9.44898 0.00301477
6.87755 9.44898 0.00237597
7.06122 9.44898 0.0018618
7.2449 9.44898 0.00145038
7.42857 9.44898 0.00112327
7.61224 9.44898 0.000864743
7.79592 9.44898 0.000661743
7.97959 9.44898 0.000503305
8.16327 9.44898 0.000380454
8.34694 9.44898 0.000285764
8.53061 9.44898 0.000213241
8.71429 9.44898 0.000158002
8.89796 9.44898 0.000116149
9.08163 9.44898 8.45492e-005
9.26531 9.44898 6.07219e-005
9.44898 9.44898 4.26809e-005
9.63265 9.44898 2.88452e-005
9.81633 9.44898 1.79274e-005
10 9.44898 0
1 9.63265 1
1.18367 9.63265 0.895277
1.36735 9.63265 0.619
1.55102 9.63265 0.447461
1.73469 9.63265 0.338324
1.91837 9.63265 0.265243
2.10204 9.63265 0.21362
2.28571 9.63265 0.175396
2.46939 9.63265 0.145977
2.65306 9.63265 0.122632
2.83673 9.63265 0.103661
3.02041 9.63265 0.0879644
3.20408 9.63265 0.0748004
3.38776 9.63265 0.0636507
3.57143 9.63265 0.0541421
3.7551 9.63265 0.0459957
3.93878 9.63265 0.0389984
4.12245 9.63265 0.0329812
4.30612 9.63265 0.0278082
4.4898 9.63265 0.0233658
4.67347 9.63265 0.0195592
4.85714 9.63265 0.016306
5.04082 9.63265 0.0135353
5.22449 9.63265 0.0111843
5.40816 9.63265 0.00919801
5.59184 9.63265 0.00752733
5.77551 9.63265 0.00612912
5.95918 9.63265 0.00496469
6.14286 9.63265 0.00400026
6.32653 9.63265 0.0032057
6.5102 9.63265 0.00255488
6.69388 9.63265 0.00202478
6.87755 9.63265 0.00159561
7.06122 9.63265 0.00125016
7.2449 9.63265 0.000973844
7.42857 9.63265 0.000754125
7.61224 9.63265 0.000580534
7.79592 9.63265 0.000444208
7.97959 9.63265 0.000337844
8.16327 9.63265 0.000255357
8.34694 9.63265 0.000191799
8.53061 9.63265 0.000143112
8.71429 9.63265 0.000106038
8.89796 9.63265 7.79442e-005
9.08163 9.63265 5.67387e-005
9.26531 9.63265 4.07461e-005
9.44898 9.63265 2.86403e-005
9.63265 9.63265 1.93552e-005
9.81633 9.63265 1.20293e-005
10 9.63265 0
1 9.81633 1
1.18367 9.81633 0.697639
1.36735 9.81633 0.393159
1.55102 9.81633 0.256026
1.73469 9.81633 0.183539
1.91837 9.81633 0.139891
2.10204 9.81633 0.110891
2.28571 9.81633 0.0901841
2.46939 9.81633 0.0746013
2.65306 9.81633 0.0624138
2.83673 9.81633 0.0526064
3.02041 9.81633 0.0445469
3.20408 9.81633 0.0378205
3.38776 9.81633 0.0321441
3.57143 9.81633 0.027316
3.7551 9.81633 0.0231884
3.93878 9.81633 0.0196485
4.12245 9.81633 0.0166086
4.30612 9.81633 0.0139975
4.4898 9.81633 0.0117574
4.67347 9.81633 0.00983888
4.85714 9.81633 0.00820039
5.04082 9.81633 0.0068054
5.22449 9.81633 0.00562232
5.40816 9.81633 0.00462299
5.59184 9.81633 0.0037828
5.77551 9.81633 0.00307969
5.95918 9.81633 0.00249436
6.14286 9.81633 0.00200957
6.32653 9.81633 0.0016103
6.5102 9.81633 0.00128325
6.69388 9.81633 0.00101694
6.87755 9.81633 0.000801318
7.06122 9.81633 0.000627812
7.2449 9.81633 0.000489009
7.42857 9.81633 0.000378671
7.61224 9.81633 0.000291483
7.79592 9.81633 0.000223033
7.97959 9.81633 0.000169617
8.16327 9.81633 0.000128204
8.34694 9.81633 9.62877e-005
8.53061 9.81633 7.1846e-005
8.71429 9.81633 5.32307e-005
8.89796 9.81633 3.91282e-005
9.08163 9.81633 2.84813e-005
9.26531 9.81633 2.04538e-005
9.44898 9.81633 1.43762e-005
9.63265 9.81633 9.71565e-006
9.81633 9.81633 6.0382e-006
10 9.81633 0
1 10 1
1.18367 10 0
1.36735 10 0
1.55102 10 0
1.73469 10 0
1.91837 10 0
2.10204 10 0
2.28571 10 0
2.46939 10 0
2.65306 10 0
2.83673 10 0
3.02041 10 0
3.20408 10 0
3.38776 10 0
3.57143 10 0
3.7551 10 0
3.93878 10 0
4.12245 10 0
4.30612 10 0
4.4898 10 0
4.67347 10 0
4.85714 10 0
5.04082 10 0
5.22449 10 0
5.40816 10 0
5.59184 10 0
5.77551 10 0
5.95918 10 0
6.14286 10 0
6.32653 10 0
6.5102 10 0
6.69388 10 0
6.87755 10 0
7.06122 10 0
7.2449 10 0
7.42857 10 0
7.61224 10 0
7.79592 10 0
7.97959 10 0
8.16327 10 0
8.34694 10 0
8.53061 10 0
8.71429 10 0
8.89796 10 0
9.08163 10 0
9.26531 10 0
9.44898 10 0
9.63265 10 0
9.81633 10 0
10 10 0
