VARIABLES= "X", "Y", "I"
1 1 0
1 1.02 0
1 1.04 0
1 1.06 0
1 1.08 0
1 1.1 0
1 1.12 0
1 1.14 0
1 1.16 0
1 1.18 0
1 1.2 0
1 1.22 0
1 1.24 0
1 1.26 0
1 1.28 0
1 1.3 0
1 1.32 0
1 1.34 0
1 1.36 0
1 1.38 0
1 1.4 5e+007
1 1.42 5e+007
1 1.44 5e+007
1 1.46 5e+007
1 1.48 5e+007
1 1.5 5e+007
1 1.52 5e+007
1 1.54 5e+007
1 1.56 5e+007
1 1.58 5e+007
1 1.6 5e+007
1 1.62 0
1 1.64 0
1 1.66 0
1 1.68 0
1 1.7 0
1 1.72 0
1 1.74 0
1 1.76 0
1 1.78 0
1 1.8 0
1 1.82 0
1 1.84 0
1 1.86 0
1 1.88 0
1 1.9 0
1 1.92 0
1 1.94 0
1 1.96 0
1 1.98 0
1 2 11393
1.02 1 42127.3
1.02 1.02 85146.2
1.02 1.04 129997
1.02 1.06 177722
1.02 1.08 229531
1.02 1.1 286888
1.02 1.12 351624
1.02 1.14 426111
1.02 1.16 513514
1.02 1.18 618186
1.02 1.2 746313
1.02 1.22 906996
1.02 1.24 1.11419e+006
1.02 1.26 1.39035e+006
1.02 1.28 1.77383e+006
1.02 1.3 2.33509e+006
1.02 1.32 3.2158e+006
1.02 1.34 4.73357e+006
1.02 1.36 7.69348e+006
1.02 1.38 1.44162e+007
1.02 1.4 3.24557e+007
1.02 1.42 3.91296e+007
1.02 1.44 4.1987e+007
1.02 1.46 4.33374e+007
1.02 1.48 4.39652e+007
1.02 1.5 4.41506e+007
1.02 1.52 4.39652e+007
1.02 1.54 4.33374e+007
1.02 1.56 4.1987e+007
1.02 1.58 3.91296e+007
1.02 1.6 3.24557e+007
1.02 1.62 1.44162e+007
1.02 1.64 7.69348e+006
1.02 1.66 4.73357e+006
1.02 1.68 3.21581e+006
1.02 1.7 2.33509e+006
1.02 1.72 1.77384e+006
1.02 1.74 1.39036e+006
1.02 1.76 1.1142e+006
1.02 1.78 907004
1.02 1.8 746324
1.02 1.82 618201
1.02 1.84 513534
1.02 1.86 426139
1.02 1.88 351667
1.02 1.9 286956
1.02 1.92 229648
1.02 1.94 177944
1.02 1.96 130476
1.02 1.98 86339
1.02 2 45571.9
1.04 1 83363
1.04 1.02 168461
1.04 1.04 257119
1.04 1.06 351359
1.04 1.08 453515
1.04 1.1 566396
1.04 1.12 693496
1.04 1.14 839306
1.04 1.16 1.00976e+006
1.04 1.18 1.21292e+006
1.04 1.2 1.46007e+006
1.04 1.22 1.76748e+006
1.04 1.24 2.15941e+006
1.04 1.26 2.67339e+006
1.04 1.28 3.36989e+006
1.04 1.3 4.35071e+006
1.04 1.32 5.79456e+006
1.04 1.34 8.02499e+006
1.04 1.36 1.16242e+007
1.04 1.38 1.75154e+007
1.04 1.4 2.62771e+007
1.04 1.42 3.20757e+007
1.04 1.44 3.54811e+007
1.04 1.46 3.73974e+007
1.04 1.48 3.83727e+007
1.04 1.5 3.8672e+007
1.04 1.52 3.83727e+007
1.04 1.54 3.73974e+007
1.04 1.56 3.54811e+007
1.04 1.58 3.20757e+007
1.04 1.6 2.62771e+007
1.04 1.62 1.75155e+007
1.04 1.64 1.16242e+007
1.04 1.66 8.025e+006
1.04 1.68 5.79456e+006
1.04 1.7 4.35072e+006
1.04 1.72 3.3699e+006
1.04 1.74 2.6734e+006
1.04 1.76 2.15942e+006
1.04 1.78 1.7675e+006
1.04 1.8 1.46009e+006
1.04 1.82 1.21295e+006
1.04 1.84 1.0098e+006
1.04 1.86 839358
1.04 1.88 693571
1.04 1.9 566508
1.04 1.92 453693
1.04 1.94 351653
1.04 1.96 257621
1.04 1.98 169308
1.04 2 84555.7
1.06 1 122864
1.06 1.02 248214
1.06 1.04 378661
1.06 1.06 517081
1.06 1.08 666775
1.06 1.1 831684
1.06 1.12 1.01666e+006
1.06 1.14 1.22786e+006
1.06 1.16 1.47329e+006
1.06 1.18 1.76366e+006
1.06 1.2 2.11356e+006
1.06 1.22 2.54345e+006
1.06 1.24 3.08258e+006
1.06 1.26 3.7739e+006
1.06 1.28 4.68164e+006
1.06 1.3 5.90331e+006
1.06 1.32 7.58672e+006
1.06 1.34 9.94767e+006
1.06 1.36 1.32628e+007
1.06 1.38 1.77443e+007
1.06 1.4 2.30616e+007
1.06 1.42 2.74152e+007
1.06 1.44 3.04641e+007
1.06 1.46 3.23984e+007
1.06 1.48 3.34563e+007
1.06 1.5 3.37919e+007
1.06 1.52 3.34563e+007
1.06 1.54 3.23984e+007
1.06 1.56 3.04641e+007
1.06 1.58 2.74152e+007
1.06 1.6 2.30616e+007
1.06 1.62 1.77443e+007
1.06 1.64 1.32628e+007
1.06 1.66 9.94768e+006
1.06 1.68 7.58673e+006
1.06 1.7 5.90332e+006
1.06 1.72 4.68165e+006
1.06 1.74 3.77391e+006
1.06 1.76 3.0826e+006
1.06 1.78 2.54347e+006
1.06 1.8 2.11359e+006
1.06 1.82 1.7637e+006
1.06 1.84 1.47334e+006
1.06 1.86 1.22792e+006
1.06 1.88 1.01675e+006
1.06 1.9 831813
1.06 1.92 666962
1.06 1.94 517353
1.06 1.96 379048
1.06 1.98 248715
1.06 2 123343
1.08 1 159879
1.08 1.02 322870
1.08 1.04 492230
1.08 1.06 671527
1.08 1.08 864821
1.08 1.1 1.0769e+006
1.08 1.12 1.3136e+006
1.08 1.14 1.58217e+006
1.08 1.16 1.8919e+006
1.08 1.18 2.25486e+006
1.08 1.2 2.68708e+006
1.08 1.22 3.21016e+006
1.08 1.24 3.85358e+006
1.08 1.26 4.65799e+006
1.08 1.28 5.67945e+006
1.08 1.3 6.99418e+006
1.08 1.32 8.70134e+006
1.08 1.34 1.09162e+007
1.08 1.36 1.3735e+007
1.08 1.38 1.71376e+007
1.08 1.4 2.08096e+007
1.08 1.42 2.40592e+007
1.08 1.44 2.65618e+007
1.08 1.46 2.82759e+007
1.08 1.48 2.92622e+007
1.08 1.5 2.9583e+007
1.08 1.52 2.92622e+007
1.08 1.54 2.82759e+007
1.08 1.56 2.65618e+007
1.08 1.58 2.40592e+007
1.08 1.6 2.08096e+007
1.08 1.62 1.71376e+007
1.08 1.64 1.3735e+007
1.08 1.66 1.09162e+007
1.08 1.68 8.70135e+006
1.08 1.7 6.99419e+006
1.08 1.72 5.67946e+006
1.08 1.74 4.65801e+006
1.08 1.76 3.8536e+006
1.08 1.78 3.21018e+006
1.08 1.8 2.68712e+006
1.08 1.82 2.25491e+006
1.08 1.84 1.89196e+006
1.08 1.86 1.58225e+006
1.08 1.88 1.3137e+006
1.08 1.9 1.07703e+006
1.08 1.92 864991
1.08 1.94 671747
1.08 1.96 492502
1.08 1.98 323163
1.08 2 160102
1.1 1 193783
1.1 1.02 391156
1.1 1.04 595863
1.1 1.06 811975
1.1 1.08 1.04408e+006
1.1 1.1 1.29751e+006
1.1 1.12 1.57866e+006
1.1 1.14 1.89534e+006
1.1 1.16 2.25727e+006
1.1 1.18 2.67681e+006
1.1 1.2 3.16975e+006
1.1 1.22 3.75652e+006
1.1 1.24 4.46358e+006
1.1 1.26 5.32503e+006
1.1 1.28 6.38399e+006
1.1 1.3 7.69262e+006
1.1 1.32 9.30828e+006
1.1 1.34 1.12808e+007
1.1 1.36 1.36233e+007
1.1 1.38 1.62614e+007
1.1 1.4 1.898e+007
1.1 1.42 2.14503e+007
1.1 1.44 2.34481e+007
1.1 1.46 2.4881e+007
1.1 1.48 2.57336e+007
1.1 1.5 2.60158e+007
1.1 1.52 2.57336e+007
1.1 1.54 2.4881e+007
1.1 1.56 2.34481e+007
1.1 1.58 2.14503e+007
1.1 1.6 1.898e+007
1.1 1.62 1.62614e+007
1.1 1.64 1.36233e+007
1.1 1.66 1.12808e+007
1.1 1.68 9.30829e+006
1.1 1.7 7.69263e+006
1.1 1.72 6.384e+006
1.1 1.74 5.32505e+006
1.1 1.76 4.4636e+006
1.1 1.78 3.75655e+006
1.1 1.8 3.16979e+006
1.1 1.82 2.67685e+006
1.1 1.84 2.25733e+006
1.1 1.86 1.89541e+006
1.1 1.88 1.57875e+006
1.1 1.9 1.29763e+006
1.1 1.92 1.04422e+006
1.1 1.94 812144
1.1 1.96 596050
1.1 1.98 391333
1.1 2 193900
1.12 1 224098
1.12 1.02 452107
1.12 1.04 688091
1.12 1.06 936431
1.12 1.08 1.20201e+006
1.12 1.1 1.49041e+006
1.12 1.12 1.8082e+006
1.12 1.14 2.16323e+006
1.12 1.16 2.56505e+006
1.12 1.18 3.02535e+006
1.12 1.2 3.55859e+006
1.12 1.22 4.18259e+006
1.12 1.24 4.91919e+006
1.12 1.26 5.79456e+006
1.12 1.28 6.83886e+006
1.12 1.3 8.08402e+006
1.12 1.32 9.55835e+006
1.12 1.34 1.12754e+007
1.12 1.36 1.32159e+007
1.12 1.38 1.53048e+007
1.12 1.4 1.73989e+007
1.12 1.42 1.93137e+007
1.12 1.44 2.08992e+007
1.12 1.46 2.20666e+007
1.12 1.48 2.27755e+007
1.12 1.5 2.30128e+007
1.12 1.52 2.27756e+007
1.12 1.54 2.20666e+007
1.12 1.56 2.08992e+007
1.12 1.58 1.93137e+007
1.12 1.6 1.73989e+007
1.12 1.62 1.53048e+007
1.12 1.64 1.32159e+007
1.12 1.66 1.12754e+007
1.12 1.68 9.55836e+006
1.12 1.7 8.08404e+006
1.12 1.72 6.83888e+006
1.12 1.74 5.79459e+006
1.12 1.76 4.91921e+006
1.12 1.78 4.18262e+006
1.12 1.8 3.55862e+006
1.12 1.82 3.0254e+006
1.12 1.84 2.5651e+006
1.12 1.86 2.1633e+006
1.12 1.88 1.80828e+006
1.12 1.9 1.49051e+006
1.12 1.92 1.20212e+006
1.12 1.94 936558
1.12 1.96 688220
1.12 1.98 452219
1.12 2 224166
1.14 1 250501
1.14 1.02 505082
1.14 1.04 767963
1.14 1.06 1.04365e+006
1.14 1.08 1.33711e+006
1.14 1.1 1.65391e+006
1.14 1.12 2.00049e+006
1.14 1.14 2.38435e+006
1.14 1.16 2.81434e+006
1.14 1.18 3.30096e+006
1.14 1.2 3.85666e+006
1.14 1.22 4.49606e+006
1.14 1.24 5.23601e+006
1.14 1.26 6.09518e+006
1.14 1.28 7.09286e+006
1.14 1.3 8.24626e+006
1.14 1.32 9.56567e+006
1.14 1.34 1.10467e+007
1.14 1.36 1.26602e+007
1.14 1.38 1.43429e+007
1.14 1.4 1.5997e+007
1.14 1.42 1.75065e+007
1.14 1.44 1.87686e+007
1.14 1.46 1.97104e+007
1.14 1.48 2.02892e+007
1.14 1.5 2.04842e+007
1.14 1.52 2.02892e+007
1.14 1.54 1.97104e+007
1.14 1.56 1.87686e+007
1.14 1.58 1.75065e+007
1.14 1.6 1.5997e+007
1.14 1.62 1.43429e+007
1.14 1.64 1.26602e+007
1.14 1.66 1.10467e+007
1.14 1.68 9.56568e+006
1.14 1.7 8.24627e+006
1.14 1.72 7.09288e+006
1.14 1.74 6.09521e+006
1.14 1.76 5.23604e+006
1.14 1.78 4.49609e+006
1.14 1.8 3.85669e+006
1.14 1.82 3.301e+006
1.14 1.84 2.81439e+006
1.14 1.86 2.38441e+006
1.14 1.88 2.00056e+006
1.14 1.9 1.65399e+006
1.14 1.92 1.3372e+006
1.14 1.94 1.04375e+006
1.14 1.96 768055
1.14 1.98 505156
1.14 2 250544
1.16 1 272825
1.16 1.02 549757
1.16 1.04 835027
1.16 1.06 1.13311e+006
1.16 1.08 1.44886e+006
1.16 1.1 1.78764e+006
1.16 1.12 2.15551e+006
1.16 1.14 2.55933e+006
1.16 1.16 3.00699e+006
1.16 1.18 3.50748e+006
1.16 1.2 4.07102e+006
1.16 1.22 4.70899e+006
1.16 1.24 5.43362e+006
1.16 1.26 6.2573e+006
1.16 1.28 7.19113e+006
1.16 1.3 8.24249e+006
1.16 1.32 9.41138e+006
1.16 1.34 1.06855e+007
1.16 1.36 1.20351e+007
1.16 1.38 1.34097e+007
1.16 1.4 1.47396e+007
1.16 1.42 1.59466e+007
1.16 1.44 1.69581e+007
1.16 1.46 1.77174e+007
1.16 1.48 1.81868e+007
1.16 1.5 1.83454e+007
1.16 1.52 1.81868e+007
1.16 1.54 1.77174e+007
1.16 1.56 1.69581e+007
1.16 1.58 1.59466e+007
1.16 1.6 1.47396e+007
1.16 1.62 1.34097e+007
1.16 1.64 1.20352e+007
1.16 1.66 1.06855e+007
1.16 1.68 9.41139e+006
1.16 1.7 8.2425e+006
1.16 1.72 7.19115e+006
1.16 1.74 6.25733e+006
1.16 1.76 5.43365e+006
1.16 1.78 4.70902e+006
1.16 1.8 4.07106e+006
1.16 1.82 3.50752e+006
1.16 1.84 3.00704e+006
1.16 1.86 2.55939e+006
1.16 1.88 2.15557e+006
1.16 1.9 1.78771e+006
1.16 1.92 1.44893e+006
1.16 1.94 1.13318e+006
1.16 1.96 835093
1.16 1.98 549809
1.16 2 272853
1.18 1 291040
1.18 1.02 586095
1.18 1.04 889279
1.18 1.06 1.2049e+006
1.18 1.08 1.53757e+006
1.18 1.1 1.89229e+006
1.18 1.12 2.27456e+006
1.18 1.14 2.69049e+006
1.18 1.16 3.14681e+006
1.18 1.18 3.65096e+006
1.18 1.2 4.21096e+006
1.18 1.22 4.83524e+006
1.18 1.24 5.53218e+006
1.18 1.26 6.30928e+006
1.18 1.28 7.17186e+006
1.18 1.3 8.12118e+006
1.18 1.32 9.15183e+006
1.18 1.34 1.02489e+007
1.18 1.36 1.13853e+007
1.18 1.38 1.2521e+007
1.18 1.4 1.36052e+007
1.18 1.42 1.45823e+007
1.18 1.44 1.53998e+007
1.18 1.46 1.60143e+007
1.18 1.48 1.6395e+007
1.18 1.5 1.65239e+007
1.18 1.52 1.6395e+007
1.18 1.54 1.60143e+007
1.18 1.56 1.53998e+007
1.18 1.58 1.45824e+007
1.18 1.6 1.36052e+007
1.18 1.62 1.2521e+007
1.18 1.64 1.13853e+007
1.18 1.66 1.02489e+007
1.18 1.68 9.15184e+006
1.18 1.7 8.1212e+006
1.18 1.72 7.17188e+006
1.18 1.74 6.3093e+006
1.18 1.76 5.53221e+006
1.18 1.78 4.83527e+006
1.18 1.8 4.21099e+006
1.18 1.82 3.651e+006
1.18 1.84 3.14686e+006
1.18 1.86 2.69054e+006
1.18 1.88 2.27462e+006
1.18 1.9 1.89234e+006
1.18 1.92 1.53763e+006
1.18 1.94 1.20496e+006
1.18 1.96 889328
1.18 1.98 586132
1.18 2 291060
1.2 1 305240
1.2 1.02 614305
1.2 1.04 931092
1.2 1.06 1.25965e+006
1.2 1.08 1.60423e+006
1.2 1.1 1.96938e+006
1.2 1.12 2.35997e+006
1.2 1.14 2.78125e+006
1.2 1.16 3.23881e+006
1.2 1.18 3.73858e+006
1.2 1.2 4.28661e+006
1.2 1.22 4.88885e+006
1.2 1.24 5.55058e+006
1.2 1.26 6.27576e+006
1.2 1.28 7.06587e+006
1.2 1.3 7.91855e+006
1.2 1.32 8.8259e+006
1.2 1.34 9.77286e+006
1.2 1.36 1.0736e+007
1.2 1.38 1.16838e+007
1.2 1.4 1.25779e+007
1.2 1.42 1.33778e+007
1.2 1.44 1.40444e+007
1.2 1.46 1.4545e+007
1.2 1.48 1.48552e+007
1.2 1.5 1.49602e+007
1.2 1.52 1.48552e+007
1.2 1.54 1.4545e+007
1.2 1.56 1.40444e+007
1.2 1.58 1.33778e+007
1.2 1.6 1.25779e+007
1.2 1.62 1.16838e+007
1.2 1.64 1.0736e+007
1.2 1.66 9.77287e+006
1.2 1.68 8.82591e+006
1.2 1.7 7.91856e+006
1.2 1.72 7.06589e+006
1.2 1.74 6.27578e+006
1.2 1.76 5.55061e+006
1.2 1.78 4.88887e+006
1.2 1.8 4.28665e+006
1.2 1.82 3.73861e+006
1.2 1.84 3.23885e+006
1.2 1.86 2.78129e+006
1.2 1.88 2.36001e+006
1.2 1.9 1.96942e+006
1.2 1.92 1.60427e+006
1.2 1.94 1.25969e+006
1.2 1.96 931129
1.2 1.98 614332
1.2 2 305254
1.22 1 315615
1.22 1.02 634791
1.22 1.04 961138
1.22 1.06 1.29836e+006
1.22 1.08 1.65032e+006
1.22 1.1 2.02103e+006
1.22 1.12 2.41469e+006
1.22 1.14 2.83571e+006
1.22 1.16 3.28861e+006
1.22 1.18 3.77793e+006
1.22 1.2 4.30807e+006
1.22 1.22 4.88294e+006
1.22 1.24 5.50554e+006
1.22 1.26 6.17731e+006
1.22 1.28 6.89731e+006
1.22 1.3 7.66123e+006
1.22 1.32 8.46035e+006
1.22 1.34 9.28063e+006
1.22 1.36 1.01023e+007
1.22 1.38 1.09001e+007
1.22 1.4 1.1645e+007
1.22 1.42 1.23064e+007
1.22 1.44 1.28551e+007
1.22 1.46 1.32661e+007
1.22 1.48 1.35205e+007
1.22 1.5 1.36066e+007
1.22 1.52 1.35205e+007
1.22 1.54 1.32661e+007
1.22 1.56 1.28551e+007
1.22 1.58 1.23064e+007
1.22 1.6 1.1645e+007
1.22 1.62 1.09001e+007
1.22 1.64 1.01023e+007
1.22 1.66 9.28064e+006
1.22 1.68 8.46036e+006
1.22 1.7 7.66125e+006
1.22 1.72 6.89733e+006
1.22 1.74 6.17733e+006
1.22 1.76 5.50557e+006
1.22 1.78 4.88297e+006
1.22 1.8 4.3081e+006
1.22 1.82 3.77796e+006
1.22 1.84 3.28864e+006
1.22 1.86 2.83575e+006
1.22 1.88 2.41473e+006
1.22 1.9 2.02106e+006
1.22 1.92 1.65036e+006
1.22 1.94 1.2984e+006
1.22 1.96 961167
1.22 1.98 634812
1.22 2 315626
1.24 1 322430
1.24 1.02 648107
1.24 1.04 980305
1.24 1.06 1.32236e+006
1.24 1.08 1.67766e+006
1.24 1.1 2.04971e+006
1.24 1.12 2.44206e+006
1.24 1.14 2.8583e+006
1.24 1.16 3.30198e+006
1.24 1.18 3.77647e+006
1.24 1.2 4.2848e+006
1.24 1.22 4.82931e+006
1.24 1.24 5.41134e+006
1.24 1.26 6.03064e+006
1.24 1.28 6.68483e+006
1.24 1.3 7.36872e+006
1.24 1.32 8.07364e+006
1.24 1.34 8.78704e+006
1.24 1.36 9.49231e+006
1.24 1.38 1.01694e+007
1.24 1.4 1.07956e+007
1.24 1.42 1.13477e+007
1.24 1.44 1.18034e+007
1.24 1.46 1.21437e+007
1.24 1.48 1.2354e+007
1.24 1.5 1.24251e+007
1.24 1.52 1.2354e+007
1.24 1.54 1.21437e+007
1.24 1.56 1.18034e+007
1.24 1.58 1.13477e+007
1.24 1.6 1.07956e+007
1.24 1.62 1.01694e+007
1.24 1.64 9.49232e+006
1.24 1.66 8.78705e+006
1.24 1.68 8.07366e+006
1.24 1.7 7.36873e+006
1.24 1.72 6.68485e+006
1.24 1.74 6.03066e+006
1.24 1.76 5.41136e+006
1.24 1.78 4.82934e+006
1.24 1.8 4.28482e+006
1.24 1.82 3.7765e+006
1.24 1.84 3.30201e+006
1.24 1.86 2.85833e+006
1.24 1.88 2.44209e+006
1.24 1.9 2.04974e+006
1.24 1.92 1.67769e+006
1.24 1.94 1.32238e+006
1.24 1.96 980327
1.24 1.98 648123
1.24 2 322439
1.26 1 325999
1.26 1.02 654901
1.26 1.04 989619
1.26 1.06 1.33309e+006
1.26 1.08 1.68826e+006
1.26 1.1 2.0581e+006
1.26 1.12 2.44554e+006
1.26 1.14 2.85345e+006
1.26 1.16 3.28453e+006
1.26 1.18 3.74118e+006
1.26 1.2 4.22533e+006
1.26 1.22 4.73818e+006
1.26 1.24 5.27985e+006
1.26 1.26 5.84906e+006
1.26 1.28 6.44266e+006
1.26 1.3 7.05517e+006
1.26 1.32 7.67847e+006
1.26 1.34 8.30155e+006
1.26 1.36 8.9106e+006
1.26 1.38 9.48942e+006
1.26 1.4 1.00203e+007
1.26 1.42 1.04853e+007
1.26 1.44 1.08672e+007
1.26 1.46 1.11515e+007
1.26 1.48 1.13267e+007
1.26 1.5 1.1386e+007
1.26 1.52 1.13267e+007
1.26 1.54 1.11515e+007
1.26 1.56 1.08672e+007
1.26 1.58 1.04853e+007
1.26 1.6 1.00203e+007
1.26 1.62 9.48943e+006
1.26 1.64 8.91061e+006
1.26 1.66 8.30156e+006
1.26 1.68 7.67849e+006
1.26 1.7 7.05519e+006
1.26 1.72 6.44267e+006
1.26 1.74 5.84908e+006
1.26 1.76 5.27987e+006
1.26 1.78 4.7382e+006
1.26 1.8 4.22536e+006
1.26 1.82 3.74121e+006
1.26 1.84 3.28456e+006
1.26 1.86 2.85348e+006
1.26 1.88 2.44557e+006
1.26 1.9 2.05812e+006
1.26 1.92 1.68829e+006
1.26 1.94 1.33311e+006
1.26 1.96 989637
1.26 1.98 654913
1.26 2 326005
1.28 1 326665
1.28 1.02 655877
1.28 1.04 990183
1.28 1.06 1.33212e+006
1.28 1.08 1.68419e+006
1.28 1.1 2.04888e+006
1.28 1.12 2.42855e+006
1.28 1.14 2.82543e+006
1.28 1.16 3.24151e+006
1.28 1.18 3.67839e+006
1.28 1.2 4.13718e+006
1.28 1.22 4.6182e+006
1.28 1.24 5.12082e+006
1.28 1.26 5.64311e+006
1.28 1.28 6.18156e+006
1.28 1.3 6.73084e+006
1.28 1.32 7.28352e+006
1.28 1.34 7.83011e+006
1.28 1.36 8.3591e+006
1.28 1.38 8.85741e+006
1.28 1.4 9.31103e+006
1.28 1.42 9.70587e+006
1.28 1.44 1.00287e+007
1.28 1.46 1.02682e+007
1.28 1.48 1.04155e+007
1.28 1.5 1.04652e+007
1.28 1.52 1.04155e+007
1.28 1.54 1.02682e+007
1.28 1.56 1.00287e+007
1.28 1.58 9.70588e+006
1.28 1.6 9.31104e+006
1.28 1.62 8.85742e+006
1.28 1.64 8.35911e+006
1.28 1.66 7.83012e+006
1.28 1.68 7.28354e+006
1.28 1.7 6.73085e+006
1.28 1.72 6.18158e+006
1.28 1.74 5.64313e+006
1.28 1.76 5.12084e+006
1.28 1.78 4.61822e+006
1.28 1.8 4.1372e+006
1.28 1.82 3.67842e+006
1.28 1.84 3.24153e+006
1.28 1.86 2.82545e+006
1.28 1.88 2.42857e+006
1.28 1.9 2.0489e+006
1.28 1.92 1.68421e+006
1.28 1.94 1.33214e+006
1.28 1.96 990197
1.28 1.98 655887
1.28 2 326670
1.3 1 324783
1.3 1.02 651761
1.3 1.04 983118
1.3 1.06 1.32101e+006
1.3 1.08 1.66752e+006
1.3 1.1 2.02468e+006
1.3 1.12 2.39435e+006
1.3 1.14 2.77822e+006
1.3 1.16 3.17767e+006
1.3 1.18 3.59371e+006
1.3 1.2 4.02678e+006
1.3 1.22 4.47664e+006
1.3 1.24 4.94213e+006
1.3 1.26 5.42099e+006
1.3 1.28 5.90965e+006
1.3 1.3 6.40308e+006
1.3 1.32 6.89468e+006
1.3 1.34 7.37626e+006
1.3 1.36 7.83827e+006
1.3 1.38 8.27009e+006
1.3 1.4 8.66053e+006
1.3 1.42 8.99847e+006
1.3 1.44 9.27358e+006
1.3 1.46 9.47698e+006
1.3 1.48 9.60187e+006
1.3 1.5 9.64399e+006
1.3 1.52 9.60188e+006
1.3 1.54 9.47698e+006
1.3 1.56 9.27358e+006
1.3 1.58 8.99847e+006
1.3 1.6 8.66054e+006
1.3 1.62 8.2701e+006
1.3 1.64 7.83828e+006
1.3 1.66 7.37627e+006
1.3 1.68 6.89469e+006
1.3 1.7 6.4031e+006
1.3 1.72 5.90966e+006
1.3 1.74 5.421e+006
1.3 1.76 4.94214e+006
1.3 1.78 4.47666e+006
1.3 1.8 4.0268e+006
1.3 1.82 3.59373e+006
1.3 1.84 3.17769e+006
1.3 1.86 2.77824e+006
1.3 1.88 2.39437e+006
1.3 1.9 2.02469e+006
1.3 1.92 1.66754e+006
1.3 1.94 1.32102e+006
1.3 1.96 983130
1.3 1.98 651769
1.3 2 324787
1.32 1 320704
1.32 1.02 643267
1.32 1.04 969523
1.32 1.06 1.30126e+006
1.32 1.08 1.64021e+006
1.32 1.1 1.98796e+006
1.32 1.12 2.34595e+006
1.32 1.14 2.71541e+006
1.32 1.16 3.09725e+006
1.32 1.18 3.49199e+006
1.32 1.2 3.8996e+006
1.32 1.22 4.31945e+006
1.32 1.24 4.75006e+006
1.32 1.26 5.18906e+006
1.32 1.28 5.63297e+006
1.32 1.3 6.07717e+006
1.32 1.32 6.51583e+006
1.32 1.34 6.94198e+006
1.32 1.36 7.34765e+006
1.32 1.38 7.72416e+006
1.32 1.4 8.06252e+006
1.32 1.42 8.3539e+006
1.32 1.44 8.59015e+006
1.32 1.46 8.7643e+006
1.32 1.48 8.87102e+006
1.32 1.5 8.90698e+006
1.32 1.52 8.87102e+006
1.32 1.54 8.7643e+006
1.32 1.56 8.59015e+006
1.32 1.58 8.35391e+006
1.32 1.6 8.06252e+006
1.32 1.62 7.72416e+006
1.32 1.64 7.34765e+006
1.32 1.66 6.94199e+006
1.32 1.68 6.51584e+006
1.32 1.7 6.07718e+006
1.32 1.72 5.63298e+006
1.32 1.74 5.18907e+006
1.32 1.76 4.75008e+006
1.32 1.78 4.31946e+006
1.32 1.8 3.89962e+006
1.32 1.82 3.492e+006
1.32 1.84 3.09727e+006
1.32 1.86 2.71543e+006
1.32 1.88 2.34597e+006
1.32 1.9 1.98797e+006
1.32 1.92 1.64022e+006
1.32 1.94 1.30128e+006
1.32 1.96 969532
1.32 1.98 643273
1.32 2 320708
1.34 1 314769
1.34 1.02 631078
1.34 1.04 950442
1.34 1.06 1.27432e+006
1.34 1.08 1.60409e+006
1.34 1.1 1.94099e+006
1.34 1.12 2.28609e+006
1.34 1.14 2.64023e+006
1.34 1.16 3.00395e+006
1.34 1.18 3.37738e+006
1.34 1.2 3.7602e+006
1.34 1.22 4.15148e+006
1.34 1.24 4.54961e+006
1.34 1.26 4.95221e+006
1.34 1.28 5.356e+006
1.34 1.3 5.7568e+006
1.34 1.32 6.14951e+006
1.34 1.34 6.52818e+006
1.34 1.36 6.88617e+006
1.34 1.38 7.21637e+006
1.34 1.4 7.51149e+006
1.34 1.42 7.76447e+006
1.34 1.44 7.96882e+006
1.34 1.46 8.11904e+006
1.34 1.48 8.21094e+006
1.34 1.5 8.24186e+006
1.34 1.52 8.21094e+006
1.34 1.54 8.11905e+006
1.34 1.56 7.96882e+006
1.34 1.58 7.76447e+006
1.34 1.6 7.51149e+006
1.34 1.62 7.21637e+006
1.34 1.64 6.88618e+006
1.34 1.66 6.52819e+006
1.34 1.68 6.14952e+006
1.34 1.7 5.75681e+006
1.34 1.72 5.35601e+006
1.34 1.74 4.95222e+006
1.34 1.76 4.54963e+006
1.34 1.78 4.15149e+006
1.34 1.8 3.76021e+006
1.34 1.82 3.37739e+006
1.34 1.84 3.00396e+006
1.34 1.86 2.64025e+006
1.34 1.88 2.2861e+006
1.34 1.9 1.941e+006
1.34 1.92 1.6041e+006
1.34 1.94 1.27433e+006
1.34 1.96 950450
1.34 1.98 631083
1.34 2 314771
1.36 1 307292
1.36 1.02 615834
1.36 1.04 926846
1.36 1.06 1.24149e+006
1.36 1.08 1.56083e+006
1.36 1.1 1.88581e+006
1.36 1.12 2.21719e+006
1.36 1.14 2.55548e+006
1.36 1.16 2.90092e+006
1.36 1.18 3.25339e+006
1.36 1.2 3.61233e+006
1.36 1.22 3.97665e+006
1.36 1.24 4.34471e+006
1.36 1.26 4.71417e+006
1.36 1.28 5.08202e+006
1.36 1.3 5.44452e+006
1.36 1.32 5.79722e+006
1.36 1.34 6.13507e+006
1.36 1.36 6.45249e+006
1.36 1.38 6.74365e+006
1.36 1.4 7.0026e+006
1.36 1.42 7.22366e+006
1.36 1.44 7.40162e+006
1.36 1.46 7.53212e+006
1.36 1.48 7.61181e+006
1.36 1.5 7.63861e+006
1.36 1.52 7.61181e+006
1.36 1.54 7.53212e+006
1.36 1.56 7.40163e+006
1.36 1.58 7.22366e+006
1.36 1.6 7.0026e+006
1.36 1.62 6.74365e+006
1.36 1.64 6.4525e+006
1.36 1.66 6.13507e+006
1.36 1.68 5.79723e+006
1.36 1.7 5.44453e+006
1.36 1.72 5.08203e+006
1.36 1.74 4.71418e+006
1.36 1.76 4.34472e+006
1.36 1.78 3.97667e+006
1.36 1.8 3.61234e+006
1.36 1.82 3.2534e+006
1.36 1.84 2.90093e+006
1.36 1.86 2.55549e+006
1.36 1.88 2.2172e+006
1.36 1.9 1.88583e+006
1.36 1.92 1.56084e+006
1.36 1.94 1.2415e+006
1.36 1.96 926853
1.36 1.98 615839
1.36 2 307294
1.38 1 298566
1.38 1.02 598119
1.38 1.04 899619
1.38 1.06 1.20396e+006
1.38 1.08 1.51195e+006
1.38 1.1 1.82425e+006
1.38 1.12 2.14136e+006
1.38 1.14 2.46357e+006
1.38 1.16 2.79087e+006
1.38 1.18 3.12294e+006
1.38 1.2 3.45906e+006
1.38 1.22 3.7981e+006
1.38 1.24 4.13839e+006
1.38 1.26 4.47774e+006
1.38 1.28 4.8134e+006
1.38 1.3 5.14203e+006
1.38 1.32 5.45979e+006
1.38 1.34 5.76237e+006
1.38 1.36 6.04509e+006
1.38 1.38 6.30312e+006
1.38 1.4 6.53161e+006
1.38 1.42 6.72593e+006
1.38 1.44 6.8819e+006
1.38 1.46 6.996e+006
1.38 1.48 7.06558e+006
1.38 1.5 7.08896e+006
1.38 1.52 7.06558e+006
1.38 1.54 6.99601e+006
1.38 1.56 6.8819e+006
1.38 1.58 6.72593e+006
1.38 1.6 6.53161e+006
1.38 1.62 6.30313e+006
1.38 1.64 6.0451e+006
1.38 1.66 5.76237e+006
1.38 1.68 5.4598e+006
1.38 1.7 5.14204e+006
1.38 1.72 4.8134e+006
1.38 1.74 4.47775e+006
1.38 1.76 4.1384e+006
1.38 1.78 3.79811e+006
1.38 1.8 3.45908e+006
1.38 1.82 3.12295e+006
1.38 1.84 2.79088e+006
1.38 1.86 2.46358e+006
1.38 1.88 2.14137e+006
1.38 1.9 1.82426e+006
1.38 1.92 1.51196e+006
1.38 1.94 1.20397e+006
1.38 1.96 899624
1.38 1.98 598123
1.38 2 298568
1.4 1 288852
1.4 1.02 578459
1.4 1.04 869548
1.4 1.06 1.16278e+006
1.4 1.08 1.45874e+006
1.4 1.1 1.75787e+006
1.4 1.12 2.06045e+006
1.4 1.14 2.36657e+006
1.4 1.16 2.67604e+006
1.4 1.18 2.98842e+006
1.4 1.2 3.3029e+006
1.4 1.22 3.61829e+006
1.4 1.24 3.93301e+006
1.4 1.26 4.24501e+006
1.4 1.28 4.55179e+006
1.4 1.3 4.85042e+006
1.4 1.32 5.13755e+006
1.4 1.34 5.40951e+006
1.4 1.36 5.66238e+006
1.4 1.38 5.89214e+006
1.4 1.4 6.09479e+006
1.4 1.42 6.26655e+006
1.4 1.44 6.40404e+006
1.4 1.46 6.50442e+006
1.4 1.48 6.56554e+006
1.4 1.5 6.58606e+006
1.4 1.52 6.56554e+006
1.4 1.54 6.50442e+006
1.4 1.56 6.40405e+006
1.4 1.58 6.26656e+006
1.4 1.6 6.09479e+006
1.4 1.62 5.89214e+006
1.4 1.64 5.66239e+006
1.4 1.66 5.40952e+006
1.4 1.68 5.13756e+006
1.4 1.7 4.85042e+006
1.4 1.72 4.5518e+006
1.4 1.74 4.24502e+006
1.4 1.76 3.93302e+006
1.4 1.78 3.6183e+006
1.4 1.8 3.30291e+006
1.4 1.82 2.98843e+006
1.4 1.84 2.67605e+006
1.4 1.86 2.36657e+006
1.4 1.88 2.06046e+006
1.4 1.9 1.75788e+006
1.4 1.92 1.45875e+006
1.4 1.94 1.16279e+006
1.4 1.96 869553
1.4 1.98 578463
1.4 2 288854
1.42 1 278383
1.42 1.02 557318
1.42 1.04 837330
1.42 1.06 1.11889e+006
1.42 1.08 1.40237e+006
1.42 1.1 1.68804e+006
1.42 1.12 1.97601e+006
1.42 1.14 2.2662e+006
1.42 1.16 2.55832e+006
1.42 1.18 2.8518e+006
1.42 1.2 3.14581e+006
1.42 1.22 3.43917e+006
1.42 1.24 3.73035e+006
1.42 1.26 4.01749e+006
1.42 1.28 4.29833e+006
1.42 1.3 4.57029e+006
1.42 1.32 4.83048e+006
1.42 1.34 5.07575e+006
1.42 1.36 5.3028e+006
1.42 1.38 5.50826e+006
1.42 1.4 5.68885e+006
1.42 1.42 5.84145e+006
1.42 1.44 5.9633e+006
1.42 1.46 6.05209e+006
1.42 1.48 6.10609e+006
1.42 1.5 6.12421e+006
1.42 1.52 6.10609e+006
1.42 1.54 6.05209e+006
1.42 1.56 5.9633e+006
1.42 1.58 5.84145e+006
1.42 1.6 5.68885e+006
1.42 1.62 5.50827e+006
1.42 1.64 5.3028e+006
1.42 1.66 5.07575e+006
1.42 1.68 4.83049e+006
1.42 1.7 4.5703e+006
1.42 1.72 4.29834e+006
1.42 1.74 4.0175e+006
1.42 1.76 3.73036e+006
1.42 1.78 3.43917e+006
1.42 1.8 3.14582e+006
1.42 1.82 2.85181e+006
1.42 1.84 2.55832e+006
1.42 1.86 2.26621e+006
1.42 1.88 1.97602e+006
1.42 1.9 1.68805e+006
1.42 1.92 1.40238e+006
1.42 1.94 1.11889e+006
1.42 1.96 837334
1.42 1.98 557321
1.42 2 278384
1.44 1 267361
1.44 1.02 535099
1.44 1.04 803567
1.44 1.06 1.07306e+006
1.44 1.08 1.34381e+006
1.44 1.1 1.61591e+006
1.44 1.12 1.88934e+006
1.44 1.14 2.16391e+006
1.44 1.16 2.43922e+006
1.44 1.18 2.71466e+006
1.44 1.2 2.98937e+006
1.44 1.22 3.26221e+006
1.44 1.24 3.53174e+006
1.44 1.26 3.79626e+006
1.44 1.28 4.05376e+006
1.44 1.3 4.30195e+006
1.44 1.32 4.53832e+006
1.44 1.34 4.76021e+006
1.44 1.36 4.96479e+006
1.44 1.38 5.14927e+006
1.44 1.4 5.31089e+006
1.44 1.42 5.4471e+006
1.44 1.44 5.55562e+006
1.44 1.46 5.63456e+006
1.44 1.48 5.68251e+006
1.44 1.5 5.6986e+006
1.44 1.52 5.68251e+006
1.44 1.54 5.63456e+006
1.44 1.56 5.55562e+006
1.44 1.58 5.4471e+006
1.44 1.6 5.31089e+006
1.44 1.62 5.14927e+006
1.44 1.64 4.9648e+006
1.44 1.66 4.76021e+006
1.44 1.68 4.53833e+006
1.44 1.7 4.30195e+006
1.44 1.72 4.05376e+006
1.44 1.74 3.79627e+006
1.44 1.76 3.53175e+006
1.44 1.78 3.26222e+006
1.44 1.8 2.98938e+006
1.44 1.82 2.71467e+006
1.44 1.84 2.43923e+006
1.44 1.86 2.16391e+006
1.44 1.88 1.88935e+006
1.44 1.9 1.61592e+006
1.44 1.92 1.34381e+006
1.44 1.94 1.07307e+006
1.44 1.96 803571
1.44 1.98 535102
1.44 2 267362
1.46 1 255960
1.46 1.02 512151
1.46 1.04 768776
1.46 1.06 1.02599e+006
1.46 1.08 1.28389e+006
1.46 1.1 1.54245e+006
1.46 1.12 1.80154e+006
1.46 1.14 2.06087e+006
1.46 1.16 2.31999e+006
1.46 1.18 2.57826e+006
1.46 1.2 2.83481e+006
1.46 1.22 3.08855e+006
1.46 1.24 3.33815e+006
1.46 1.26 3.58206e+006
1.46 1.28 3.81848e+006
1.46 1.3 4.04541e+006
1.46 1.32 4.26067e+006
1.46 1.34 4.46195e+006
1.46 1.36 4.6469e+006
1.46 1.38 4.81312e+006
1.46 1.4 4.95834e+006
1.46 1.42 5.08043e+006
1.46 1.44 5.17751e+006
1.46 1.46 5.24802e+006
1.46 1.48 5.29081e+006
1.46 1.5 5.30515e+006
1.46 1.52 5.29081e+006
1.46 1.54 5.24802e+006
1.46 1.56 5.17751e+006
1.46 1.58 5.08043e+006
1.46 1.6 4.95835e+006
1.46 1.62 4.81313e+006
1.46 1.64 4.6469e+006
1.46 1.66 4.46196e+006
1.46 1.68 4.26067e+006
1.46 1.7 4.04541e+006
1.46 1.72 3.81849e+006
1.46 1.74 3.58207e+006
1.46 1.76 3.33816e+006
1.46 1.78 3.08855e+006
1.46 1.8 2.83481e+006
1.46 1.82 2.57827e+006
1.46 1.84 2.32e+006
1.46 1.86 2.06088e+006
1.46 1.88 1.80154e+006
1.46 1.9 1.54245e+006
1.46 1.92 1.28389e+006
1.46 1.94 1.026e+006
1.46 1.96 768779
1.46 1.98 512153
1.46 2 255961
1.48 1 244331
1.48 1.02 488767
1.48 1.04 733392
1.48 1.06 978247
1.48 1.08 1.22331e+006
1.48 1.1 1.46846e+006
1.48 1.12 1.71349e+006
1.48 1.14 1.95804e+006
1.48 1.16 2.20162e+006
1.48 1.18 2.44357e+006
1.48 1.2 2.68305e+006
1.48 1.22 2.91902e+006
1.48 1.24 3.15026e+006
1.48 1.26 3.37535e+006
1.48 1.28 3.5927e+006
1.48 1.3 3.80054e+006
1.48 1.32 3.99698e+006
1.48 1.34 4.18005e+006
1.48 1.36 4.34772e+006
1.48 1.38 4.49798e+006
1.48 1.4 4.62893e+006
1.48 1.42 4.73877e+006
1.48 1.44 4.82596e+006
1.48 1.46 4.8892e+006
1.48 1.48 4.92755e+006
1.48 1.5 4.94039e+006
1.48 1.52 4.92755e+006
1.48 1.54 4.88921e+006
1.48 1.56 4.82596e+006
1.48 1.58 4.73878e+006
1.48 1.6 4.62893e+006
1.48 1.62 4.49799e+006
1.48 1.64 4.34772e+006
1.48 1.66 4.18005e+006
1.48 1.68 3.99699e+006
1.48 1.7 3.80055e+006
1.48 1.72 3.59271e+006
1.48 1.74 3.37536e+006
1.48 1.76 3.15027e+006
1.48 1.78 2.91903e+006
1.48 1.8 2.68306e+006
1.48 1.82 2.44358e+006
1.48 1.84 2.20163e+006
1.48 1.86 1.95805e+006
1.48 1.88 1.71349e+006
1.48 1.9 1.46847e+006
1.48 1.92 1.22331e+006
1.48 1.94 978250
1.48 1.96 733394
1.48 1.98 488768
1.48 2 244331
1.5 1 232595
1.5 1.02 465193
1.5 1.04 697778
1.5 1.06 930294
1.5 1.08 1.16263e+006
1.5 1.1 1.3946e+006
1.5 1.12 1.62591e+006
1.5 1.14 1.85618e+006
1.5 1.16 2.08489e+006
1.5 1.18 2.31136e+006
1.5 1.2 2.5348e+006
1.5 1.22 2.75423e+006
1.5 1.24 2.96852e+006
1.5 1.26 3.17639e+006
1.5 1.28 3.37642e+006
1.5 1.3 3.56707e+006
1.5 1.32 3.74668e+006
1.5 1.34 3.91354e+006
1.5 1.36 4.06594e+006
1.5 1.38 4.20217e+006
1.5 1.4 4.32061e+006
1.5 1.42 4.41977e+006
1.5 1.44 4.49836e+006
1.5 1.46 4.55529e+006
1.5 1.48 4.58978e+006
1.5 1.5 4.60133e+006
1.5 1.52 4.58978e+006
1.5 1.54 4.55529e+006
1.5 1.56 4.49836e+006
1.5 1.58 4.41977e+006
1.5 1.6 4.32061e+006
1.5 1.62 4.20217e+006
1.5 1.64 4.06594e+006
1.5 1.66 3.91355e+006
1.5 1.68 3.74668e+006
1.5 1.7 3.56707e+006
1.5 1.72 3.37643e+006
1.5 1.74 3.1764e+006
1.5 1.76 2.96852e+006
1.5 1.78 2.75423e+006
1.5 1.8 2.5348e+006
1.5 1.82 2.31137e+006
1.5 1.84 2.08489e+006
1.5 1.86 1.85619e+006
1.5 1.88 1.62592e+006
1.5 1.9 1.3946e+006
1.5 1.92 1.16263e+006
1.5 1.94 930297
1.5 1.96 697780
1.5 1.98 465195
1.5 2 232596
1.52 1 220857
1.52 1.02 441633
1.52 1.04 662232
1.52 1.06 882522
1.52 1.08 1.10232e+006
1.52 1.1 1.32139e+006
1.52 1.12 1.53938e+006
1.52 1.14 1.75589e+006
1.52 1.16 1.97038e+006
1.52 1.18 2.18219e+006
1.52 1.2 2.39055e+006
1.52 1.22 2.59456e+006
1.52 1.24 2.79319e+006
1.52 1.26 2.98527e+006
1.52 1.28 3.16954e+006
1.52 1.3 3.34463e+006
1.52 1.32 3.50911e+006
1.52 1.34 3.6615e+006
1.52 1.36 3.80033e+006
1.52 1.38 3.92414e+006
1.52 1.4 4.03157e+006
1.52 1.42 4.12135e+006
1.52 1.44 4.1924e+006
1.52 1.46 4.24382e+006
1.52 1.48 4.27495e+006
1.52 1.5 4.28537e+006
1.52 1.52 4.27495e+006
1.52 1.54 4.24382e+006
1.52 1.56 4.1924e+006
1.52 1.58 4.12135e+006
1.52 1.6 4.03157e+006
1.52 1.62 3.92415e+006
1.52 1.64 3.80033e+006
1.52 1.66 3.66151e+006
1.52 1.68 3.50911e+006
1.52 1.7 3.34463e+006
1.52 1.72 3.16954e+006
1.52 1.74 2.98527e+006
1.52 1.76 2.79319e+006
1.52 1.78 2.59457e+006
1.52 1.8 2.39056e+006
1.52 1.82 2.18219e+006
1.52 1.84 1.97038e+006
1.52 1.86 1.7559e+006
1.52 1.88 1.53939e+006
1.52 1.9 1.32139e+006
1.52 1.92 1.10233e+006
1.52 1.94 882525
1.52 1.96 662234
1.52 1.98 441634
1.52 2 220857
1.54 1 209199
1.54 1.02 418251
1.54 1.04 626994
1.54 1.06 835239
1.54 1.08 1.04275e+006
1.54 1.1 1.24924e+006
1.54 1.12 1.45434e+006
1.54 1.14 1.65762e+006
1.54 1.16 1.85854e+006
1.54 1.18 2.05646e+006
1.54 1.2 2.25066e+006
1.54 1.22 2.44029e+006
1.54 1.24 2.6244e+006
1.54 1.26 2.80196e+006
1.54 1.28 2.97182e+006
1.54 1.3 3.1328e+006
1.54 1.32 3.28363e+006
1.54 1.34 3.42303e+006
1.54 1.36 3.54973e+006
1.54 1.38 3.6625e+006
1.54 1.4 3.76017e+006
1.54 1.42 3.84167e+006
1.54 1.44 3.90608e+006
1.54 1.46 3.95265e+006
1.54 1.48 3.98082e+006
1.54 1.5 3.99025e+006
1.54 1.52 3.98082e+006
1.54 1.54 3.95265e+006
1.54 1.56 3.90608e+006
1.54 1.58 3.84167e+006
1.54 1.6 3.76017e+006
1.54 1.62 3.66251e+006
1.54 1.64 3.54974e+006
1.54 1.66 3.42303e+006
1.54 1.68 3.28363e+006
1.54 1.7 3.1328e+006
1.54 1.72 2.97183e+006
1.54 1.74 2.80196e+006
1.54 1.76 2.62441e+006
1.54 1.78 2.44029e+006
1.54 1.8 2.25067e+006
1.54 1.82 2.05647e+006
1.54 1.84 1.85854e+006
1.54 1.86 1.65762e+006
1.54 1.88 1.45435e+006
1.54 1.9 1.24924e+006
1.54 1.92 1.04275e+006
1.54 1.94 835242
1.54 1.96 626996
1.54 1.98 418252
1.54 2 209199
1.56 1 197687
1.56 1.02 395176
1.56 1.04 592255
1.56 1.06 788690
1.56 1.08 984205
1.56 1.1 1.17848e+006
1.56 1.12 1.37113e+006
1.56 1.14 1.56171e+006
1.56 1.16 1.74969e+006
1.56 1.18 1.93447e+006
1.56 1.2 2.11534e+006
1.56 1.22 2.29153e+006
1.56 1.24 2.46218e+006
1.56 1.26 2.62634e+006
1.56 1.28 2.783e+006
1.56 1.3 2.93111e+006
1.56 1.32 3.06957e+006
1.56 1.34 3.19725e+006
1.56 1.36 3.31307e+006
1.56 1.38 3.41597e+006
1.56 1.4 3.50493e+006
1.56 1.42 3.57907e+006
1.56 1.44 3.63759e+006
1.56 1.46 3.67987e+006
1.56 1.48 3.70543e+006
1.56 1.5 3.71398e+006
1.56 1.52 3.70543e+006
1.56 1.54 3.67987e+006
1.56 1.56 3.63759e+006
1.56 1.58 3.57907e+006
1.56 1.6 3.50493e+006
1.56 1.62 3.41597e+006
1.56 1.64 3.31308e+006
1.56 1.66 3.19726e+006
1.56 1.68 3.06957e+006
1.56 1.7 2.93112e+006
1.56 1.72 2.78301e+006
1.56 1.74 2.62634e+006
1.56 1.76 2.46218e+006
1.56 1.78 2.29154e+006
1.56 1.8 2.11534e+006
1.56 1.82 1.93447e+006
1.56 1.84 1.74969e+006
1.56 1.86 1.56171e+006
1.56 1.88 1.37113e+006
1.56 1.9 1.17848e+006
1.56 1.92 984207
1.56 1.94 788692
1.56 1.96 592257
1.56 1.98 395177
1.56 2 197688
1.58 1 186374
1.58 1.02 372511
1.58 1.04 558162
1.58 1.06 743058
1.58 1.08 926898
1.58 1.1 1.10934e+006
1.58 1.12 1.28999e+006
1.58 1.14 1.4684e+006
1.58 1.16 1.64405e+006
1.58 1.18 1.81637e+006
1.58 1.2 1.9847e+006
1.58 1.22 2.14832e+006
1.58 1.24 2.30644e+006
1.58 1.26 2.45821e+006
1.58 1.28 2.60274e+006
1.58 1.3 2.73908e+006
1.58 1.32 2.86627e+006
1.58 1.34 2.98334e+006
1.58 1.36 3.08934e+006
1.58 1.38 3.18336e+006
1.58 1.4 3.26453e+006
1.58 1.42 3.33208e+006
1.58 1.44 3.38536e+006
1.58 1.46 3.42381e+006
1.58 1.48 3.44705e+006
1.58 1.5 3.45482e+006
1.58 1.52 3.44705e+006
1.58 1.54 3.42381e+006
1.58 1.56 3.38536e+006
1.58 1.58 3.33208e+006
1.58 1.6 3.26453e+006
1.58 1.62 3.18336e+006
1.58 1.64 3.08935e+006
1.58 1.66 2.98335e+006
1.58 1.68 2.86628e+006
1.58 1.7 2.73908e+006
1.58 1.72 2.60274e+006
1.58 1.74 2.45822e+006
1.58 1.76 2.30644e+006
1.58 1.78 2.14832e+006
1.58 1.8 1.9847e+006
1.58 1.82 1.81637e+006
1.58 1.84 1.64405e+006
1.58 1.86 1.4684e+006
1.58 1.88 1.28999e+006
1.58 1.9 1.10934e+006
1.58 1.92 926900
1.58 1.94 743060
1.58 1.96 558163
1.58 1.98 372512
1.58 2 186375
1.6 1 175298
1.6 1.02 350331
1.6 1.04 524824
1.6 1.06 698483
1.6 1.08 870990
1.6 1.1 1.04199e+006
1.6 1.12 1.21109e+006
1.6 1.14 1.37784e+006
1.6 1.16 1.54175e+006
1.6 1.18 1.70226e+006
1.6 1.2 1.85876e+006
1.6 1.22 2.0106e+006
1.6 1.24 2.15704e+006
1.6 1.26 2.29733e+006
1.6 1.28 2.43066e+006
1.6 1.3 2.5562e+006
1.6 1.32 2.6731e+006
1.6 1.34 2.78051e+006
1.6 1.36 2.8776e+006
1.6 1.38 2.96359e+006
1.6 1.4 3.03773e+006
1.6 1.42 3.09937e+006
1.6 1.44 3.14794e+006
1.6 1.46 3.18297e+006
1.6 1.48 3.20413e+006
1.6 1.5 3.21121e+006
1.6 1.52 3.20413e+006
1.6 1.54 3.18297e+006
1.6 1.56 3.14794e+006
1.6 1.58 3.09937e+006
1.6 1.6 3.03773e+006
1.6 1.62 2.96359e+006
1.6 1.64 2.8776e+006
1.6 1.66 2.78051e+006
1.6 1.68 2.6731e+006
1.6 1.7 2.5562e+006
1.6 1.72 2.43067e+006
1.6 1.74 2.29734e+006
1.6 1.76 2.15705e+006
1.6 1.78 2.0106e+006
1.6 1.8 1.85877e+006
1.6 1.82 1.70226e+006
1.6 1.84 1.54175e+006
1.6 1.86 1.37784e+006
1.6 1.88 1.21109e+006
1.6 1.9 1.04199e+006
1.6 1.92 870992
1.6 1.94 698485
1.6 1.96 524825
1.6 1.98 350332
1.6 2 175299
1.62 1 164488
1.62 1.02 328691
1.62 1.04 492318
1.62 1.06 655060
1.62 1.08 816590
1.62 1.1 976545
1.62 1.12 1.13454e+006
1.62 1.14 1.29013e+006
1.62 1.16 1.44284e+006
1.62 1.18 1.59215e+006
1.62 1.2 1.7375e+006
1.62 1.22 1.87827e+006
1.62 1.24 2.01381e+006
1.62 1.26 2.14342e+006
1.62 1.28 2.26638e+006
1.62 1.3 2.38196e+006
1.62 1.32 2.48941e+006
1.62 1.34 2.58798e+006
1.62 1.36 2.67696e+006
1.62 1.38 2.75566e+006
1.62 1.4 2.82344e+006
1.62 1.42 2.87974e+006
1.62 1.44 2.92406e+006
1.62 1.46 2.956e+006
1.62 1.48 2.97529e+006
1.62 1.5 2.98174e+006
1.62 1.52 2.97529e+006
1.62 1.54 2.956e+006
1.62 1.56 2.92406e+006
1.62 1.58 2.87974e+006
1.62 1.6 2.82345e+006
1.62 1.62 2.75566e+006
1.62 1.64 2.67697e+006
1.62 1.66 2.58798e+006
1.62 1.68 2.48941e+006
1.62 1.7 2.38196e+006
1.62 1.72 2.26638e+006
1.62 1.74 2.14342e+006
1.62 1.76 2.01381e+006
1.62 1.78 1.87827e+006
1.62 1.8 1.73751e+006
1.62 1.82 1.59216e+006
1.62 1.84 1.44284e+006
1.62 1.86 1.29013e+006
1.62 1.88 1.13454e+006
1.62 1.9 976547
1.62 1.92 816591
1.62 1.94 655062
1.62 1.96 492319
1.62 1.98 328692
1.62 2 164488
1.64 1 153962
1.64 1.02 307628
1.64 1.04 460696
1.64 1.06 612852
1.64 1.08 763761
1.64 1.1 913066
1.64 1.12 1.06038e+006
1.64 1.14 1.20529e+006
1.64 1.16 1.34733e+006
1.64 1.18 1.48602e+006
1.64 1.2 1.62082e+006
1.64 1.22 1.75118e+006
1.64 1.24 1.87649e+006
1.64 1.26 1.99614e+006
1.64 1.28 2.10948e+006
1.64 1.3 2.21585e+006
1.64 1.32 2.31459e+006
1.64 1.34 2.40505e+006
1.64 1.36 2.48661e+006
1.64 1.38 2.55865e+006
1.64 1.4 2.62064e+006
1.64 1.42 2.67208e+006
1.64 1.44 2.71254e+006
1.64 1.46 2.7417e+006
1.64 1.48 2.75929e+006
1.64 1.5 2.76517e+006
1.64 1.52 2.75929e+006
1.64 1.54 2.7417e+006
1.64 1.56 2.71254e+006
1.64 1.58 2.67208e+006
1.64 1.6 2.62064e+006
1.64 1.62 2.55866e+006
1.64 1.64 2.48661e+006
1.64 1.66 2.40506e+006
1.64 1.68 2.31459e+006
1.64 1.7 2.21585e+006
1.64 1.72 2.10948e+006
1.64 1.74 1.99614e+006
1.64 1.76 1.87649e+006
1.64 1.78 1.75118e+006
1.64 1.8 1.62082e+006
1.64 1.82 1.48602e+006
1.64 1.84 1.34733e+006
1.64 1.86 1.20529e+006
1.64 1.88 1.06038e+006
1.64 1.9 913068
1.64 1.92 763762
1.64 1.94 612853
1.64 1.96 460697
1.64 1.98 307628
1.64 2 153962
1.66 1 143731
1.66 1.02 287162
1.66 1.04 429987
1.66 1.06 571889
1.66 1.08 712536
1.66 1.1 851577
1.66 1.12 988636
1.66 1.14 1.12331e+006
1.66 1.16 1.25517e+006
1.66 1.18 1.38376e+006
1.66 1.2 1.50858e+006
1.66 1.22 1.62913e+006
1.66 1.24 1.74485e+006
1.66 1.26 1.85518e+006
1.66 1.28 1.95955e+006
1.66 1.3 2.05737e+006
1.66 1.32 2.14805e+006
1.66 1.34 2.23103e+006
1.66 1.36 2.30576e+006
1.66 1.38 2.3717e+006
1.66 1.4 2.42839e+006
1.66 1.42 2.47539e+006
1.66 1.44 2.51234e+006
1.66 1.46 2.53895e+006
1.66 1.48 2.555e+006
1.66 1.5 2.56037e+006
1.66 1.52 2.555e+006
1.66 1.54 2.53895e+006
1.66 1.56 2.51234e+006
1.66 1.58 2.47539e+006
1.66 1.6 2.42839e+006
1.66 1.62 2.3717e+006
1.66 1.64 2.30576e+006
1.66 1.66 2.23104e+006
1.66 1.68 2.14806e+006
1.66 1.7 2.05737e+006
1.66 1.72 1.95955e+006
1.66 1.74 1.85518e+006
1.66 1.76 1.74485e+006
1.66 1.78 1.62913e+006
1.66 1.8 1.50859e+006
1.66 1.82 1.38376e+006
1.66 1.84 1.25518e+006
1.66 1.86 1.12331e+006
1.66 1.88 988638
1.66 1.9 851578
1.66 1.92 712537
1.66 1.94 571890
1.66 1.96 429988
1.66 1.98 287163
1.66 2 143732
1.68 1 133802
1.68 1.02 267303
1.68 1.04 400200
1.68 1.06 532180
1.68 1.08 662917
1.68 1.1 792069
1.68 1.12 919274
1.68 1.14 1.04415e+006
1.68 1.16 1.16629e+006
1.68 1.18 1.28527e+006
1.68 1.2 1.40063e+006
1.68 1.22 1.5119e+006
1.68 1.24 1.61858e+006
1.68 1.26 1.72018e+006
1.68 1.28 1.81616e+006
1.68 1.3 1.90601e+006
1.68 1.32 1.98922e+006
1.68 1.34 2.06527e+006
1.68 1.36 2.13369e+006
1.68 1.38 2.19401e+006
1.68 1.4 2.24582e+006
1.68 1.42 2.28875e+006
1.68 1.44 2.32248e+006
1.68 1.46 2.34676e+006
1.68 1.48 2.3614e+006
1.68 1.5 2.36629e+006
1.68 1.52 2.3614e+006
1.68 1.54 2.34676e+006
1.68 1.56 2.32248e+006
1.68 1.58 2.28875e+006
1.68 1.6 2.24582e+006
1.68 1.62 2.19401e+006
1.68 1.64 2.13369e+006
1.68 1.66 2.06528e+006
1.68 1.68 1.98922e+006
1.68 1.7 1.90602e+006
1.68 1.72 1.81616e+006
1.68 1.74 1.72018e+006
1.68 1.76 1.61859e+006
1.68 1.78 1.5119e+006
1.68 1.8 1.40063e+006
1.68 1.82 1.28527e+006
1.68 1.84 1.16629e+006
1.68 1.86 1.04415e+006
1.68 1.88 919275
1.68 1.9 792070
1.68 1.92 662918
1.68 1.94 532181
1.68 1.96 400201
1.68 1.98 267304
1.68 2 133802
1.7 1 124172
1.7 1.02 248048
1.7 1.04 371331
1.7 1.06 493715
1.7 1.08 614883
1.7 1.1 734507
1.7 1.12 852241
1.7 1.14 967724
1.7 1.16 1.08057e+006
1.7 1.18 1.19039e+006
1.7 1.2 1.29677e+006
1.7 1.22 1.39925e+006
1.7 1.24 1.49741e+006
1.7 1.26 1.59078e+006
1.7 1.28 1.67891e+006
1.7 1.3 1.76131e+006
1.7 1.32 1.83754e+006
1.7 1.34 1.90715e+006
1.7 1.36 1.96971e+006
1.7 1.38 2.02483e+006
1.7 1.4 2.07213e+006
1.7 1.42 2.1113e+006
1.7 1.44 2.14207e+006
1.7 1.46 2.1642e+006
1.7 1.48 2.17755e+006
1.7 1.5 2.18201e+006
1.7 1.52 2.17755e+006
1.7 1.54 2.1642e+006
1.7 1.56 2.14207e+006
1.7 1.58 2.1113e+006
1.7 1.6 2.07213e+006
1.7 1.62 2.02483e+006
1.7 1.64 1.96971e+006
1.7 1.66 1.90715e+006
1.7 1.68 1.83754e+006
1.7 1.7 1.76131e+006
1.7 1.72 1.67891e+006
1.7 1.74 1.59079e+006
1.7 1.76 1.49742e+006
1.7 1.78 1.39926e+006
1.7 1.8 1.29677e+006
1.7 1.82 1.1904e+006
1.7 1.84 1.08058e+006
1.7 1.86 967725
1.7 1.88 852242
1.7 1.9 734508
1.7 1.92 614884
1.7 1.94 493716
1.7 1.96 371332
1.7 1.98 248049
1.7 2 124172
1.72 1 114837
1.72 1.02 229387
1.72 1.04 343361
1.72 1.06 456465
1.72 1.08 568394
1.72 1.1 678834
1.72 1.12 787459
1.72 1.14 893929
1.72 1.16 997888
1.72 1.18 1.09897e+006
1.72 1.2 1.19678e+006
1.72 1.22 1.29094e+006
1.72 1.24 1.38103e+006
1.72 1.26 1.46664e+006
1.72 1.28 1.54737e+006
1.72 1.3 1.62278e+006
1.72 1.32 1.69248e+006
1.72 1.34 1.75607e+006
1.72 1.36 1.81318e+006
1.72 1.38 1.86346e+006
1.72 1.4 1.90658e+006
1.72 1.42 1.94227e+006
1.72 1.44 1.97028e+006
1.72 1.46 1.99043e+006
1.72 1.48 2.00258e+006
1.72 1.5 2.00664e+006
1.72 1.52 2.00258e+006
1.72 1.54 1.99043e+006
1.72 1.56 1.97028e+006
1.72 1.58 1.94227e+006
1.72 1.6 1.90658e+006
1.72 1.62 1.86346e+006
1.72 1.64 1.81318e+006
1.72 1.66 1.75607e+006
1.72 1.68 1.69248e+006
1.72 1.7 1.62278e+006
1.72 1.72 1.54737e+006
1.72 1.74 1.46665e+006
1.72 1.76 1.38103e+006
1.72 1.78 1.29094e+006
1.72 1.8 1.19678e+006
1.72 1.82 1.09897e+006
1.72 1.84 997889
1.72 1.86 893930
1.72 1.88 787460
1.72 1.9 678835
1.72 1.92 568394
1.72 1.94 456466
1.72 1.96 343362
1.72 1.98 229387
1.72 2 114837
1.74 1 105788
1.74 1.02 211302
1.74 1.04 316263
1.74 1.06 420389
1.74 1.08 523393
1.74 1.1 624976
1.74 1.12 724833
1.74 1.14 822644
1.74 1.16 918081
1.74 1.18 1.0108e+006
1.74 1.2 1.10046e+006
1.74 1.22 1.18669e+006
1.74 1.24 1.26912e+006
1.74 1.26 1.3474e+006
1.74 1.28 1.42113e+006
1.74 1.3 1.48996e+006
1.74 1.32 1.55353e+006
1.74 1.34 1.61148e+006
1.74 1.36 1.66348e+006
1.74 1.38 1.70924e+006
1.74 1.4 1.74846e+006
1.74 1.42 1.7809e+006
1.74 1.44 1.80636e+006
1.74 1.46 1.82467e+006
1.74 1.48 1.8357e+006
1.74 1.5 1.83939e+006
1.74 1.52 1.8357e+006
1.74 1.54 1.82467e+006
1.74 1.56 1.80636e+006
1.74 1.58 1.7809e+006
1.74 1.6 1.74846e+006
1.74 1.62 1.70924e+006
1.74 1.64 1.66349e+006
1.74 1.66 1.61148e+006
1.74 1.68 1.55353e+006
1.74 1.7 1.48996e+006
1.74 1.72 1.42113e+006
1.74 1.74 1.3474e+006
1.74 1.76 1.26913e+006
1.74 1.78 1.18669e+006
1.74 1.8 1.10046e+006
1.74 1.82 1.0108e+006
1.74 1.84 918082
1.74 1.86 822645
1.74 1.88 724834
1.74 1.9 624977
1.74 1.92 523394
1.74 1.94 420390
1.74 1.96 316263
1.74 1.98 211302
1.74 2 105788
1.76 1 97014.7
1.76 1.02 193768
1.76 1.04 289998
1.76 1.06 385436
1.76 1.08 479812
1.76 1.1 572846
1.76 1.12 664251
1.76 1.14 753734
1.76 1.16 840989
1.76 1.18 925705
1.76 1.2 1.00756e+006
1.76 1.22 1.08623e+006
1.76 1.24 1.16138e+006
1.76 1.26 1.23268e+006
1.76 1.28 1.2998e+006
1.76 1.3 1.36241e+006
1.76 1.32 1.42019e+006
1.76 1.34 1.47283e+006
1.76 1.36 1.52004e+006
1.76 1.38 1.56155e+006
1.76 1.4 1.59712e+006
1.76 1.42 1.62653e+006
1.76 1.44 1.64959e+006
1.76 1.46 1.66618e+006
1.76 1.48 1.67617e+006
1.76 1.5 1.67951e+006
1.76 1.52 1.67617e+006
1.76 1.54 1.66618e+006
1.76 1.56 1.64959e+006
1.76 1.58 1.62653e+006
1.76 1.6 1.59712e+006
1.76 1.62 1.56155e+006
1.76 1.64 1.52004e+006
1.76 1.66 1.47283e+006
1.76 1.68 1.42019e+006
1.76 1.7 1.36241e+006
1.76 1.72 1.2998e+006
1.76 1.74 1.23269e+006
1.76 1.76 1.16138e+006
1.76 1.78 1.08623e+006
1.76 1.8 1.00756e+006
1.76 1.82 925706
1.76 1.84 840990
1.76 1.86 753735
1.76 1.88 664252
1.76 1.9 572847
1.76 1.92 479812
1.76 1.94 385437
1.76 1.96 289998
1.76 1.98 193769
1.76 2 97014.9
1.78 1 88502.4
1.78 1.02 176759
1.78 1.04 264524
1.78 1.06 351546
1.78 1.08 437573
1.78 1.1 522343
1.78 1.12 605593
1.78 1.14 687050
1.78 1.16 766436
1.78 1.18 843466
1.78 1.2 917849
1.78 1.22 989289
1.78 1.24 1.05749e+006
1.78 1.26 1.12215e+006
1.78 1.28 1.18299e+006
1.78 1.3 1.23969e+006
1.78 1.32 1.29199e+006
1.78 1.34 1.33961e+006
1.78 1.36 1.38229e+006
1.78 1.38 1.4198e+006
1.78 1.4 1.45193e+006
1.78 1.42 1.47849e+006
1.78 1.44 1.49931e+006
1.78 1.46 1.51428e+006
1.78 1.48 1.52329e+006
1.78 1.5 1.52631e+006
1.78 1.52 1.52329e+006
1.78 1.54 1.51428e+006
1.78 1.56 1.49931e+006
1.78 1.58 1.47849e+006
1.78 1.6 1.45193e+006
1.78 1.62 1.41981e+006
1.78 1.64 1.38229e+006
1.78 1.66 1.33961e+006
1.78 1.68 1.29199e+006
1.78 1.7 1.23969e+006
1.78 1.72 1.18299e+006
1.78 1.74 1.12216e+006
1.78 1.76 1.05749e+006
1.78 1.78 989290
1.78 1.8 917849
1.78 1.82 843466
1.78 1.84 766437
1.78 1.86 687051
1.78 1.88 605594
1.78 1.9 522344
1.78 1.92 437573
1.78 1.94 351547
1.78 1.96 264524
1.78 1.98 176759
1.78 2 88502.5
1.8 1 80235.3
1.8 1.02 160242
1.8 1.04 239792
1.8 1.06 318652
1.8 1.08 396588
1.8 1.1 473361
1.8 1.12 548727
1.8 1.14 622438
1.8 1.16 694239
1.8 1.18 763874
1.8 1.2 831078
1.8 1.22 895588
1.8 1.24 957136
1.8 1.26 1.01546e+006
1.8 1.28 1.07029e+006
1.8 1.3 1.12138e+006
1.8 1.32 1.16847e+006
1.8 1.34 1.21132e+006
1.8 1.36 1.24972e+006
1.8 1.38 1.28345e+006
1.8 1.4 1.31232e+006
1.8 1.42 1.33618e+006
1.8 1.44 1.35488e+006
1.8 1.46 1.36832e+006
1.8 1.48 1.37642e+006
1.8 1.5 1.37913e+006
1.8 1.52 1.37642e+006
1.8 1.54 1.36832e+006
1.8 1.56 1.35488e+006
1.8 1.58 1.33618e+006
1.8 1.6 1.31232e+006
1.8 1.62 1.28345e+006
1.8 1.64 1.24972e+006
1.8 1.66 1.21132e+006
1.8 1.68 1.16847e+006
1.8 1.7 1.12138e+006
1.8 1.72 1.07029e+006
1.8 1.74 1.01546e+006
1.8 1.76 957137
1.8 1.78 895589
1.8 1.8 831079
1.8 1.82 763874
1.8 1.84 694240
1.8 1.86 622439
1.8 1.88 548728
1.8 1.9 473362
1.8 1.92 396589
1.8 1.94 318653
1.8 1.96 239792
1.8 1.98 160243
1.8 2 80235.4
1.82 1 72196.5
1.82 1.02 144183
1.82 1.04 215749
1.82 1.06 286682
1.82 1.08 356767
1.82 1.1 425786
1.82 1.12 493517
1.82 1.14 559735
1.82 1.16 624210
1.82 1.18 686711
1.82 1.2 747002
1.82 1.22 804846
1.82 1.24 860009
1.82 1.26 912252
1.82 1.28 961345
1.82 1.3 1.00706e+006
1.82 1.32 1.04918e+006
1.82 1.34 1.08749e+006
1.82 1.36 1.12181e+006
1.82 1.38 1.15194e+006
1.82 1.4 1.17772e+006
1.82 1.42 1.19903e+006
1.82 1.44 1.21572e+006
1.82 1.46 1.22771e+006
1.82 1.48 1.23494e+006
1.82 1.5 1.23735e+006
1.82 1.52 1.23494e+006
1.82 1.54 1.22771e+006
1.82 1.56 1.21572e+006
1.82 1.58 1.19903e+006
1.82 1.6 1.17773e+006
1.82 1.62 1.15194e+006
1.82 1.64 1.12181e+006
1.82 1.66 1.08749e+006
1.82 1.68 1.04918e+006
1.82 1.7 1.00706e+006
1.82 1.72 961346
1.82 1.74 912253
1.82 1.76 860009
1.82 1.78 804847
1.82 1.8 747002
1.82 1.82 686711
1.82 1.84 624211
1.82 1.86 559735
1.82 1.88 493518
1.82 1.9 425787
1.82 1.92 356768
1.82 1.94 286683
1.82 1.96 215750
1.82 1.98 144183
1.82 2 72196.6
1.84 1 64367.5
1.84 1.02 128544
1.84 1.04 192340
1.84 1.06 255561
1.84 1.08 318012
1.84 1.1 379499
1.84 1.12 439820
1.84 1.14 498774
1.84 1.16 556155
1.84 1.18 611757
1.84 1.2 665371
1.84 1.22 716788
1.84 1.24 765798
1.84 1.26 812196
1.84 1.28 855775
1.84 1.3 896340
1.84 1.32 933697
1.84 1.34 967667
1.84 1.36 998078
1.84 1.38 1.02477e+006
1.84 1.4 1.04761e+006
1.84 1.42 1.06648e+006
1.84 1.44 1.08126e+006
1.84 1.46 1.09188e+006
1.84 1.48 1.09827e+006
1.84 1.5 1.10041e+006
1.84 1.52 1.09827e+006
1.84 1.54 1.09188e+006
1.84 1.56 1.08126e+006
1.84 1.58 1.06648e+006
1.84 1.6 1.04761e+006
1.84 1.62 1.02477e+006
1.84 1.64 998078
1.84 1.66 967668
1.84 1.68 933698
1.84 1.7 896340
1.84 1.72 855776
1.84 1.74 812196
1.84 1.76 765799
1.84 1.78 716789
1.84 1.8 665372
1.84 1.82 611758
1.84 1.84 556156
1.84 1.86 498774
1.84 1.88 439820
1.84 1.9 379499
1.84 1.92 318013
1.84 1.94 255561
1.84 1.96 192340
1.84 1.98 128545
1.84 2 64367.6
1.86 1 56729
1.86 1.02 113287
1.86 1.04 169504
1.86 1.06 225207
1.86 1.08 280223
1.86 1.1 334376
1.86 1.12 387490
1.86 1.14 439385
1.86 1.16 489879
1.86 1.18 538791
1.86 1.2 585938
1.86 1.22 631136
1.86 1.24 674202
1.86 1.26 714956
1.86 1.28 753221
1.86 1.3 788825
1.86 1.32 821603
1.86 1.34 851398
1.86 1.36 878064
1.86 1.38 901466
1.86 1.4 921483
1.86 1.42 938009
1.86 1.44 950958
1.86 1.46 960258
1.86 1.48 965859
1.86 1.5 967729
1.86 1.52 965859
1.86 1.54 960258
1.86 1.56 950959
1.86 1.58 938010
1.86 1.6 921483
1.86 1.62 901466
1.86 1.64 878065
1.86 1.66 851399
1.86 1.68 821604
1.86 1.7 788825
1.86 1.72 753222
1.86 1.74 714956
1.86 1.76 674202
1.86 1.78 631136
1.86 1.8 585939
1.86 1.82 538792
1.86 1.84 489880
1.86 1.86 439385
1.86 1.88 387490
1.86 1.9 334377
1.86 1.92 280224
1.86 1.94 225208
1.86 1.96 169505
1.86 1.98 113288
1.86 2 56729.1
1.88 1 49261.1
1.88 1.02 98372.1
1.88 1.04 147183
1.88 1.06 195541
1.88 1.08 243296
1.88 1.1 290294
1.88 1.12 336379
1.88 1.14 381395
1.88 1.16 425186
1.88 1.18 467592
1.88 1.2 508454
1.88 1.22 547615
1.88 1.24 584917
1.88 1.26 620205
1.88 1.28 653327
1.88 1.3 684137
1.88 1.32 712492
1.88 1.34 738259
1.88 1.36 761314
1.88 1.38 781542
1.88 1.4 798840
1.88 1.42 813121
1.88 1.44 824307
1.88 1.46 832340
1.88 1.48 837178
1.88 1.5 838793
1.88 1.52 837178
1.88 1.54 832341
1.88 1.56 824307
1.88 1.58 813121
1.88 1.6 798841
1.88 1.62 781542
1.88 1.64 761314
1.88 1.66 738260
1.88 1.68 712492
1.88 1.7 684137
1.88 1.72 653327
1.88 1.74 620205
1.88 1.76 584917
1.88 1.78 547615
1.88 1.8 508454
1.88 1.82 467592
1.88 1.84 425186
1.88 1.86 381396
1.88 1.88 336379
1.88 1.9 290294
1.88 1.92 243297
1.88 1.94 195542
1.88 1.96 147183
1.88 1.98 98372.2
1.88 2 49261.1
1.9 1 41943.1
1.9 1.02 83757.1
1.9 1.04 125313
1.9 1.06 166479
1.9 1.08 207127
1.9 1.1 247123
1.9 1.12 286336
1.9 1.14 324632
1.9 1.16 361876
1.9 1.18 397934
1.9 1.2 432671
1.9 1.22 465953
1.9 1.24 497646
1.9 1.26 527619
1.9 1.28 555746
1.9 1.3 581901
1.9 1.32 605968
1.9 1.34 627832
1.9 1.36 647391
1.9 1.38 664547
1.9 1.4 679217
1.9 1.42 691324
1.9 1.44 700808
1.9 1.46 707618
1.9 1.48 711719
1.9 1.5 713088
1.9 1.52 711719
1.9 1.54 707618
1.9 1.56 700808
1.9 1.58 691325
1.9 1.6 679217
1.9 1.62 664547
1.9 1.64 647391
1.9 1.66 627832
1.9 1.68 605968
1.9 1.7 581902
1.9 1.72 555746
1.9 1.74 527620
1.9 1.76 497646
1.9 1.78 465953
1.9 1.8 432672
1.9 1.82 397935
1.9 1.84 361877
1.9 1.86 324632
1.9 1.88 286337
1.9 1.9 247124
1.9 1.92 207127
1.9 1.94 166480
1.9 1.96 125313
1.9 1.98 83757.2
1.9 2 41943.2
1.92 1 34754.3
1.92 1.02 69400.8
1.92 1.04 103831
1.92 1.06 137937
1.92 1.08 171608
1.92 1.1 204737
1.92 1.12 237211
1.92 1.14 268920
1.92 1.16 299753
1.92 1.18 329598
1.92 1.2 358344
1.92 1.22 385879
1.92 1.24 412094
1.92 1.26 436881
1.92 1.28 460136
1.92 1.3 481756
1.92 1.32 501645
1.92 1.34 519711
1.92 1.36 535868
1.92 1.38 550040
1.92 1.4 562154
1.92 1.42 572153
1.92 1.44 579983
1.92 1.46 585605
1.92 1.48 588990
1.92 1.5 590121
1.92 1.52 588990
1.92 1.54 585605
1.92 1.56 579983
1.92 1.58 572153
1.92 1.6 562155
1.92 1.62 550040
1.92 1.64 535869
1.92 1.66 519711
1.92 1.68 501645
1.92 1.7 481756
1.92 1.72 460136
1.92 1.74 436882
1.92 1.76 412094
1.92 1.78 385879
1.92 1.8 358344
1.92 1.82 329599
1.92 1.84 299754
1.92 1.86 268921
1.92 1.88 237211
1.92 1.9 204737
1.92 1.92 171608
1.92 1.94 137937
1.92 1.96 103831
1.92 1.98 69400.8
1.92 2 34754.4
1.94 1 27673.5
1.94 1.02 55260.4
1.94 1.04 82674.1
1.94 1.06 109827
1.94 1.08 136633
1.94 1.1 163004
1.94 1.12 188850
1.94 1.14 214085
1.94 1.16 238618
1.94 1.18 262362
1.94 1.2 285227
1.94 1.22 307125
1.94 1.24 327970
1.94 1.26 347675
1.94 1.28 366160
1.94 1.3 383342
1.94 1.32 399145
1.94 1.34 413498
1.94 1.36 426333
1.94 1.38 437588
1.94 1.4 447209
1.94 1.42 455148
1.94 1.44 461365
1.94 1.46 465829
1.94 1.48 468517
1.94 1.5 469414
1.94 1.52 468517
1.94 1.54 465829
1.94 1.56 461365
1.94 1.58 455148
1.94 1.6 447209
1.94 1.62 437588
1.94 1.64 426333
1.94 1.66 413498
1.94 1.68 399145
1.94 1.7 383342
1.94 1.72 366160
1.94 1.74 347676
1.94 1.76 327970
1.94 1.78 307125
1.94 1.8 285227
1.94 1.82 262362
1.94 1.84 238618
1.94 1.86 214085
1.94 1.88 188851
1.94 1.9 163004
1.94 1.92 136633
1.94 1.94 109828
1.94 1.96 82674.2
1.94 1.98 55260.5
1.94 2 27673.5
1.96 1 20679.2
1.96 1.02 41293.4
1.96 1.04 61777.5
1.96 1.06 82066.1
1.96 1.08 102094
1.96 1.1 121794
1.96 1.12 141102
1.96 1.14 159950
1.96 1.16 178273
1.96 1.18 196004
1.96 1.2 213076
1.96 1.22 229424
1.96 1.24 244984
1.96 1.26 259691
1.96 1.28 273485
1.96 1.3 286306
1.96 1.32 298096
1.96 1.34 308803
1.96 1.36 318376
1.96 1.38 326770
1.96 1.4 333945
1.96 1.42 339865
1.96 1.44 344501
1.96 1.46 347829
1.96 1.48 349833
1.96 1.5 350502
1.96 1.52 349833
1.96 1.54 347829
1.96 1.56 344501
1.96 1.58 339865
1.96 1.6 333945
1.96 1.62 326771
1.96 1.64 318376
1.96 1.66 308803
1.96 1.68 298096
1.96 1.7 286306
1.96 1.72 273485
1.96 1.74 259692
1.96 1.76 244984
1.96 1.78 229424
1.96 1.8 213076
1.96 1.82 196004
1.96 1.84 178273
1.96 1.86 159951
1.96 1.88 141102
1.96 1.9 121794
1.96 1.92 102094
1.96 1.94 82066.1
1.96 1.96 61777.5
1.96 1.98 41293.5
1.96 2 20679.3
1.98 1 13750
1.98 1.02 27456.6
1.98 1.04 41076.3
1.98 1.06 54565.6
1.98 1.08 67880.7
1.98 1.1 80977.8
1.98 1.12 93812.8
1.98 1.14 106342
1.98 1.16 118520
1.98 1.18 130304
1.98 1.2 141649
1.98 1.22 152512
1.98 1.24 162850
1.98 1.26 172621
1.98 1.28 181784
1.98 1.3 190300
1.98 1.32 198131
1.98 1.34 205241
1.98 1.36 211598
1.98 1.38 217172
1.98 1.4 221936
1.98 1.42 225867
1.98 1.44 228944
1.98 1.46 231154
1.98 1.48 232484
1.98 1.5 232928
1.98 1.52 232484
1.98 1.54 231154
1.98 1.56 228944
1.98 1.58 225867
1.98 1.6 221936
1.98 1.62 217172
1.98 1.64 211598
1.98 1.66 205241
1.98 1.68 198131
1.98 1.7 190300
1.98 1.72 181784
1.98 1.74 172621
1.98 1.76 162850
1.98 1.78 152512
1.98 1.8 141649
1.98 1.82 130304
1.98 1.84 118520
1.98 1.86 106342
1.98 1.88 93812.9
1.98 1.9 80977.8
1.98 1.92 67880.8
1.98 1.94 54565.6
1.98 1.96 41076.3
1.98 1.98 27456.6
1.98 2 13750
2 1 6864.14
2 1.02 13706.6
2 1.04 20505.5
2 1.06 27239.2
2 1.08 33885.8
2 1.1 40423.4
2 1.12 46829.8
2 1.14 53083.2
2 1.16 59161.3
2 1.18 65042.3
2 1.2 70704
2 1.22 76124.9
2 1.24 81283.4
2 1.26 86158.8
2 1.28 90730.5
2 1.3 94979.1
2 1.32 98885.6
2 1.34 102433
2 1.36 105604
2 1.38 108384
2 1.4 110760
2 1.42 112721
2 1.44 114256
2 1.46 115358
2 1.48 116021
2 1.5 116243
2 1.52 116021
2 1.54 115358
2 1.56 114256
2 1.58 112721
2 1.6 110760
2 1.62 108384
2 1.64 105604
2 1.66 102433
2 1.68 98885.6
2 1.7 94979.1
2 1.72 90730.6
2 1.74 86158.9
2 1.76 81283.5
2 1.78 76124.9
2 1.8 70704
2 1.82 65042.3
2 1.84 59161.4
2 1.86 53083.3
2 1.88 46829.9
2 1.9 40423.4
2 1.92 33885.9
2 1.94 27239.3
2 1.96 20505.5
2 1.98 13706.6
2 2 6864.14
