1 0 tri         97      98      99
2 0 tri        100       1       2
3 0 tri        101      78      79
4 0 tri        102      49      50
5 0 tri        103      30      31
6 0 tri         32      33     104
7 0 tri         32     104     105
8 0 tri         36     106      35
9 0 tri        104     107     108
10 0 tri         80     109     110
11 0 tri         80     110     111
12 0 tri        112     113     114
13 0 tri        112     115     113
14 0 tri        116     117     118
15 0 tri        119     120     121
16 0 tri        122     123     106
17 0 tri        120      28     124
18 0 tri        125      37      38
19 0 tri        126     127     128
20 0 tri        129      39     130
21 0 tri        131      24      25
22 0 tri        132     133     134
23 0 tri        135      23     136
24 0 tri        125     137     138
25 0 tri        139     126     140
26 0 tri        141     142     143
27 0 tri        144     145     146
28 0 tri         85     147     148
29 0 tri        145      76     149
30 0 tri        150     151     152
31 0 tri        153     154     155
32 0 tri        156     147      86
33 0 tri        157      72      73
34 0 tri        158     159     160
35 0 tri        161      71     162
36 0 tri        163     164     165
37 0 tri        153     166     167
38 0 tri        168     102      50
39 0 tri        168     169     170
40 0 tri         53     171     172
41 0 tri        171     173     172
42 0 tri        174     175     176
43 0 tri        177     170     173
44 0 tri        175      47     178
45 0 tri        179      56     180
46 0 tri        181     182     183
47 0 tri         56     184     180
48 0 tri        185     186     187
49 0 tri        188     189     190
50 0 tri        191      43     185
51 0 tri        192     193     194
52 0 tri        195     187     183
53 0 tri        196     197      59
54 0 tri          3     198       2
55 0 tri          3     199     200
56 0 tri          5     201     202
57 0 tri        203     204     202
58 0 tri         96     205      95
59 0 tri        206     207     208
60 0 tri         95     209      94
61 0 tri        210     211     212
62 0 tri        213     214     215
63 0 tri        216     217     218
64 0 tri        213     215      93
65 0 tri        219     220       9
66 0 tri        221     222     214
67 0 tri        223     224     225
68 0 tri        226     227     228
69 0 tri        220     219     229
70 0 tri        230      90      91
71 0 tri        231     232     233
72 0 tri        234     235     236
73 0 tri         13     237      12
74 0 tri        238     239     240
75 0 tri         14      15     241
76 0 tri        241     242     243
77 0 tri        244     245     246
78 0 tri        242      16     247
79 0 tri        248     249     250
80 0 tri        250     251     252
81 0 tri        253     254     255
82 0 tri        256     257     258
83 0 tri        259     260     261
84 0 tri        262     263      66
85 0 tri        264     265     266
86 0 tri        267     268     269
87 0 tri        270     271     272
88 0 tri        273      20     274
89 0 tri        275     276     271
90 0 tri        277     278     279
91 0 tri        280     281     273
92 0 tri         60     196      59
93 0 tri        135      22      23
94 0 tri         42     282      41
95 0 tri        283     284     157
96 0 tri        285     286     287
97 0 tri        288     289     131
98 0 tri        197     290     193
99 0 tri        291     292     293
100 0 tri        264     294     247
101 0 tri        295     296     297
102 0 tri        276      64     271
103 0 tri        298     299     277
104 0 tri        300     238     240
105 0 tri         13     301     237
106 0 tri        302     303     304
107 0 tri        292     291     305
108 0 tri        274      20     306
109 0 tri        307     308     309
110 0 tri        310     311     189
111 0 tri        312     313     314
112 0 tri        315     316     317
113 0 tri        318     188     319
114 0 tri         48     102     320
115 0 tri        321     322     323
116 0 tri         28     324     124
117 0 tri        325     326     327
118 0 tri         96     100     205
119 0 tri        328     329     330
120 0 tri         76     331     149
121 0 tri        332      40      41
122 0 tri        333     334      99
123 0 tri        335     336     337
124 0 tri        338      90     339
125 0 tri        340     341     342
126 0 tri        343     344     345
127 0 tri        269     346     347
128 0 tri        348     349     350
129 0 tri        351     352     353
130 0 tri        354     355     356
131 0 tri        357     358     359
132 0 tri        360     275     361
133 0 tri        362     363     364
134 0 tri        365     366     367
135 0 tri        368     369     370
136 0 tri        371     372     373
137 0 tri        374     375     261
138 0 tri        376     377     280
139 0 tri        378     379     363
140 0 tri        380     381     251
141 0 tri        382     383     269
142 0 tri        367     384     365
143 0 tri        385     386     384
144 0 tri        387     388     389
145 0 tri        390     391     392
146 0 tri        393     394     395
147 0 tri        396     160     397
148 0 tri         87     398     156
149 0 tri        399     389     400
150 0 tri         43     191      42
151 0 tri        401     402     403
152 0 tri        404     405     406
153 0 tri        392     407     408
154 0 tri        409     410     411
155 0 tri        126     128     412
156 0 tri        413     414     415
157 0 tri        416     417     418
158 0 tri        304     313     419
159 0 tri        420     421     422
160 0 tri        423     424     425
161 0 tri        426     427     188
162 0 tri        179     428     429
163 0 tri        102     168     430
164 0 tri        183     431     195
165 0 tri        432     104     108
166 0 tri        433     434     435
167 0 tri        203     436     207
168 0 tri        208     436     437
169 0 tri        112     438     439
170 0 tri        440     441     442
171 0 tri        137     125     129
172 0 tri        443     444     445
173 0 tri         90     230     339
174 0 tri        446     447     411
175 0 tri        380     448     449
176 0 tri        397     341     340
177 0 tri        450     451     452
178 0 tri        453     454     455
179 0 tri        456     341     397
180 0 tri        457     458     459
181 0 tri        460     461     291
182 0 tri        462     463     293
183 0 tri        311     310     464
184 0 tri        177     465     466
185 0 tri        467     468     469
186 0 tri        352     470     471
187 0 tri        472     473     266
188 0 tri         20     273      19
189 0 tri        474     475     476
190 0 tri        477     478     479
191 0 tri        480     362     481
192 0 tri        309     482     307
193 0 tri        483     484     485
194 0 tri        486     487     488
195 0 tri        489     490     449
196 0 tri        244     240     491
197 0 tri        206     208     492
198 0 tri        493     217     216
199 0 tri        494     283     157
200 0 tri        495     496     497
201 0 tri        498     288     131
202 0 tri        412     499     500
203 0 tri        501     502     503
204 0 tri        504     501     505
205 0 tri        506     507     508
206 0 tri        509     510     511
207 0 tri        512     479     513
208 0 tri        514     515     516
209 0 tri        517     257     518
210 0 tri        263     262     519
211 0 tri        520     521     522
212 0 tri        148      84      85
213 0 tri         45     174     523
214 0 tri        524     525     526
215 0 tri        527     528     254
216 0 tri        481     529     530
217 0 tri        531     532     533
218 0 tri        534     535     536
219 0 tri        537     538     531
220 0 tri        539     532     540
221 0 tri        541     164     542
222 0 tri        232     398     543
223 0 tri        130     544     545
224 0 tri        117     546     547
225 0 tri         21     548     349
226 0 tri        549     376     550
227 0 tri        212     353     210
228 0 tri         10     287     286
229 0 tri        551     552     122
230 0 tri        553     106      36
231 0 tri        554     555     437
232 0 tri        222      91      92
233 0 tri        527     556     557
234 0 tri        528     558     255
235 0 tri        559     560     561
236 0 tri        405     417     562
237 0 tri        512     563     298
238 0 tri        316     564     562
239 0 tri        565     566     464
240 0 tri        319     567     568
241 0 tri        224     569     302
242 0 tri        326     570     571
243 0 tri        443     572     503
244 0 tri        573     574     346
245 0 tri        242     247     294
246 0 tri        575     461     467
247 0 tri        330     329     576
248 0 tri        421     420     474
249 0 tri        522     577     396
250 0 tri        395     578     393
251 0 tri        579     580     581
252 0 tri        461     460     468
253 0 tri        529     482     309
254 0 tri        582     428     583
255 0 tri        584     585     586
256 0 tri        391     390     368
257 0 tri        369     585     370
258 0 tri        587     588     589
259 0 tri        333     590     591
260 0 tri        538     537     321
261 0 tri        592     593     594
262 0 tri        447     595     596
263 0 tri        597     598     599
264 0 tri        600     599     598
265 0 tri        435     119     121
266 0 tri        601     499     433
267 0 tri        602     201       6
268 0 tri        603     604     605
269 0 tri        606     144     146
270 0 tri        440     496     441
271 0 tri        429     607     608
272 0 tri        429      55     179
273 0 tri        462     609     315
274 0 tri        610     611     312
275 0 tri        175     174      46
276 0 tri        612     613     465
277 0 tri        112     114     150
278 0 tri        439     335     337
279 0 tri        513     518     249
280 0 tri        614     481     615
281 0 tri        616     617     476
282 0 tri        562     564     405
283 0 tri        618     394     597
284 0 tri        489     619     490
285 0 tri        458     457     327
286 0 tri        555     447     620
287 0 tri        621     505     622
288 0 tri        623     503     624
289 0 tri        522     521     625
290 0 tri        626     627     497
291 0 tri        628     453     629
292 0 tri        630     631     632
293 0 tri        362     633     634
294 0 tri        635     636     637
295 0 tri        638     639     640
296 0 tri        548      21      22
297 0 tri        303     352     471
298 0 tri        313     304     641
299 0 tri        212     216     220
300 0 tri         10     286     219
301 0 tri        642     638     643
302 0 tri        642     644     645
303 0 tri        217     493     646
304 0 tri          7     218     217
305 0 tri        638     640     647
306 0 tri        136      24     289
307 0 tri        295     648     296
308 0 tri        649     510     650
309 0 tri        612     651     652
310 0 tri        653     654     655
311 0 tri        656     657     658
312 0 tri        233      88      89
313 0 tri        547     659     660
314 0 tri        661     138     662
315 0 tri        345      69      70
316 0 tri         70      71     161
317 0 tri        236     600     663
318 0 tri        162      72     284
319 0 tri        664     665     328
320 0 tri        666     667     594
321 0 tri        668     171      54
322 0 tri        177     669     670
323 0 tri        671     672     516
324 0 tri        530     480     481
325 0 tri        264     266     294
326 0 tri        264     281     265
327 0 tri        611     673     674
328 0 tri        371     471     470
329 0 tri        301     675     372
330 0 tri        676      14     241
331 0 tri        573     677     549
332 0 tri        346     268     678
333 0 tri        376     677     679
334 0 tri        347     382     269
335 0 tri        484     414      99
336 0 tri        415     400     388
337 0 tri        680     681     116
338 0 tri        682     414     483
339 0 tri        683     684     685
340 0 tri        253     255     686
341 0 tri        251     687     252
342 0 tri        257     517     258
343 0 tri        688     226     228
344 0 tri        666     665     667
345 0 tri        689     314     690
346 0 tri        674     463     691
347 0 tri        692     422     693
348 0 tri        476     418     616
349 0 tri        253     452     254
350 0 tri        694     631     695
351 0 tri        578     664     393
352 0 tri        618     696     394
353 0 tri         85      86     147
354 0 tri        697     542     577
355 0 tri        488     526     654
356 0 tri        282     698     699
357 0 tri        644     700     322
358 0 tri        701     538     323
359 0 tri        477     379     478
360 0 tri        702     703     633
361 0 tri        699     399     704
362 0 tri         40     332     705
363 0 tri        706     232     707
364 0 tri        147     541     708
365 0 tri        709     595     710
366 0 tri        711     712     713
367 0 tri        601     133     622
368 0 tri        106     714     122
369 0 tri        707     715     716
370 0 tri        717     159     163
371 0 tri        334     455     484
372 0 tri        718     444     502
373 0 tri        489     719     619
374 0 tri        720     721     393
375 0 tri        654     653     488
376 0 tri        487     722     387
377 0 tri        695     723     694
378 0 tri        724     694     450
379 0 tri        226     688     725
380 0 tri        717     227     226
381 0 tri        318     652     426
382 0 tri        726     727     728
383 0 tri        442     606     729
384 0 tri         78     101      77
385 0 tri        132     134     730
386 0 tri         30     103      29
387 0 tri        209     492     731
388 0 tri          1     100      96
389 0 tri        732     176     733
390 0 tri         49     102      48
391 0 tri        734     735     615
392 0 tri        735     736     482
393 0 tri        737     325     355
394 0 tri        353     569     210
395 0 tri        643     738     700
396 0 tri        572     739     740
397 0 tri        522     625     741
398 0 tri        742     520     396
399 0 tri        743     744     666
400 0 tri        664     328     745
401 0 tri        563     616     746
402 0 tri        279     477     298
403 0 tri        313     747     748
404 0 tri        419     749     354
405 0 tri        560     511     561
406 0 tri        402     750     635
407 0 tri        566     556     311
408 0 tri        751     752     194
409 0 tri        587     586     588
410 0 tri        462     295     609
411 0 tri        458     410     459
412 0 tri        457     356     325
413 0 tri         37     138     553
414 0 tri        662     753     714
415 0 tri        713     754     711
416 0 tri        713     755     754
417 0 tri        238     300      67
418 0 tri         69     344     239
419 0 tri        326     325     737
420 0 tri        355     368     737
421 0 tri        756     420     330
422 0 tri        757     758     584
423 0 tri        759     760     756
424 0 tri        424     423     761
425 0 tri        517     762     270
426 0 tri         64     763     271
427 0 tri        159     717     764
428 0 tri        765     341     766
429 0 tri        116     767     680
430 0 tri        546     681     662
431 0 tri        367     560     768
432 0 tri        533     383     769
433 0 tri        605     554     436
434 0 tri        211     770     771
435 0 tri        501     772     505
436 0 tri        740     738     773
437 0 tri        634     633     774
438 0 tri        534     385     775
439 0 tri        357     359     671
440 0 tri         63     276     776
441 0 tri        777     432     132
442 0 tri        435     498     119
443 0 tri        199       3       4
444 0 tri        203     202     201
445 0 tri        729     143     442
446 0 tri        606     494     144
447 0 tri        724     631     694
448 0 tri        591     778     629
449 0 tri        552     123     122
450 0 tri        104     432     779
451 0 tri        780     781     782
452 0 tri         93      94     213
453 0 tri        305     783     579
454 0 tri        291     293     463
455 0 tri         57      58     193
456 0 tri        310     582     464
457 0 tri         60     358     196
458 0 tri        308     307     784
459 0 tri        560     367     785
460 0 tri        768     384     367
461 0 tri        440     442     337
462 0 tri        143     142     439
463 0 tri        715     231     657
464 0 tri        596     658     712
465 0 tri        733     786     466
466 0 tri         46     174      45
467 0 tri        109      80      81
468 0 tri         81      82     113
469 0 tri        445     787     788
470 0 tri        322     739     323
471 0 tri        789     386     385
472 0 tri        790     558     791
473 0 tri        292     792     648
474 0 tri        305     793     783
475 0 tri        188     427     727
476 0 tri        318     653     652
477 0 tri        402     794     403
478 0 tri        406     635     404
479 0 tri        795     796     797
480 0 tri        507     679     798
481 0 tri        380     799     244
482 0 tri        234     448     246
483 0 tri        627     626     800
484 0 tri        600     153     801
485 0 tri        374     473     797
486 0 tri        802     506     795
487 0 tri        371     690     471
488 0 tri        352     303     803
489 0 tri        274     804     280
490 0 tri        348     639     805
491 0 tri        169     172     170
492 0 tri        177     786     170
493 0 tri        616     563     248
494 0 tri        746     806     299
495 0 tri        387     807     388
496 0 tri        808     590      98
497 0 tri        809     628     629
498 0 tri        559     533     810
499 0 tri        472     265     377
500 0 tri        294     374     242
501 0 tri        467     373     259
502 0 tri        260     676     243
503 0 tri        684     809     685
504 0 tri        450     694     811
505 0 tri        424     757     425
506 0 tri        758     812     391
507 0 tri          7     217     602
508 0 tri        813     603     605
509 0 tri         73      74     494
510 0 tri        441     606     442
511 0 tri         25      26     498
512 0 tri        433     435     134
513 0 tri        363     480     378
514 0 tri        270     272     517
515 0 tri        236     343     166
516 0 tri        489     663     598
517 0 tri         55     429     668
518 0 tri        608     669     814
519 0 tri        400     415     660
520 0 tri        399     699     698
521 0 tri        272     763     263
522 0 tri         67     300     262
523 0 tri        248     563     513
524 0 tri        815     816     257
525 0 tri         60      61     359
526 0 tri        357     530     817
527 0 tri        344     343     235
528 0 tri        240     239     491
529 0 tri        533     559     383
530 0 tri        267     649     818
531 0 tri        689     373     469
532 0 tri        461     819     305
533 0 tri        509     403     296
534 0 tri        297     820     609
535 0 tri         11      12     237
536 0 tri        821     822     470
537 0 tri         21     349     306
538 0 tri        274     348     804
539 0 tri        710     458     823
540 0 tri        658     596     824
541 0 tri        181     523     174
542 0 tri        187     195     185
543 0 tri        112     825     438
544 0 tri         83      84     826
545 0 tri        401     785     366
546 0 tri        406     794     402
547 0 tri        366     750     402
548 0 tri        278     827     702
549 0 tri        221     620     711
550 0 tri        731     492     782
551 0 tri        132     432     828
552 0 tri        621     551     753
553 0 tri        232     231     715
554 0 tri        232     706     398
555 0 tri         40     705     130
556 0 tri        544     547     545
557 0 tri        829     639     350
558 0 tri        348     274     306
559 0 tri         10      11     287
560 0 tri        286     285     351
561 0 tri        505     621     504
562 0 tri        444     718     830
563 0 tri        685     778     683
564 0 tri        809     531     628
565 0 tri        570     326     408
566 0 tri        226     831     764
567 0 tri        404     299     806
568 0 tri        418     475     416
569 0 tri        812     743     392
570 0 tri        812     757     832
571 0 tri        748     419     313
572 0 tri        370     585     758
573 0 tri        812     329     743
574 0 tri        407     593     408
575 0 tri        682     118     833
576 0 tri        660     117     547
577 0 tri        372     371     822
578 0 tri        467     259     261
579 0 tri        301      13     676
580 0 tri        822     821     237
581 0 tri        280     377     834
582 0 tri        273      18      19
583 0 tri        679     835     836
584 0 tri        265     281     834
585 0 tri        482     614     735
586 0 tri        482     751     307
587 0 tri        818     649     650
588 0 tri        506     835     507
589 0 tri        669     177     173
590 0 tri        670     837     427
591 0 tri        838     566     565
592 0 tri        556     723     839
593 0 tri        840     557     841
594 0 tri        840     734     528
595 0 tri        842     720     843
596 0 tri        330     576     756
597 0 tri        489     234     663
598 0 tri        600     801     599
599 0 tri        844     276     275
600 0 tri         64      65     763
601 0 tri        153     845     154
602 0 tri        153     495     801
603 0 tri        408     390     392
604 0 tri        592     570     593
605 0 tri        379     279     364
606 0 tri        362     846     633
607 0 tri        669     608     837
608 0 tri         55     668      54
609 0 tri        538     847     628
610 0 tri        445     485     455
611 0 tri        318     486     653
612 0 tri        568     318     319
613 0 tri        387     722     807
614 0 tri        387     524     526
615 0 tri        188     727     189
616 0 tri        695     319     190
617 0 tri        422     421     693
618 0 tri        760     475     474
619 0 tri        768     540     535
620 0 tri        385     534     686
621 0 tri        532     539     810
622 0 tri        540     809     684
623 0 tri        211     210     770
624 0 tri        211     603     493
625 0 tri        126     139     127
626 0 tri        126     412     773
627 0 tri        308     817     309
628 0 tri        530     357     515
629 0 tri        315     587     462
630 0 tri        589     588     747
631 0 tri        689     468     673
632 0 tri        673     611     610
633 0 tri        257     256     799
634 0 tri        250     816     815
635 0 tri        521     800     626
636 0 tri        438     625     335
637 0 tri        794     564     297
638 0 tri        562     423     316
639 0 tri        203     813     605
640 0 tri        208     437     780
641 0 tri        435     121     730
642 0 tri        132     848     133
643 0 tri        146     849     729
644 0 tri        439     337     143
645 0 tri        561     511     510
646 0 tri        508     798     818
647 0 tri        773     500     624
648 0 tri        700     850     739
649 0 tri        224     851     356
650 0 tri        225     459     223
651 0 tri        837     728     427
652 0 tri        583     752     582
653 0 tri        829     140     640
654 0 tri        645     805     642
655 0 tri        352     351     285
656 0 tri        353     803     569
657 0 tri        721     719     597
658 0 tri        618     627     696
659 0 tri        181     732     613
660 0 tri        182     612     655
661 0 tri        718     852     767
662 0 tri        680     621     753
663 0 tri        395     696     853
664 0 tri        520     522     396
665 0 tri        705     699     704
666 0 tri         40     130      39
667 0 tri         87     156      86
668 0 tri         87      88     543
669 0 tri        164     854     706
670 0 tri        164     163     158
671 0 tri        556     839     311
672 0 tri        556     451     811
673 0 tri        458     327     571
674 0 tri        823     709     710
675 0 tri        671     516     357
676 0 tri        276     844     672
677 0 tri        252     693     617
678 0 tri        816     250     249
679 0 tri        735     614     615
680 0 tri        791     634     774
681 0 tri        831     592     855
682 0 tri        594     593     407
683 0 tri        712     657     713
684 0 tri        231     233     338
685 0 tri        137     546     662
686 0 tri         37     553      36
687 0 tri        419     748     369
688 0 tri        737     368     390
689 0 tri        830     767     118
690 0 tri        455     485     484
691 0 tri        842     422     692
692 0 tri        489     449     448
693 0 tri        227     163     165
694 0 tri        658     228     656
695 0 tri        304     419     354
696 0 tri        303     302     803
697 0 tri        506     508     580
698 0 tri        792     579     581
699 0 tri        299     637     827
700 0 tri        702     636     789
701 0 tri        697     856     152
702 0 tri        697     708     541
703 0 tri        525     524     698
704 0 tri        525     857     195
705 0 tri        343     167     166
706 0 tri        161     343     345
707 0 tri        842     843     420
708 0 tri        720     842     619
709 0 tri        220       8       9
710 0 tri        220     229     212
711 0 tri        135     139     140
712 0 tri        135     829     548
713 0 tri        221     780     620
714 0 tri        711     447     596
715 0 tri        753     681     680
716 0 tri        621     848     551
717 0 tri        549     645     573
718 0 tri        644     642     643
719 0 tri        123     108     107
720 0 tri        106     858      35
721 0 tri        214     731     781
722 0 tri        754     222     221
723 0 tri        374     797     796
724 0 tri        473     294     266
725 0 tri        374     261     260
726 0 tri        374     796     375
727 0 tri        321     769     382
728 0 tri        321     347     322
729 0 tri         31      32     105
730 0 tri        779     124     324
731 0 tri          3     200     198
732 0 tri        859     209     205
733 0 tri         50      51     168
734 0 tri        430     178     320
735 0 tri         79      80     111
736 0 tri        860     149     331
737 0 tri        159     158     163
738 0 tri        341     456     159
739 0 tri        798     677     678
740 0 tri        573     644     574
741 0 tri        833     660     415
742 0 tri        118     682     483
743 0 tri        385     790     789
744 0 tri        386     636     750
745 0 tri        765     766     855
746 0 tri        342     578     340
747 0 tri        193     192     861
748 0 tri        751     565     752
749 0 tri        827     278     277
750 0 tri        379     364     363
751 0 tri        318     426     188
752 0 tri        318     568     486
753 0 tri        207     206     204
754 0 tri        731     782     781
755 0 tri        108     552     828
756 0 tri        132     730     777
757 0 tri        680     852     504
758 0 tri        503     623     501
759 0 tri        409     862     459
760 0 tri        447     446     595
761 0 tri        841     838     736
762 0 tri        840     863     557
763 0 tri        616     806     746
764 0 tri        404     635     637
765 0 tri        251     799     380
766 0 tri        240     244     256
767 0 tri        739     701     323
768 0 tri        788     443     445
769 0 tri        779     103     105
770 0 tri        104      33     107
771 0 tri        209     859     492
772 0 tri        209     731     213
773 0 tri        462     589     691
774 0 tri        463     674     460
775 0 tri        234     246     245
776 0 tri        489     448     234
777 0 tri        665     664     578
778 0 tri        342     765     667
779 0 tri        356     225     224
780 0 tri        356     851     354
781 0 tri        253     683     452
782 0 tri        686     558     790
783 0 tri        864      97     807
784 0 tri        722     567     632
785 0 tri        511     785     401
786 0 tri        792     510     509
787 0 tri        479     512     477
788 0 tri        479     361     762
789 0 tri        556     811     723
790 0 tri        528     527     863
791 0 tri        467     461     468
792 0 tri        467     375     575
793 0 tri        193     861     184
794 0 tri        193      58     197
795 0 tri        586     317     423
796 0 tri        585     584     758
797 0 tri        153     155     495
798 0 tri        801     497     627
799 0 tri        312     314     610
800 0 tri        313     312     747
801 0 tri         26      27     119
802 0 tri        498     435     434
803 0 tri        201       5       6
804 0 tri        201     646     813
805 0 tri         74      75     144
806 0 tri        494     606     865
807 0 tri        503     502     443
808 0 tri        500     772     623
809 0 tri        578     395     340
810 0 tri        578     342     665
811 0 tri        857     282     191
812 0 tri        185      43     186
813 0 tri        152     856     825
814 0 tri        151     150     826
815 0 tri        849     146     149
816 0 tri        142     141     115
817 0 tri        809     532     531
818 0 tri        532     809     540
819 0 tri        802     835     506
820 0 tri        679     836     377
821 0 tri        560     810     539
822 0 tri        560     785     511
823 0 tri        466     732     733
824 0 tri        170     786     430
825 0 tri        414     682     415
826 0 tri         98      97     864
827 0 tri        538     321     323
828 0 tri        538     787     454
829 0 tri        322     347     574
830 0 tri        322     700     739
831 0 tri        547     866     659
832 0 tri        546     117     116
833 0 tri        222     755     230
834 0 tri        222      92     215
835 0 tri        106     661     714
836 0 tri        106     123     858
837 0 tri        376     679     377
838 0 tri        376     280     804
839 0 tri        689     610     314
840 0 tri        690     641     303
841 0 tri        480     363     362
842 0 tri        514     360     378
843 0 tri        482     838     751
844 0 tri        307     194     290
845 0 tri        684     683     253
846 0 tri        684     536     540
847 0 tri        292     648     295
848 0 tri        579     792     292
849 0 tri        360     514     844
850 0 tri        360     361     478
851 0 tri        256     300     240
852 0 tri        300     256     519
853 0 tri        226     725     831
854 0 tri        764     855     766
855 0 tri        423     562     416
856 0 tri        423     425     586
857 0 tri        147     854     541
858 0 tri        708     151     148
859 0 tri        282     857     698
860 0 tri        282     699     332
861 0 tri        119     498      26
862 0 tri        119      27     120
863 0 tri        144     494      74
864 0 tri        144      75     145
865 0 tri        202     204     199
866 0 tri        202       4       5
867 0 tri        541     854     164
868 0 tri        541     542     697
869 0 tri        698     857     525
870 0 tri        389     399     524
871 0 tri        459     410     409
872 0 tri        862     770     223
873 0 tri        242     374     243
874 0 tri         16     242      15
875 0 tri        181     613     182
876 0 tri        176     732     181
877 0 tri        143     849     141
878 0 tri        112     142     115
879 0 tri        604     603     771
880 0 tri        604     862     409
881 0 tri        601     433     134
882 0 tri        499     601     772
883 0 tri        647     773     738
884 0 tri        773     647     126
885 0 tri        211     771     603
886 0 tri        224     770     210
887 0 tri        823     570     725
888 0 tri        326     571     327
889 0 tri        181     174     176
890 0 tri        183     523     181
891 0 tri        113     115     109
892 0 tri         82      83     114
893 0 tri         63     776      62
894 0 tri        276      63      64
895 0 tri        275     270     361
896 0 tri        270     275     271
897 0 tri        112     150     825
898 0 tri        438     856     625
899 0 tri        284     283     154
900 0 tri        167     162     845
901 0 tri        616     248     617
902 0 tri        616     418     806
903 0 tri        580     650     581
904 0 tri        510     649     561
905 0 tri          7     602       6
906 0 tri          7       8     218
907 0 tri        289     288     127
908 0 tri        139     135     136
909 0 tri        453     333     591
910 0 tri        453     847     454
911 0 tri        700     738     850
912 0 tri        739     788     701
913 0 tri         28      29     324
914 0 tri        124     779     777
915 0 tri        200     204     206
916 0 tri        859     100     198
917 0 tri         76      77     331
918 0 tri        149     860     849
919 0 tri        778     450     683
920 0 tri        724     808     631
921 0 tri        391     370     758
922 0 tri        392     391     812
923 0 tri        688     824     709
924 0 tri        725     688     823
925 0 tri        633     846     278
926 0 tri        703     790     774
927 0 tri        716     656     227
928 0 tri        231     339     713
929 0 tri        171      53      54
930 0 tri        173     171     814
931 0 tri        768     775     384
932 0 tri        750     366     365
933 0 tri        430     320     102
934 0 tri        178     430     733
935 0 tri        110     115     141
936 0 tri        860     101     111
937 0 tri        523     187     186
938 0 tri        523      44      45
939 0 tri        114     113      82
940 0 tri        114      83     826
941 0 tri        808      98     864
942 0 tri        590     808     724
943 0 tri        588     585     748
944 0 tri        585     588     586
945 0 tri        627     853     696
946 0 tri        627     618     801
947 0 tri        319     188     190
948 0 tri        319     630     567
949 0 tri        852     680     767
950 0 tri        501     852     502
951 0 tri        417     806     418
952 0 tri        806     417     404
953 0 tri        704     400     659
954 0 tri        704     866     544
955 0 tri        756     760     474
956 0 tri        424     759     757
957 0 tri        519     258     272
958 0 tri        258     519     256
959 0 tri        587     317     586
960 0 tri        462     587     589
961 0 tri        345     344      69
962 0 tri        345      70     161
963 0 tri         56      57     184
964 0 tri        180     861     583
965 0 tri        848     132     828
966 0 tri        552     108     123
967 0 tri        221     781     780
968 0 tri        781     221     214
969 0 tri        790     703     789
970 0 tri        790     385     686
971 0 tri        626     497     496
972 0 tri        626     440     336
973 0 tri        343     161     167
974 0 tri        600     166     153
975 0 tri        207     204     203
976 0 tri        208     207     436
977 0 tri        730     134     435
978 0 tri        730     121     777
979 0 tri        427     867     670
980 0 tri        837     607     728
981 0 tri        359     358      60
982 0 tri         61      62     671
983 0 tri        671     359      61
984 0 tri        671      62     776
985 0 tri        428     607     429
986 0 tri        607     428     726
987 0 tri        352     803     353
988 0 tri        352     285     470
989 0 tri        303     471     690
990 0 tri        303     641     304
991 0 tri        212     211     216
992 0 tri        212     229     353
993 0 tri        140     829     135
994 0 tri        647     140     126
995 0 tri        636     702     827
996 0 tri        637     299     404
997 0 tri        573     346     678
998 0 tri        679     677     798
999 0 tri        596     595     824
1000 0 tri        596     712     711
1001 0 tri        329     812     832
1002 0 tri        576     759     756
1003 0 tri        306      20      21
1004 0 tri        306     349     348
1005 0 tri        821     287      11
1006 0 tri        287     821     285
1007 0 tri        808     864     632
1008 0 tri        631     630     695
1009 0 tri        807     722     864
1010 0 tri        807      97     413
1011 0 tri        813     203     201
1012 0 tri        813     646     493
1013 0 tri        434     128     127
1014 0 tri        434     288     498
1015 0 tri        865     155     154
1016 0 tri        865     283     494
1017 0 tri        693     687     692
1018 0 tri        420     422     842
1019 0 tri        245     235     234
1020 0 tri        235     245     491
1021 0 tri        670     867     651
1022 0 tri        612     182     613
1023 0 tri        382     347     321
1024 0 tri        383     382     769
1025 0 tri        299     298     746
1026 0 tri        563     512     513
1027 0 tri        759     576     832
1028 0 tri        758     757     812
1029 0 tri        676     675     301
1030 0 tri         14     676      13
1031 0 tri         18     264      17
1032 0 tri        264      18     281
1033 0 tri        154     845     284
1034 0 tri        154     283     865
1035 0 tri        493     216     211
1036 0 tri        493     603     813
1037 0 tri        127     139     289
1038 0 tri        127     288     434
1039 0 tri        709     823     688
1040 0 tri        595     709     824
1041 0 tri        155     865     441
1042 0 tri        496     440     626
1043 0 tri        564     820     297
1044 0 tri        564     868     405
1045 0 tri        251     381     687
1046 0 tri        251     815     799
1047 0 tri        407     392     743
1048 0 tri        407     666     594
1049 0 tri        475     761     416
1050 0 tri        476     475     418
1051 0 tri        116     681     546
1052 0 tri        116     118     767
1053 0 tri        490     619     842
1054 0 tri        598     719     489
1055 0 tri        354     749     355
1056 0 tri        354     851     304
1057 0 tri        362     634     615
1058 0 tri        481     614     529
1059 0 tri        239      68      69
1060 0 tri        235     491     344
1061 0 tri        742     340     395
1062 0 tri        340     742     397
1063 0 tri        470     285     821
1064 0 tri        470     822     371
1065 0 tri        804     348     805
1066 0 tri        804     550     376
1067 0 tri        727     726     310
1068 0 tri        189     311     839
1069 0 tri        729     606     146
1070 0 tri        729     849     143
1071 0 tri        799     815     257
1072 0 tri        244     799     256
1073 0 tri        669     173     814
1074 0 tri        670     669     837
1075 0 tri        177     670     465
1076 0 tri        177     466     786
1077 0 tri        569     803     302
1078 0 tri        210     569     224
1079 0 tri        638     642     639
1080 0 tri        738     638     647
1081 0 tri        168      51     169
1082 0 tri        430     168     170
1083 0 tri        795     506     793
1084 0 tri        795     819     575
1085 0 tri        577     522     741
1086 0 tri        160     577     542
1087 0 tri        375     796     575
1088 0 tri        261     375     467
1089 0 tri        763      65     263
1090 0 tri        271     763     272
1091 0 tri        219       9      10
1092 0 tri        229     219     286
1093 0 tri        548      22     135
1094 0 tri        349     548     829
1095 0 tri        609     295     297
1096 0 tri        316     315     820
1097 0 tri        509     401     403
1098 0 tri        401     509     511
1099 0 tri        687     381     692
1100 0 tri        252     687     693
1101 0 tri        750     365     386
1102 0 tri        635     750     636
1103 0 tri        480     515     514
1104 0 tri        515     480     530
1105 0 tri        233     232     543
1106 0 tri        233      89     338
1107 0 tri        129      38      39
1108 0 tri        137     129     545
1109 0 tri        229     351     353
1110 0 tri        351     229     286
1111 0 tri        372     675     259
1112 0 tri        301     372     822
1113 0 tri        625     521     335
1114 0 tri        856     697     741
1115 0 tri        689     371     373
1116 0 tri        371     689     690
1117 0 tri        528     863     840
1118 0 tri        528     734     791
1119 0 tri        228     227     656
1120 0 tri        228     824     688
1121 0 tri        747     312     589
1122 0 tri        748     747     588
1123 0 tri        554     437     436
1124 0 tri        554     411     555
1125 0 tri        601     622     505
1126 0 tri        134     133     601
1127 0 tri        196     358     308
1128 0 tri        196     784     197
1129 0 tri        617     248     252
1130 0 tri        617     693     421
1131 0 tri        490     692     381
1132 0 tri        692     490     842
1133 0 tri        416     761     423
1134 0 tri        417     416     562
1135 0 tri        460     291     463
1136 0 tri        460     674     673
1137 0 tri        834     377     265
1138 0 tri        280     834     281
1139 0 tri        655     431     182
1140 0 tri        653     655     612
1141 0 tri        627     800     853
1142 0 tri        394     696     395
1143 0 tri        759     424     760
1144 0 tri        420     756     474
1145 0 tri        414     413      97
1146 0 tri        415     682     833
1147 0 tri        567     630     632
1148 0 tri        568     567     722
1149 0 tri        355     749     368
1150 0 tri        737     390     408
1151 0 tri        195     431     525
1152 0 tri        185     195     857
1153 0 tri        708     152     151
1154 0 tri        152     708     697
1155 0 tri        624     503     572
1156 0 tri        624     740     773
1157 0 tri        305     291     461
1158 0 tri        305     819     793
1159 0 tri        389     524     387
1160 0 tri        400     389     388
1161 0 tri        172     173     170
1162 0 tri        172      52      53
1163 0 tri        695     630     319
1164 0 tri        695     190     839
1165 0 tri        805     550     804
1166 0 tri        642     805     639
1167 0 tri        332      41     282
1168 0 tri        705     332     699
1169 0 tri        854     156     398
1170 0 tri        156     854     147
1171 0 tri        765     342     341
1172 0 tri        594     765     855
1173 0 tri        412     128     499
1174 0 tri        773     412     500
1175 0 tri        862     771     770
1176 0 tri        771     862     604
1177 0 tri        337     442     143
1178 0 tri        335     521     336
1179 0 tri        838     841     566
1180 0 tri        565     464     582
1181 0 tri        559     810     560
1182 0 tri        559     561     267
1183 0 tri        393     664     745
1184 0 tri        394     393     721
1185 0 tri        472     377     836
1186 0 tri        472     802     797
1187 0 tri        137     547     546
1188 0 tri        547     137     545
1189 0 tri        713     657     231
1190 0 tri        755     713     339
1191 0 tri        469     468     689
1192 0 tri        467     469     373
1193 0 tri        851     302     304
1194 0 tri        302     851     224
1195 0 tri        443     788     572
1196 0 tri        444     443     502
1197 0 tri        507     835     679
1198 0 tri        508     507     798
1199 0 tri        405     868     406
1200 0 tri        417     405     404
1201 0 tri        645     644     573
1202 0 tri        645     550     805
1203 0 tri        768     539     540
1204 0 tri        539     768     560
1205 0 tri        629     685     809
1206 0 tri        778     685     629
1207 0 tri        520     742     853
1208 0 tri        520     800     521
1209 0 tri        662     681     753
1210 0 tri        662     138     137
1211 0 tri        641     314     313
1212 0 tri        314     641     690
1213 0 tri        328     665     744
1214 0 tri        843     745     330
1215 0 tri        611     674     691
1216 0 tri        312     611     589
1217 0 tri         34     107      33
1218 0 tri        107      34     858
1219 0 tri        213      94     209
1220 0 tri        213     731     214
1221 0 tri        817     530     529
1222 0 tri        357     817     358
1223 0 tri        840     735     734
1224 0 tri        735     840     736
1225 0 tri        525     431     654
1226 0 tri        526     488     487
1227 0 tri        295     293     292
1228 0 tri        293     295     462
1229 0 tri        715     707     232
1230 0 tri        656     715     657
1231 0 tri        529     614     482
1232 0 tri        529     309     817
1233 0 tri        721     619     719
1234 0 tri        619     721     720
1235 0 tri        259     373     372
1236 0 tri        259     675     260
1237 0 tri        706     707     165
1238 0 tri        398     706     854
1239 0 tri         68     238      67
1240 0 tri        238      68     239
1241 0 tri        580     783     793
1242 0 tri        580     508     650
1243 0 tri        368     749     369
1244 0 tri        368     370     391
1245 0 tri        797     473     472
1246 0 tri        797     802     795
1247 0 tri        253     686     534
1248 0 tri        253     536     684
1249 0 tri        772     500     499
1250 0 tri        505     772     601
1251 0 tri        554     409     411
1252 0 tri        409     554     604
1253 0 tri        542     158     160
1254 0 tri        158     542     164
1255 0 tri        162      71      72
1256 0 tri        162     284     845
1257 0 tri        183     182     431
1258 0 tri        183     187     523
1259 0 tri        220     218       8
1260 0 tri        218     220     216
1261 0 tri        136      23      24
1262 0 tri        136     289     139
1263 0 tri        495     155     496
1264 0 tri        801     495     497
1265 0 tri        794     868     564
1266 0 tri        794     297     296
1267 0 tri        278     702     633
1268 0 tri        278     846     364
1269 0 tri        663     234     236
1270 0 tri        598     663     600
1271 0 tri        165     164     706
1272 0 tri        165     707     716
1273 0 tri        406     868     794
1274 0 tri        635     406     402
1275 0 tri        628     531     538
1276 0 tri        628     847     453
1277 0 tri         99     414      97
1278 0 tri        333     453     334
1279 0 tri        736     840     841
1280 0 tri        482     736     838
1281 0 tri        452     683     450
1282 0 tri        452     451     527
1283 0 tri        566     841     556
1284 0 tri        464     566     311
1285 0 tri        612     652     653
1286 0 tri        612     465     651
1287 0 tri        640     639     829
1288 0 tri        647     640     140
1289 0 tri        592     725     570
1290 0 tri        855     592     594
1291 0 tri        441     496     155
1292 0 tri        441     865     606
1293 0 tri        197     784     290
1294 0 tri         59     197      58
1295 0 tri        225     457     459
1296 0 tri        457     225     356
1297 0 tri        574     644     322
1298 0 tri        346     574     347
1299 0 tri        615     481     362
1300 0 tri        615     634     734
1301 0 tri        267     383     559
1302 0 tri        649     267     561
1303 0 tri        308     784     196
1304 0 tri        308     358     817
1305 0 tri        658     824     228
1306 0 tri        712     658     657
1307 0 tri        661     553     138
1308 0 tri        553     661     106
1309 0 tri        230      91     222
1310 0 tri        339     230     755
1311 0 tri        237     301     822
1312 0 tri        237     821      11
1313 0 tri        273     274     280
1314 0 tri        273     281      18
1315 0 tri        575     796     795
1316 0 tri        461     575     819
1317 0 tri        728     607     726
1318 0 tri        427     728     727
1319 0 tri        518     816     249
1320 0 tri        257     816     518
1321 0 tri        678     268     798
1322 0 tri        678     677     573
1323 0 tri        159     766     341
1324 0 tri        766     159     764
1325 0 tri        513     479     518
1326 0 tri        513     249     248
1327 0 tri        718     502     852
1328 0 tri        830     718     767
1329 0 tri        384     775     385
1330 0 tri        365     384     386
1331 0 tri        814     668     429
1332 0 tri        668     814     171
1333 0 tri        583     428     180
1334 0 tri        583     861     192
1335 0 tri        476     421     474
1336 0 tri        421     476     617
1337 0 tri        789     703     702
1338 0 tri        386     789     636
1339 0 tri        792     581     510
1340 0 tri        648     792     509
1341 0 tri        268     818     798
1342 0 tri        818     268     267
1343 0 tri        632     631     808
1344 0 tri        632     864     722
1345 0 tri        830     485     444
1346 0 tri        485     830     483
1347 0 tri        777     121     124
1348 0 tri        432     777     779
1349 0 tri        859     206     492
1350 0 tri        206     859     200
1351 0 tri        408     593     570
1352 0 tri        408     326     737
1353 0 tri        826      84     151
1354 0 tri        826     150     114
1355 0 tri         44     186      43
1356 0 tri        186      44     523
1357 0 tri        381     449     490
1358 0 tri        449     381     380
1359 0 tri        477     512     298
1360 0 tri        379     477     279
1361 0 tri        717     163     227
1362 0 tri        764     717     226
1363 0 tri        366     402     401
1364 0 tri        367     366     785
1365 0 tri        105     104     779
1366 0 tri        105     103      31
1367 0 tri        205     100     859
1368 0 tri         95     205     209
1369 0 tri        659     866     704
1370 0 tri        660     659     400
1371 0 tri        743     329     744
1372 0 tri        743     666     407
1373 0 tri        380     246     448
1374 0 tri        246     380     244
1375 0 tri        823     571     570
1376 0 tri        571     823     458
1377 0 tri        517     518     762
1378 0 tri        258     517     272
1379 0 tri        439     142     112
1380 0 tri        335     439     438
1381 0 tri        769     537     531
1382 0 tri        321     537     769
1383 0 tri        710     595     446
1384 0 tri        458     710     410
1385 0 tri        714     661     662
1386 0 tri        122     714     753
1387 0 tri        754     755     222
1388 0 tri        711     754     221
1389 0 tri        733     176     178
1390 0 tri        786     733     430
1391 0 tri        793     819     795
1392 0 tri        793     506     580
1393 0 tri        579     292     305
1394 0 tri        579     783     580
1395 0 tri        296     648     509
1396 0 tri        296     403     794
1397 0 tri        466     613     732
1398 0 tri        613     466     465
1399 0 tri        827     277     299
1400 0 tri        827     637     636
1401 0 tri        605     604     554
1402 0 tri        605     436     203
1403 0 tri        128     433     499
1404 0 tri        433     128     434
1405 0 tri        487     568     722
1406 0 tri        487     387     526
1407 0 tri        802     836     835
1408 0 tri        836     802     472
1409 0 tri         52     169      51
1410 0 tri        169      52     172
1411 0 tri        236     235     343
1412 0 tri        236     166     600
1413 0 tri        778     724     450
1414 0 tri        724     778     590
1415 0 tri        597     394     721
1416 0 tri        598     597     719
1417 0 tri        325     327     457
1418 0 tri        355     325     356
1419 0 tri        860     141     849
1420 0 tri        141     860     110
1421 0 tri        751     838     565
1422 0 tri        307     751     194
1423 0 tri        551     848     552
1424 0 tri        753     551     122
1425 0 tri        620     780     555
1426 0 tri        711     620     447
1427 0 tri        250     815     251
1428 0 tri        250     252     248
1429 0 tri        263     519     272
1430 0 tri         66     263      65
1431 0 tri        350     349     829
1432 0 tri        348     350     639
1433 0 tri        298     277     279
1434 0 tri        746     298     563
1435 0 tri        266     265     472
1436 0 tri        473     374     294
1437 0 tri        260     675     676
1438 0 tri        260     243     374
1439 0 tri        761     760     424
1440 0 tri        760     761     475
1441 0 tri        310     189     727
1442 0 tri        310     726     582
1443 0 tri        549     677     376
1444 0 tri        549     550     645
1445 0 tri        533     769     531
1446 0 tri        810     533     532
1447 0 tri        290     784     307
1448 0 tri        193     290     194
1449 0 tri        673     610     689
1450 0 tri        673     468     460
1451 0 tri        535     775     768
1452 0 tri        536     535     540
1453 0 tri        691     463     462
1454 0 tri        691     589     611
1455 0 tri        179      55      56
1456 0 tri        179     180     428
1457 0 tri        654     526     525
1458 0 tri        654     431     655
1459 0 tri        791     558     528
1460 0 tri        634     791     734
1461 0 tri        255     254     528
1462 0 tri        686     255     558
1463 0 tri        534     775     535
1464 0 tri        534     536     253
1465 0 tri        853     800     520
1466 0 tri        853     742     395
1467 0 tri        555     411     447
1468 0 tri        437     555     780
1469 0 tri        848     622     133
1470 0 tri        622     848     621
1471 0 tri        844     275     360
1472 0 tri        844     514     516
1473 0 tri        831     725     592
1474 0 tri        764     831     855
1475 0 tri        544     705     704
1476 0 tri        544     866     547
1477 0 tri        643     638     738
1478 0 tri        643     700     644
1479 0 tri        504     621     680
1480 0 tri        504     852     501
1481 0 tri        130     705     544
1482 0 tri        130     545     129
1483 0 tri        543     398      87
1484 0 tri        543      88     233
1485 0 tri         17     247      16
1486 0 tri        247      17     264
1487 0 tri        241      15     242
1488 0 tri        241     243     676
1489 0 tri        445     444     485
1490 0 tri        445     455     454
1491 0 tri        199       4     202
1492 0 tri        200     199     204
1493 0 tri        120      27      28
1494 0 tri        121     120     124
1495 0 tri        145      75      76
1496 0 tri        146     145     149
1497 0 tri        667     665     342
1498 0 tri        594     667     765
1499 0 tri        425     584     586
1500 0 tri        584     425     757
1501 0 tri        650     510     581
1502 0 tri        650     508     818
1503 0 tri        591     590     778
1504 0 tri        591     629     453
1505 0 tri        315     609     820
1506 0 tri        315     317     587
1507 0 tri        716     715     656
1508 0 tri        716     227     165
1509 0 tri        269     383     267
1510 0 tri        346     269     268
1511 0 tri        223     459     862
1512 0 tri        223     770     224
1513 0 tri        672     776     276
1514 0 tri        776     672     671
1515 0 tri        399     698     524
1516 0 tri        704     399     400
1517 0 tri        369     749     419
1518 0 tri        369     748     585
1519 0 tri        333      98     590
1520 0 tri         98     333      99
1521 0 tri        262      66      67
1522 0 tri        519     262     300
1523 0 tri        184      57     193
1524 0 tri        180     184     861
1525 0 tri        491     245     244
1526 0 tri        344     491     239
1527 0 tri        454     847     538
1528 0 tri        454     787     445
1529 0 tri        651     465     670
1530 0 tri        652     651     867
1531 0 tri        117     833     118
1532 0 tri        660     833     117
1533 0 tri        378     480     514
1534 0 tri        378     360     379
1535 0 tri        191     185     857
1536 0 tri         42     191     282
1537 0 tri        148     147     708
1538 0 tri        148     151      84
1539 0 tri        843     720     745
1540 0 tri        420     843     330
1541 0 tri        486     568     487
1542 0 tri        653     486     488
1543 0 tri        396     577     160
1544 0 tri        396     397     742
1545 0 tri        618     599     801
1546 0 tri        599     618     597
1547 0 tri        334     453     455
1548 0 tri         99     334     484
1549 0 tri        388     413     415
1550 0 tri        413     388     807
1551 0 tri        410     446     411
1552 0 tri        446     410     710
1553 0 tri        752     192     194
1554 0 tri        192     752     583
1555 0 tri        832     757     759
1556 0 tri        832     576     329
1557 0 tri        787     701     788
1558 0 tri        701     787     538
1559 0 tri        516     672     844
1560 0 tri        357     516     515
1561 0 tri        582     726     428
1562 0 tri        582     752     565
1563 0 tri        572     788     739
1564 0 tri        572     740     624
1565 0 tri        740     850     738
1566 0 tri        739     850     740
1567 0 tri        623     624     500
1568 0 tri        501     623     772
1569 0 tri        103     324      29
1570 0 tri        324     103     779
1571 0 tri        198     200     859
1572 0 tri          2     198     100
1573 0 tri        101     331      77
1574 0 tri        331     101     860
1575 0 tri        762     518     479
1576 0 tri        270     762     361
1577 0 tri        839     723     695
1578 0 tri        839     190     189
1579 0 tri        316     820     564
1580 0 tri        317     316     423
1581 0 tri        208     782     492
1582 0 tri        782     208     780
1583 0 tri        828     432     108
1584 0 tri        828     552     848
1585 0 tri        157     284      72
1586 0 tri        157      73     494
1587 0 tri        741     625     856
1588 0 tri        741     697     577
1589 0 tri        811     451     450
1590 0 tri        723     811     694
1591 0 tri        131     289      24
1592 0 tri        131      25     498
1593 0 tri        646     602     217
1594 0 tri        602     646     201
1595 0 tri        364     279     278
1596 0 tri        364     846     362
1597 0 tri        825     150     152
1598 0 tri        438     825     856
1599 0 tri        557     863     527
1600 0 tri        841     557     556
1601 0 tri        483     414     484
1602 0 tri        483     830     118
1603 0 tri        774     633     703
1604 0 tri        774     790     791
1605 0 tri        608     814     429
1606 0 tri        837     608     607
1607 0 tri        160     456     397
1608 0 tri        159     456     160
1609 0 tri        478     379     360
1610 0 tri        479     478     361
1611 0 tri        744     329     328
1612 0 tri        666     744     665
1613 0 tri        867     426     652
1614 0 tri        426     867     427
1615 0 tri        336     521     626
1616 0 tri        337     336     440
1617 0 tri        167     161     162
1618 0 tri        167     845     153
1619 0 tri        745     328     330
1620 0 tri        745     720     393
1621 0 tri        527     254     452
1622 0 tri        527     451     556
1623 0 tri        109      81     113
1624 0 tri        110     109     115
1625 0 tri        175      46      47
1626 0 tri        176     175     178
1627 0 tri        858     123     107
1628 0 tri         35     858      34
1629 0 tri        215     214     222
1630 0 tri         93     215      92
1631 0 tri         47     320     178
1632 0 tri        320      47      48
1633 0 tri        111     110     860
1634 0 tri        111     101      79
1635 0 tri        338      89      90
1636 0 tri        338     339     231
1637 0 tri        125     138      37
1638 0 tri        129     125      38