1    0.000000000000000e+00   0.000000000000000e+00   0.000000000000000e+00 
2    0.000000000000000e+00   1.282051282051282e-02   0.000000000000000e+00 
3    0.000000000000000e+00   2.564102564102564e-02   0.000000000000000e+00 
4    0.000000000000000e+00   3.846153846153846e-02   0.000000000000000e+00 
5    0.000000000000000e+00   5.128205128205128e-02   0.000000000000000e+00 
6    0.000000000000000e+00   6.410256410256410e-02   0.000000000000000e+00 
7    0.000000000000000e+00   7.692307692307693e-02   0.000000000000000e+00 
8    0.000000000000000e+00   8.974358974358974e-02   0.000000000000000e+00 
9    0.000000000000000e+00   1.025641025641026e-01   0.000000000000000e+00 
10    0.000000000000000e+00   1.153846153846154e-01   0.000000000000000e+00 
11    0.000000000000000e+00   1.282051282051282e-01   0.000000000000000e+00 
12    0.000000000000000e+00   1.410256410256410e-01   0.000000000000000e+00 
13    0.000000000000000e+00   1.538461538461539e-01   0.000000000000000e+00 
14    0.000000000000000e+00   1.666666666666667e-01   0.000000000000000e+00 
15    0.000000000000000e+00   1.794871794871795e-01   0.000000000000000e+00 
16    0.000000000000000e+00   1.923076923076923e-01   0.000000000000000e+00 
17    0.000000000000000e+00   2.051282051282051e-01   0.000000000000000e+00 
18    0.000000000000000e+00   2.179487179487180e-01   0.000000000000000e+00 
19    0.000000000000000e+00   2.307692307692308e-01   0.000000000000000e+00 
20    0.000000000000000e+00   2.435897435897436e-01   0.000000000000000e+00 
21    0.000000000000000e+00   2.564102564102564e-01   0.000000000000000e+00 
22    0.000000000000000e+00   2.692307692307692e-01   0.000000000000000e+00 
23    0.000000000000000e+00   2.820512820512821e-01   0.000000000000000e+00 
24    0.000000000000000e+00   2.948717948717949e-01   0.000000000000000e+00 
25    0.000000000000000e+00   3.076923076923077e-01   0.000000000000000e+00 
26    0.000000000000000e+00   3.205128205128205e-01   0.000000000000000e+00 
27    0.000000000000000e+00   3.333333333333333e-01   0.000000000000000e+00 
28    0.000000000000000e+00   3.461538461538462e-01   0.000000000000000e+00 
29    0.000000000000000e+00   3.589743589743590e-01   0.000000000000000e+00 
30    0.000000000000000e+00   3.717948717948718e-01   0.000000000000000e+00 
31    0.000000000000000e+00   3.846153846153846e-01   0.000000000000000e+00 
32    0.000000000000000e+00   3.974358974358974e-01   0.000000000000000e+00 
33    0.000000000000000e+00   4.102564102564102e-01   0.000000000000000e+00 
34    0.000000000000000e+00   4.230769230769231e-01   0.000000000000000e+00 
35    0.000000000000000e+00   4.358974358974359e-01   0.000000000000000e+00 
36    0.000000000000000e+00   4.487179487179487e-01   0.000000000000000e+00 
37    0.000000000000000e+00   4.615384615384615e-01   0.000000000000000e+00 
38    0.000000000000000e+00   4.743589743589743e-01   0.000000000000000e+00 
39    0.000000000000000e+00   4.871794871794872e-01   0.000000000000000e+00 
40    0.000000000000000e+00   5.000000000000000e-01   0.000000000000000e+00 
41    1.315789473684212e-02   0.000000000000000e+00   0.000000000000000e+00 
42    1.315789473684212e-02   1.282051282051282e-02   0.000000000000000e+00 
43    1.315789473684212e-02   2.564102564102564e-02   0.000000000000000e+00 
44    1.315789473684212e-02   3.846153846153846e-02   0.000000000000000e+00 
45    1.315789473684212e-02   5.128205128205128e-02   0.000000000000000e+00 
46    1.315789473684212e-02   6.410256410256410e-02   0.000000000000000e+00 
47    1.315789473684212e-02   7.692307692307693e-02   0.000000000000000e+00 
48    1.315789473684211e-02   8.974358974358974e-02   0.000000000000000e+00 
49    1.315789473684212e-02   1.025641025641026e-01   0.000000000000000e+00 
50    1.315789473684212e-02   1.153846153846154e-01   0.000000000000000e+00 
51    1.315789473684212e-02   1.282051282051282e-01   0.000000000000000e+00 
52    1.315789473684212e-02   1.410256410256410e-01   0.000000000000000e+00 
53    1.315789473684212e-02   1.538461538461539e-01   0.000000000000000e+00 
54    1.315789473684212e-02   1.666666666666667e-01   0.000000000000000e+00 
55    1.315789473684211e-02   1.794871794871795e-01   0.000000000000000e+00 
56    1.315789473684211e-02   1.923076923076922e-01   0.000000000000000e+00 
57    1.315789473684211e-02   2.051282051282051e-01   0.000000000000000e+00 
58    1.315789473684211e-02   2.179487179487179e-01   0.000000000000000e+00 
59    1.315789473684211e-02   2.307692307692308e-01   0.000000000000000e+00 
60    1.315789473684211e-02   2.435897435897436e-01   0.000000000000000e+00 
61    1.315789473684211e-02   2.564102564102564e-01   0.000000000000000e+00 
62    1.315789473684211e-02   2.692307692307692e-01   0.000000000000000e+00 
63    1.315789473684211e-02   2.820512820512821e-01   0.000000000000000e+00 
64    1.315789473684211e-02   2.948717948717948e-01   0.000000000000000e+00 
65    1.315789473684211e-02   3.076923076923078e-01   0.000000000000000e+00 
66    1.315789473684211e-02   3.205128205128205e-01   0.000000000000000e+00 
67    1.315789473684211e-02   3.333333333333334e-01   0.000000000000000e+00 
68    1.315789473684211e-02   3.461538461538462e-01   0.000000000000000e+00 
69    1.315789473684211e-02   3.589743589743589e-01   0.000000000000000e+00 
70    1.315789473684211e-02   3.717948717948718e-01   0.000000000000000e+00 
71    1.315789473684211e-02   3.846153846153845e-01   0.000000000000000e+00 
72    1.315789473684211e-02   3.974358974358975e-01   0.000000000000000e+00 
73    1.315789473684211e-02   4.102564102564103e-01   0.000000000000000e+00 
74    1.315789473684211e-02   4.230769230769231e-01   0.000000000000000e+00 
75    1.315789473684211e-02   4.358974358974359e-01   0.000000000000000e+00 
76    1.315789473684211e-02   4.487179487179487e-01   0.000000000000000e+00 
77    1.315789473684210e-02   4.615384615384615e-01   0.000000000000000e+00 
78    1.315789473684211e-02   4.743589743589743e-01   0.000000000000000e+00 
79    1.315789473684211e-02   4.871794871794871e-01   0.000000000000000e+00 
80    1.315789473684211e-02   5.000000000000000e-01   0.000000000000000e+00 
81    2.631578947368424e-02   0.000000000000000e+00   0.000000000000000e+00 
82    2.631578947368424e-02   1.282051282051282e-02   0.000000000000000e+00 
83    2.631578947368424e-02   2.564102564102565e-02   0.000000000000000e+00 
84    2.631578947368424e-02   3.846153846153846e-02   0.000000000000000e+00 
85    2.631578947368424e-02   5.128205128205129e-02   0.000000000000000e+00 
86    2.631578947368423e-02   6.410256410256410e-02   0.000000000000000e+00 
87    2.631578947368423e-02   7.692307692307693e-02   0.000000000000000e+00 
88    2.631578947368423e-02   8.974358974358974e-02   0.000000000000000e+00 
89    2.631578947368423e-02   1.025641025641026e-01   0.000000000000000e+00 
90    2.631578947368423e-02   1.153846153846154e-01   0.000000000000000e+00 
91    2.631578947368423e-02   1.282051282051282e-01   0.000000000000000e+00 
92    2.631578947368423e-02   1.410256410256410e-01   0.000000000000000e+00 
93    2.631578947368423e-02   1.538461538461539e-01   0.000000000000000e+00 
94    2.631578947368423e-02   1.666666666666667e-01   0.000000000000000e+00 
95    2.631578947368423e-02   1.794871794871795e-01   0.000000000000000e+00 
96    2.631578947368423e-02   1.923076923076923e-01   0.000000000000000e+00 
97    2.631578947368423e-02   2.051282051282052e-01   0.000000000000000e+00 
98    2.631578947368422e-02   2.179487179487180e-01   0.000000000000000e+00 
99    2.631578947368422e-02   2.307692307692307e-01   0.000000000000000e+00 
100    2.631578947368422e-02   2.435897435897436e-01   0.000000000000000e+00 
101    2.631578947368422e-02   2.564102564102564e-01   0.000000000000000e+00 
102    2.631578947368422e-02   2.692307692307692e-01   0.000000000000000e+00 
103    2.631578947368423e-02   2.820512820512821e-01   0.000000000000000e+00 
104    2.631578947368422e-02   2.948717948717948e-01   0.000000000000000e+00 
105    2.631578947368422e-02   3.076923076923077e-01   0.000000000000000e+00 
106    2.631578947368421e-02   3.205128205128205e-01   0.000000000000000e+00 
107    2.631578947368422e-02   3.333333333333333e-01   0.000000000000000e+00 
108    2.631578947368422e-02   3.461538461538462e-01   0.000000000000000e+00 
109    2.631578947368422e-02   3.589743589743590e-01   0.000000000000000e+00 
110    2.631578947368422e-02   3.717948717948718e-01   0.000000000000000e+00 
111    2.631578947368422e-02   3.846153846153847e-01   0.000000000000000e+00 
112    2.631578947368422e-02   3.974358974358975e-01   0.000000000000000e+00 
113    2.631578947368422e-02   4.102564102564102e-01   0.000000000000000e+00 
114    2.631578947368421e-02   4.230769230769230e-01   0.000000000000000e+00 
115    2.631578947368421e-02   4.358974358974359e-01   0.000000000000000e+00 
116    2.631578947368421e-02   4.487179487179487e-01   0.000000000000000e+00 
117    2.631578947368421e-02   4.615384615384615e-01   0.000000000000000e+00 
118    2.631578947368421e-02   4.743589743589745e-01   0.000000000000000e+00 
119    2.631578947368421e-02   4.871794871794873e-01   0.000000000000000e+00 
120    2.631578947368421e-02   5.000000000000000e-01   0.000000000000000e+00 
121    3.947368421052633e-02   0.000000000000000e+00   0.000000000000000e+00 
122    3.947368421052633e-02   1.282051282051282e-02   0.000000000000000e+00 
123    3.947368421052633e-02   2.564102564102564e-02   0.000000000000000e+00 
124    3.947368421052633e-02   3.846153846153846e-02   0.000000000000000e+00 
125    3.947368421052633e-02   5.128205128205128e-02   0.000000000000000e+00 
126    3.947368421052633e-02   6.410256410256410e-02   0.000000000000000e+00 
127    3.947368421052633e-02   7.692307692307693e-02   0.000000000000000e+00 
128    3.947368421052633e-02   8.974358974358974e-02   0.000000000000000e+00 
129    3.947368421052633e-02   1.025641025641026e-01   0.000000000000000e+00 
130    3.947368421052633e-02   1.153846153846154e-01   0.000000000000000e+00 
131    3.947368421052633e-02   1.282051282051282e-01   0.000000000000000e+00 
132    3.947368421052632e-02   1.410256410256410e-01   0.000000000000000e+00 
133    3.947368421052633e-02   1.538461538461539e-01   0.000000000000000e+00 
134    3.947368421052633e-02   1.666666666666667e-01   0.000000000000000e+00 
135    3.947368421052632e-02   1.794871794871795e-01   0.000000000000000e+00 
136    3.947368421052632e-02   1.923076923076923e-01   0.000000000000000e+00 
137    3.947368421052633e-02   2.051282051282051e-01   0.000000000000000e+00 
138    3.947368421052632e-02   2.179487179487179e-01   0.000000000000000e+00 
139    3.947368421052633e-02   2.307692307692308e-01   0.000000000000000e+00 
140    3.947368421052631e-02   2.435897435897436e-01   0.000000000000000e+00 
141    3.947368421052632e-02   2.564102564102564e-01   0.000000000000000e+00 
142    3.947368421052632e-02   2.692307692307692e-01   0.000000000000000e+00 
143    3.947368421052632e-02   2.820512820512821e-01   0.000000000000000e+00 
144    3.947368421052631e-02   2.948717948717949e-01   0.000000000000000e+00 
145    3.947368421052632e-02   3.076923076923077e-01   0.000000000000000e+00 
146    3.947368421052632e-02   3.205128205128204e-01   0.000000000000000e+00 
147    3.947368421052632e-02   3.333333333333333e-01   0.000000000000000e+00 
148    3.947368421052631e-02   3.461538461538462e-01   0.000000000000000e+00 
149    3.947368421052631e-02   3.589743589743590e-01   0.000000000000000e+00 
150    3.947368421052631e-02   3.717948717948719e-01   0.000000000000000e+00 
151    3.947368421052631e-02   3.846153846153846e-01   0.000000000000000e+00 
152    3.947368421052631e-02   3.974358974358975e-01   0.000000000000000e+00 
153    3.947368421052631e-02   4.102564102564102e-01   0.000000000000000e+00 
154    3.947368421052631e-02   4.230769230769231e-01   0.000000000000000e+00 
155    3.947368421052631e-02   4.358974358974359e-01   0.000000000000000e+00 
156    3.947368421052631e-02   4.487179487179487e-01   0.000000000000000e+00 
157    3.947368421052631e-02   4.615384615384616e-01   0.000000000000000e+00 
158    3.947368421052631e-02   4.743589743589743e-01   0.000000000000000e+00 
159    3.947368421052631e-02   4.871794871794871e-01   0.000000000000000e+00 
160    3.947368421052631e-02   5.000000000000000e-01   0.000000000000000e+00 
161    5.263157894736842e-02   0.000000000000000e+00   0.000000000000000e+00 
162    5.263157894736842e-02   1.282051282051282e-02   0.000000000000000e+00 
163    5.263157894736842e-02   2.564102564102564e-02   0.000000000000000e+00 
164    5.263157894736842e-02   3.846153846153847e-02   0.000000000000000e+00 
165    5.263157894736842e-02   5.128205128205128e-02   0.000000000000000e+00 
166    5.263157894736842e-02   6.410256410256410e-02   0.000000000000000e+00 
167    5.263157894736842e-02   7.692307692307693e-02   0.000000000000000e+00 
168    5.263157894736842e-02   8.974358974358977e-02   0.000000000000000e+00 
169    5.263157894736842e-02   1.025641025641026e-01   0.000000000000000e+00 
170    5.263157894736842e-02   1.153846153846154e-01   0.000000000000000e+00 
171    5.263157894736842e-02   1.282051282051282e-01   0.000000000000000e+00 
172    5.263157894736842e-02   1.410256410256410e-01   0.000000000000000e+00 
173    5.263157894736842e-02   1.538461538461539e-01   0.000000000000000e+00 
174    5.263157894736842e-02   1.666666666666667e-01   0.000000000000000e+00 
175    5.263157894736842e-02   1.794871794871795e-01   0.000000000000000e+00 
176    5.263157894736842e-02   1.923076923076923e-01   0.000000000000000e+00 
177    5.263157894736842e-02   2.051282051282052e-01   0.000000000000000e+00 
178    5.263157894736842e-02   2.179487179487180e-01   0.000000000000000e+00 
179    5.263157894736842e-02   2.307692307692308e-01   0.000000000000000e+00 
180    5.263157894736842e-02   2.435897435897436e-01   0.000000000000000e+00 
181    5.263157894736842e-02   2.564102564102564e-01   0.000000000000000e+00 
182    5.263157894736842e-02   2.692307692307692e-01   0.000000000000000e+00 
183    5.263157894736842e-02   2.820512820512821e-01   0.000000000000000e+00 
184    5.263157894736842e-02   2.948717948717949e-01   0.000000000000000e+00 
185    5.263157894736842e-02   3.076923076923077e-01   0.000000000000000e+00 
186    5.263157894736842e-02   3.205128205128205e-01   0.000000000000000e+00 
187    5.263157894736842e-02   3.333333333333333e-01   0.000000000000000e+00 
188    5.263157894736842e-02   3.461538461538462e-01   0.000000000000000e+00 
189    5.263157894736842e-02   3.589743589743591e-01   0.000000000000000e+00 
190    5.263157894736842e-02   3.717948717948717e-01   0.000000000000000e+00 
191    5.263157894736842e-02   3.846153846153846e-01   0.000000000000000e+00 
192    5.263157894736842e-02   3.974358974358975e-01   0.000000000000000e+00 
193    5.263157894736842e-02   4.102564102564104e-01   0.000000000000000e+00 
194    5.263157894736842e-02   4.230769230769230e-01   0.000000000000000e+00 
195    5.263157894736842e-02   4.358974358974359e-01   0.000000000000000e+00 
196    5.263157894736842e-02   4.487179487179487e-01   0.000000000000000e+00 
197    5.263157894736842e-02   4.615384615384616e-01   0.000000000000000e+00 
198    5.263157894736842e-02   4.743589743589742e-01   0.000000000000000e+00 
199    5.263157894736842e-02   4.871794871794871e-01   0.000000000000000e+00 
200    5.263157894736842e-02   5.000000000000000e-01   0.000000000000000e+00 
201    6.578947368421054e-02   0.000000000000000e+00   0.000000000000000e+00 
202    6.578947368421054e-02   1.282051282051282e-02   0.000000000000000e+00 
203    6.578947368421054e-02   2.564102564102565e-02   0.000000000000000e+00 
204    6.578947368421054e-02   3.846153846153847e-02   0.000000000000000e+00 
205    6.578947368421054e-02   5.128205128205129e-02   0.000000000000000e+00 
206    6.578947368421054e-02   6.410256410256410e-02   0.000000000000000e+00 
207    6.578947368421054e-02   7.692307692307693e-02   0.000000000000000e+00 
208    6.578947368421054e-02   8.974358974358974e-02   0.000000000000000e+00 
209    6.578947368421054e-02   1.025641025641026e-01   0.000000000000000e+00 
210    6.578947368421054e-02   1.153846153846154e-01   0.000000000000000e+00 
211    6.578947368421054e-02   1.282051282051282e-01   0.000000000000000e+00 
212    6.578947368421054e-02   1.410256410256410e-01   0.000000000000000e+00 
213    6.578947368421054e-02   1.538461538461539e-01   0.000000000000000e+00 
214    6.578947368421054e-02   1.666666666666667e-01   0.000000000000000e+00 
215    6.578947368421054e-02   1.794871794871795e-01   0.000000000000000e+00 
216    6.578947368421054e-02   1.923076923076923e-01   0.000000000000000e+00 
217    6.578947368421054e-02   2.051282051282051e-01   0.000000000000000e+00 
218    6.578947368421054e-02   2.179487179487179e-01   0.000000000000000e+00 
219    6.578947368421054e-02   2.307692307692308e-01   0.000000000000000e+00 
220    6.578947368421054e-02   2.435897435897436e-01   0.000000000000000e+00 
221    6.578947368421055e-02   2.564102564102564e-01   0.000000000000000e+00 
222    6.578947368421052e-02   2.692307692307693e-01   0.000000000000000e+00 
223    6.578947368421052e-02   2.820512820512821e-01   0.000000000000000e+00 
224    6.578947368421055e-02   2.948717948717949e-01   0.000000000000000e+00 
225    6.578947368421055e-02   3.076923076923077e-01   0.000000000000000e+00 
226    6.578947368421055e-02   3.205128205128205e-01   0.000000000000000e+00 
227    6.578947368421055e-02   3.333333333333334e-01   0.000000000000000e+00 
228    6.578947368421055e-02   3.461538461538462e-01   0.000000000000000e+00 
229    6.578947368421052e-02   3.589743589743590e-01   0.000000000000000e+00 
230    6.578947368421052e-02   3.717948717948718e-01   0.000000000000000e+00 
231    6.578947368421052e-02   3.846153846153846e-01   0.000000000000000e+00 
232    6.578947368421052e-02   3.974358974358974e-01   0.000000000000000e+00 
233    6.578947368421052e-02   4.102564102564104e-01   0.000000000000000e+00 
234    6.578947368421052e-02   4.230769230769231e-01   0.000000000000000e+00 
235    6.578947368421052e-02   4.358974358974359e-01   0.000000000000000e+00 
236    6.578947368421052e-02   4.487179487179487e-01   0.000000000000000e+00 
237    6.578947368421052e-02   4.615384615384616e-01   0.000000000000000e+00 
238    6.578947368421052e-02   4.743589743589743e-01   0.000000000000000e+00 
239    6.578947368421052e-02   4.871794871794872e-01   0.000000000000000e+00 
240    6.578947368421052e-02   5.000000000000000e-01   0.000000000000000e+00 
241    7.894736842105266e-02   0.000000000000000e+00   0.000000000000000e+00 
242    7.894736842105266e-02   1.282051282051282e-02   0.000000000000000e+00 
243    7.894736842105266e-02   2.564102564102565e-02   0.000000000000000e+00 
244    7.894736842105266e-02   3.846153846153847e-02   0.000000000000000e+00 
245    7.894736842105266e-02   5.128205128205129e-02   0.000000000000000e+00 
246    7.894736842105266e-02   6.410256410256410e-02   0.000000000000000e+00 
247    7.894736842105266e-02   7.692307692307693e-02   0.000000000000000e+00 
248    7.894736842105266e-02   8.974358974358974e-02   0.000000000000000e+00 
249    7.894736842105266e-02   1.025641025641026e-01   0.000000000000000e+00 
250    7.894736842105266e-02   1.153846153846154e-01   0.000000000000000e+00 
251    7.894736842105267e-02   1.282051282051282e-01   0.000000000000000e+00 
252    7.894736842105264e-02   1.410256410256410e-01   0.000000000000000e+00 
253    7.894736842105267e-02   1.538461538461539e-01   0.000000000000000e+00 
254    7.894736842105267e-02   1.666666666666667e-01   0.000000000000000e+00 
255    7.894736842105264e-02   1.794871794871795e-01   0.000000000000000e+00 
256    7.894736842105264e-02   1.923076923076923e-01   0.000000000000000e+00 
257    7.894736842105267e-02   2.051282051282051e-01   0.000000000000000e+00 
258    7.894736842105264e-02   2.179487179487180e-01   0.000000000000000e+00 
259    7.894736842105267e-02   2.307692307692308e-01   0.000000000000000e+00 
260    7.894736842105261e-02   2.435897435897436e-01   0.000000000000000e+00 
261    7.894736842105264e-02   2.564102564102564e-01   0.000000000000000e+00 
262    7.894736842105264e-02   2.692307692307692e-01   0.000000000000000e+00 
263    7.894736842105264e-02   2.820512820512821e-01   0.000000000000000e+00 
264    7.894736842105261e-02   2.948717948717949e-01   0.000000000000000e+00 
265    7.894736842105264e-02   3.076923076923077e-01   0.000000000000000e+00 
266    7.894736842105264e-02   3.205128205128205e-01   0.000000000000000e+00 
267    7.894736842105264e-02   3.333333333333333e-01   0.000000000000000e+00 
268    7.894736842105261e-02   3.461538461538462e-01   0.000000000000000e+00 
269    7.894736842105261e-02   3.589743589743589e-01   0.000000000000000e+00 
270    7.894736842105261e-02   3.717948717948718e-01   0.000000000000000e+00 
271    7.894736842105263e-02   3.846153846153846e-01   0.000000000000000e+00 
272    7.894736842105263e-02   3.974358974358974e-01   0.000000000000000e+00 
273    7.894736842105263e-02   4.102564102564102e-01   0.000000000000000e+00 
274    7.894736842105263e-02   4.230769230769232e-01   0.000000000000000e+00 
275    7.894736842105263e-02   4.358974358974359e-01   0.000000000000000e+00 
276    7.894736842105263e-02   4.487179487179487e-01   0.000000000000000e+00 
277    7.894736842105263e-02   4.615384615384616e-01   0.000000000000000e+00 
278    7.894736842105263e-02   4.743589743589743e-01   0.000000000000000e+00 
279    7.894736842105263e-02   4.871794871794872e-01   0.000000000000000e+00 
280    7.894736842105263e-02   5.000000000000000e-01   0.000000000000000e+00 
281    9.210526315789475e-02   0.000000000000000e+00   0.000000000000000e+00 
282    9.210526315789475e-02   1.282051282051282e-02   0.000000000000000e+00 
283    9.210526315789475e-02   2.564102564102565e-02   0.000000000000000e+00 
284    9.210526315789475e-02   3.846153846153847e-02   0.000000000000000e+00 
285    9.210526315789475e-02   5.128205128205129e-02   0.000000000000000e+00 
286    9.210526315789475e-02   6.410256410256410e-02   0.000000000000000e+00 
287    9.210526315789475e-02   7.692307692307693e-02   0.000000000000000e+00 
288    9.210526315789475e-02   8.974358974358974e-02   0.000000000000000e+00 
289    9.210526315789475e-02   1.025641025641026e-01   0.000000000000000e+00 
290    9.210526315789475e-02   1.153846153846154e-01   0.000000000000000e+00 
291    9.210526315789475e-02   1.282051282051282e-01   0.000000000000000e+00 
292    9.210526315789475e-02   1.410256410256410e-01   0.000000000000000e+00 
293    9.210526315789475e-02   1.538461538461539e-01   0.000000000000000e+00 
294    9.210526315789475e-02   1.666666666666667e-01   0.000000000000000e+00 
295    9.210526315789475e-02   1.794871794871795e-01   0.000000000000000e+00 
296    9.210526315789475e-02   1.923076923076923e-01   0.000000000000000e+00 
297    9.210526315789475e-02   2.051282051282051e-01   0.000000000000000e+00 
298    9.210526315789475e-02   2.179487179487180e-01   0.000000000000000e+00 
299    9.210526315789475e-02   2.307692307692308e-01   0.000000000000000e+00 
300    9.210526315789475e-02   2.435897435897436e-01   0.000000000000000e+00 
301    9.210526315789476e-02   2.564102564102564e-01   0.000000000000000e+00 
302    9.210526315789476e-02   2.692307692307692e-01   0.000000000000000e+00 
303    9.210526315789476e-02   2.820512820512821e-01   0.000000000000000e+00 
304    9.210526315789476e-02   2.948717948717949e-01   0.000000000000000e+00 
305    9.210526315789476e-02   3.076923076923077e-01   0.000000000000000e+00 
306    9.210526315789473e-02   3.205128205128204e-01   0.000000000000000e+00 
307    9.210526315789476e-02   3.333333333333333e-01   0.000000000000000e+00 
308    9.210526315789473e-02   3.461538461538462e-01   0.000000000000000e+00 
309    9.210526315789476e-02   3.589743589743590e-01   0.000000000000000e+00 
310    9.210526315789473e-02   3.717948717948718e-01   0.000000000000000e+00 
311    9.210526315789473e-02   3.846153846153846e-01   0.000000000000000e+00 
312    9.210526315789476e-02   3.974358974358974e-01   0.000000000000000e+00 
313    9.210526315789473e-02   4.102564102564102e-01   0.000000000000000e+00 
314    9.210526315789476e-02   4.230769230769230e-01   0.000000000000000e+00 
315    9.210526315789473e-02   4.358974358974358e-01   0.000000000000000e+00 
316    9.210526315789473e-02   4.487179487179487e-01   0.000000000000000e+00 
317    9.210526315789473e-02   4.615384615384617e-01   0.000000000000000e+00 
318    9.210526315789473e-02   4.743589743589743e-01   0.000000000000000e+00 
319    9.210526315789473e-02   4.871794871794871e-01   0.000000000000000e+00 
320    9.210526315789473e-02   5.000000000000000e-01   0.000000000000000e+00 
321    1.052631578947368e-01   0.000000000000000e+00   0.000000000000000e+00 
322    1.052631578947368e-01   1.282051282051282e-02   0.000000000000000e+00 
323    1.052631578947368e-01   2.564102564102564e-02   0.000000000000000e+00 
324    1.052631578947368e-01   3.846153846153848e-02   0.000000000000000e+00 
325    1.052631578947368e-01   5.128205128205129e-02   0.000000000000000e+00 
326    1.052631578947368e-01   6.410256410256410e-02   0.000000000000000e+00 
327    1.052631578947368e-01   7.692307692307693e-02   0.000000000000000e+00 
328    1.052631578947368e-01   8.974358974358974e-02   0.000000000000000e+00 
329    1.052631578947368e-01   1.025641025641026e-01   0.000000000000000e+00 
330    1.052631578947368e-01   1.153846153846154e-01   0.000000000000000e+00 
331    1.052631578947368e-01   1.282051282051282e-01   0.000000000000000e+00 
332    1.052631578947368e-01   1.410256410256410e-01   0.000000000000000e+00 
333    1.052631578947368e-01   1.538461538461539e-01   0.000000000000000e+00 
334    1.052631578947368e-01   1.666666666666667e-01   0.000000000000000e+00 
335    1.052631578947368e-01   1.794871794871795e-01   0.000000000000000e+00 
336    1.052631578947368e-01   1.923076923076923e-01   0.000000000000000e+00 
337    1.052631578947368e-01   2.051282051282051e-01   0.000000000000000e+00 
338    1.052631578947368e-01   2.179487179487180e-01   0.000000000000000e+00 
339    1.052631578947368e-01   2.307692307692308e-01   0.000000000000000e+00 
340    1.052631578947368e-01   2.435897435897436e-01   0.000000000000000e+00 
341    1.052631578947368e-01   2.564102564102564e-01   0.000000000000000e+00 
342    1.052631578947368e-01   2.692307692307693e-01   0.000000000000000e+00 
343    1.052631578947368e-01   2.820512820512821e-01   0.000000000000000e+00 
344    1.052631578947368e-01   2.948717948717949e-01   0.000000000000000e+00 
345    1.052631578947368e-01   3.076923076923077e-01   0.000000000000000e+00 
346    1.052631578947368e-01   3.205128205128205e-01   0.000000000000000e+00 
347    1.052631578947368e-01   3.333333333333333e-01   0.000000000000000e+00 
348    1.052631578947368e-01   3.461538461538462e-01   0.000000000000000e+00 
349    1.052631578947368e-01   3.589743589743590e-01   0.000000000000000e+00 
350    1.052631578947368e-01   3.717948717948718e-01   0.000000000000000e+00 
351    1.052631578947368e-01   3.846153846153846e-01   0.000000000000000e+00 
352    1.052631578947368e-01   3.974358974358975e-01   0.000000000000000e+00 
353    1.052631578947368e-01   4.102564102564102e-01   0.000000000000000e+00 
354    1.052631578947368e-01   4.230769230769231e-01   0.000000000000000e+00 
355    1.052631578947368e-01   4.358974358974359e-01   0.000000000000000e+00 
356    1.052631578947368e-01   4.487179487179487e-01   0.000000000000000e+00 
357    1.052631578947368e-01   4.615384615384617e-01   0.000000000000000e+00 
358    1.052631578947368e-01   4.743589743589743e-01   0.000000000000000e+00 
359    1.052631578947368e-01   4.871794871794871e-01   0.000000000000000e+00 
360    1.052631578947368e-01   5.000000000000000e-01   0.000000000000000e+00 
361    1.184210526315790e-01   0.000000000000000e+00   0.000000000000000e+00 
362    1.184210526315790e-01   1.282051282051283e-02   0.000000000000000e+00 
363    1.184210526315790e-01   2.564102564102565e-02   0.000000000000000e+00 
364    1.184210526315790e-01   3.846153846153848e-02   0.000000000000000e+00 
365    1.184210526315790e-01   5.128205128205130e-02   0.000000000000000e+00 
366    1.184210526315790e-01   6.410256410256410e-02   0.000000000000000e+00 
367    1.184210526315790e-01   7.692307692307693e-02   0.000000000000000e+00 
368    1.184210526315790e-01   8.974358974358974e-02   0.000000000000000e+00 
369    1.184210526315790e-01   1.025641025641026e-01   0.000000000000000e+00 
370    1.184210526315790e-01   1.153846153846154e-01   0.000000000000000e+00 
371    1.184210526315790e-01   1.282051282051282e-01   0.000000000000000e+00 
372    1.184210526315790e-01   1.410256410256410e-01   0.000000000000000e+00 
373    1.184210526315790e-01   1.538461538461539e-01   0.000000000000000e+00 
374    1.184210526315790e-01   1.666666666666667e-01   0.000000000000000e+00 
375    1.184210526315790e-01   1.794871794871795e-01   0.000000000000000e+00 
376    1.184210526315790e-01   1.923076923076923e-01   0.000000000000000e+00 
377    1.184210526315790e-01   2.051282051282051e-01   0.000000000000000e+00 
378    1.184210526315790e-01   2.179487179487180e-01   0.000000000000000e+00 
379    1.184210526315790e-01   2.307692307692308e-01   0.000000000000000e+00 
380    1.184210526315790e-01   2.435897435897436e-01   0.000000000000000e+00 
381    1.184210526315790e-01   2.564102564102564e-01   0.000000000000000e+00 
382    1.184210526315790e-01   2.692307692307692e-01   0.000000000000000e+00 
383    1.184210526315789e-01   2.820512820512821e-01   0.000000000000000e+00 
384    1.184210526315789e-01   2.948717948717949e-01   0.000000000000000e+00 
385    1.184210526315789e-01   3.076923076923077e-01   0.000000000000000e+00 
386    1.184210526315790e-01   3.205128205128205e-01   0.000000000000000e+00 
387    1.184210526315790e-01   3.333333333333334e-01   0.000000000000000e+00 
388    1.184210526315790e-01   3.461538461538462e-01   0.000000000000000e+00 
389    1.184210526315790e-01   3.589743589743590e-01   0.000000000000000e+00 
390    1.184210526315789e-01   3.717948717948718e-01   0.000000000000000e+00 
391    1.184210526315789e-01   3.846153846153846e-01   0.000000000000000e+00 
392    1.184210526315789e-01   3.974358974358975e-01   0.000000000000000e+00 
393    1.184210526315789e-01   4.102564102564102e-01   0.000000000000000e+00 
394    1.184210526315789e-01   4.230769230769231e-01   0.000000000000000e+00 
395    1.184210526315789e-01   4.358974358974359e-01   0.000000000000000e+00 
396    1.184210526315790e-01   4.487179487179487e-01   0.000000000000000e+00 
397    1.184210526315789e-01   4.615384615384616e-01   0.000000000000000e+00 
398    1.184210526315789e-01   4.743589743589743e-01   0.000000000000000e+00 
399    1.184210526315789e-01   4.871794871794871e-01   0.000000000000000e+00 
400    1.184210526315789e-01   5.000000000000000e-01   0.000000000000000e+00 
401    1.315789473684211e-01   0.000000000000000e+00   0.000000000000000e+00 
402    1.315789473684211e-01   1.282051282051283e-02   0.000000000000000e+00 
403    1.315789473684211e-01   2.564102564102566e-02   0.000000000000000e+00 
404    1.315789473684211e-01   3.846153846153848e-02   0.000000000000000e+00 
405    1.315789473684211e-01   5.128205128205132e-02   0.000000000000000e+00 
406    1.315789473684211e-01   6.410256410256410e-02   0.000000000000000e+00 
407    1.315789473684211e-01   7.692307692307693e-02   0.000000000000000e+00 
408    1.315789473684211e-01   8.974358974358976e-02   0.000000000000000e+00 
409    1.315789473684211e-01   1.025641025641026e-01   0.000000000000000e+00 
410    1.315789473684211e-01   1.153846153846154e-01   0.000000000000000e+00 
411    1.315789473684211e-01   1.282051282051282e-01   0.000000000000000e+00 
412    1.315789473684211e-01   1.410256410256410e-01   0.000000000000000e+00 
413    1.315789473684211e-01   1.538461538461539e-01   0.000000000000000e+00 
414    1.315789473684211e-01   1.666666666666667e-01   0.000000000000000e+00 
415    1.315789473684211e-01   1.794871794871795e-01   0.000000000000000e+00 
416    1.315789473684211e-01   1.923076923076923e-01   0.000000000000000e+00 
417    1.315789473684211e-01   2.051282051282051e-01   0.000000000000000e+00 
418    1.315789473684211e-01   2.179487179487180e-01   0.000000000000000e+00 
419    1.315789473684211e-01   2.307692307692308e-01   0.000000000000000e+00 
420    1.315789473684211e-01   2.435897435897436e-01   0.000000000000000e+00 
421    1.315789473684211e-01   2.564102564102564e-01   0.000000000000000e+00 
422    1.315789473684211e-01   2.692307692307693e-01   0.000000000000000e+00 
423    1.315789473684211e-01   2.820512820512821e-01   0.000000000000000e+00 
424    1.315789473684211e-01   2.948717948717949e-01   0.000000000000000e+00 
425    1.315789473684211e-01   3.076923076923077e-01   0.000000000000000e+00 
426    1.315789473684211e-01   3.205128205128205e-01   0.000000000000000e+00 
427    1.315789473684211e-01   3.333333333333334e-01   0.000000000000000e+00 
428    1.315789473684211e-01   3.461538461538462e-01   0.000000000000000e+00 
429    1.315789473684211e-01   3.589743589743590e-01   0.000000000000000e+00 
430    1.315789473684211e-01   3.717948717948718e-01   0.000000000000000e+00 
431    1.315789473684211e-01   3.846153846153846e-01   0.000000000000000e+00 
432    1.315789473684211e-01   3.974358974358974e-01   0.000000000000000e+00 
433    1.315789473684211e-01   4.102564102564102e-01   0.000000000000000e+00 
434    1.315789473684211e-01   4.230769230769231e-01   0.000000000000000e+00 
435    1.315789473684211e-01   4.358974358974359e-01   0.000000000000000e+00 
436    1.315789473684211e-01   4.487179487179487e-01   0.000000000000000e+00 
437    1.315789473684211e-01   4.615384615384615e-01   0.000000000000000e+00 
438    1.315789473684211e-01   4.743589743589743e-01   0.000000000000000e+00 
439    1.315789473684211e-01   4.871794871794872e-01   0.000000000000000e+00 
440    1.315789473684211e-01   5.000000000000000e-01   0.000000000000000e+00 
441    1.447368421052632e-01   0.000000000000000e+00   0.000000000000000e+00 
442    1.447368421052632e-01   1.282051282051283e-02   0.000000000000000e+00 
443    1.447368421052632e-01   2.564102564102566e-02   0.000000000000000e+00 
444    1.447368421052632e-01   3.846153846153848e-02   0.000000000000000e+00 
445    1.447368421052632e-01   5.128205128205132e-02   0.000000000000000e+00 
446    1.447368421052632e-01   6.410256410256410e-02   0.000000000000000e+00 
447    1.447368421052632e-01   7.692307692307693e-02   0.000000000000000e+00 
448    1.447368421052632e-01   8.974358974358976e-02   0.000000000000000e+00 
449    1.447368421052632e-01   1.025641025641026e-01   0.000000000000000e+00 
450    1.447368421052632e-01   1.153846153846154e-01   0.000000000000000e+00 
451    1.447368421052632e-01   1.282051282051282e-01   0.000000000000000e+00 
452    1.447368421052632e-01   1.410256410256410e-01   0.000000000000000e+00 
453    1.447368421052632e-01   1.538461538461539e-01   0.000000000000000e+00 
454    1.447368421052632e-01   1.666666666666667e-01   0.000000000000000e+00 
455    1.447368421052632e-01   1.794871794871795e-01   0.000000000000000e+00 
456    1.447368421052632e-01   1.923076923076923e-01   0.000000000000000e+00 
457    1.447368421052632e-01   2.051282051282051e-01   0.000000000000000e+00 
458    1.447368421052632e-01   2.179487179487180e-01   0.000000000000000e+00 
459    1.447368421052632e-01   2.307692307692308e-01   0.000000000000000e+00 
460    1.447368421052632e-01   2.435897435897436e-01   0.000000000000000e+00 
461    1.447368421052632e-01   2.564102564102564e-01   0.000000000000000e+00 
462    1.447368421052632e-01   2.692307692307693e-01   0.000000000000000e+00 
463    1.447368421052632e-01   2.820512820512821e-01   0.000000000000000e+00 
464    1.447368421052632e-01   2.948717948717949e-01   0.000000000000000e+00 
465    1.447368421052632e-01   3.076923076923077e-01   0.000000000000000e+00 
466    1.447368421052632e-01   3.205128205128205e-01   0.000000000000000e+00 
467    1.447368421052632e-01   3.333333333333334e-01   0.000000000000000e+00 
468    1.447368421052632e-01   3.461538461538462e-01   0.000000000000000e+00 
469    1.447368421052632e-01   3.589743589743589e-01   0.000000000000000e+00 
470    1.447368421052632e-01   3.717948717948718e-01   0.000000000000000e+00 
471    1.447368421052632e-01   3.846153846153845e-01   0.000000000000000e+00 
472    1.447368421052632e-01   3.974358974358974e-01   0.000000000000000e+00 
473    1.447368421052632e-01   4.102564102564102e-01   0.000000000000000e+00 
474    1.447368421052632e-01   4.230769230769231e-01   0.000000000000000e+00 
475    1.447368421052632e-01   4.358974358974359e-01   0.000000000000000e+00 
476    1.447368421052632e-01   4.487179487179486e-01   0.000000000000000e+00 
477    1.447368421052632e-01   4.615384615384616e-01   0.000000000000000e+00 
478    1.447368421052632e-01   4.743589743589743e-01   0.000000000000000e+00 
479    1.447368421052632e-01   4.871794871794872e-01   0.000000000000000e+00 
480    1.447368421052632e-01   5.000000000000000e-01   0.000000000000000e+00 
481    1.578947368421053e-01   0.000000000000000e+00   0.000000000000000e+00 
482    1.578947368421053e-01   1.282051282051283e-02   0.000000000000000e+00 
483    1.578947368421053e-01   2.564102564102565e-02   0.000000000000000e+00 
484    1.578947368421053e-01   3.846153846153848e-02   0.000000000000000e+00 
485    1.578947368421053e-01   5.128205128205131e-02   0.000000000000000e+00 
486    1.578947368421053e-01   6.410256410256410e-02   0.000000000000000e+00 
487    1.578947368421053e-01   7.692307692307693e-02   0.000000000000000e+00 
488    1.578947368421053e-01   8.974358974358976e-02   0.000000000000000e+00 
489    1.578947368421053e-01   1.025641025641026e-01   0.000000000000000e+00 
490    1.578947368421053e-01   1.153846153846154e-01   0.000000000000000e+00 
491    1.578947368421053e-01   1.282051282051282e-01   0.000000000000000e+00 
492    1.578947368421053e-01   1.410256410256410e-01   0.000000000000000e+00 
493    1.578947368421053e-01   1.538461538461539e-01   0.000000000000000e+00 
494    1.578947368421053e-01   1.666666666666667e-01   0.000000000000000e+00 
495    1.578947368421053e-01   1.794871794871795e-01   0.000000000000000e+00 
496    1.578947368421053e-01   1.923076923076923e-01   0.000000000000000e+00 
497    1.578947368421053e-01   2.051282051282051e-01   0.000000000000000e+00 
498    1.578947368421053e-01   2.179487179487180e-01   0.000000000000000e+00 
499    1.578947368421053e-01   2.307692307692307e-01   0.000000000000000e+00 
500    1.578947368421053e-01   2.435897435897436e-01   0.000000000000000e+00 
501    1.578947368421053e-01   2.564102564102564e-01   0.000000000000000e+00 
502    1.578947368421053e-01   2.692307692307693e-01   0.000000000000000e+00 
503    1.578947368421053e-01   2.820512820512821e-01   0.000000000000000e+00 
504    1.578947368421053e-01   2.948717948717949e-01   0.000000000000000e+00 
505    1.578947368421053e-01   3.076923076923077e-01   0.000000000000000e+00 
506    1.578947368421053e-01   3.205128205128205e-01   0.000000000000000e+00 
507    1.578947368421053e-01   3.333333333333334e-01   0.000000000000000e+00 
508    1.578947368421053e-01   3.461538461538462e-01   0.000000000000000e+00 
509    1.578947368421053e-01   3.589743589743590e-01   0.000000000000000e+00 
510    1.578947368421053e-01   3.717948717948718e-01   0.000000000000000e+00 
511    1.578947368421053e-01   3.846153846153846e-01   0.000000000000000e+00 
512    1.578947368421053e-01   3.974358974358975e-01   0.000000000000000e+00 
513    1.578947368421053e-01   4.102564102564102e-01   0.000000000000000e+00 
514    1.578947368421053e-01   4.230769230769231e-01   0.000000000000000e+00 
515    1.578947368421053e-01   4.358974358974359e-01   0.000000000000000e+00 
516    1.578947368421053e-01   4.487179487179487e-01   0.000000000000000e+00 
517    1.578947368421053e-01   4.615384615384615e-01   0.000000000000000e+00 
518    1.578947368421053e-01   4.743589743589743e-01   0.000000000000000e+00 
519    1.578947368421053e-01   4.871794871794871e-01   0.000000000000000e+00 
520    1.578947368421053e-01   5.000000000000000e-01   0.000000000000000e+00 
521    1.710526315789474e-01   0.000000000000000e+00   0.000000000000000e+00 
522    1.710526315789474e-01   1.282051282051283e-02   0.000000000000000e+00 
523    1.710526315789474e-01   2.564102564102565e-02   0.000000000000000e+00 
524    1.710526315789474e-01   3.846153846153848e-02   0.000000000000000e+00 
525    1.710526315789473e-01   5.128205128205131e-02   0.000000000000000e+00 
526    1.710526315789474e-01   6.410256410256410e-02   0.000000000000000e+00 
527    1.710526315789474e-01   7.692307692307693e-02   0.000000000000000e+00 
528    1.710526315789474e-01   8.974358974358976e-02   0.000000000000000e+00 
529    1.710526315789474e-01   1.025641025641026e-01   0.000000000000000e+00 
530    1.710526315789474e-01   1.153846153846154e-01   0.000000000000000e+00 
531    1.710526315789474e-01   1.282051282051282e-01   0.000000000000000e+00 
532    1.710526315789474e-01   1.410256410256410e-01   0.000000000000000e+00 
533    1.710526315789473e-01   1.538461538461539e-01   0.000000000000000e+00 
534    1.710526315789473e-01   1.666666666666667e-01   0.000000000000000e+00 
535    1.710526315789474e-01   1.794871794871795e-01   0.000000000000000e+00 
536    1.710526315789473e-01   1.923076923076923e-01   0.000000000000000e+00 
537    1.710526315789473e-01   2.051282051282051e-01   0.000000000000000e+00 
538    1.710526315789473e-01   2.179487179487180e-01   0.000000000000000e+00 
539    1.710526315789473e-01   2.307692307692308e-01   0.000000000000000e+00 
540    1.710526315789473e-01   2.435897435897436e-01   0.000000000000000e+00 
541    1.710526315789474e-01   2.564102564102564e-01   0.000000000000000e+00 
542    1.710526315789474e-01   2.692307692307693e-01   0.000000000000000e+00 
543    1.710526315789474e-01   2.820512820512821e-01   0.000000000000000e+00 
544    1.710526315789474e-01   2.948717948717949e-01   0.000000000000000e+00 
545    1.710526315789474e-01   3.076923076923077e-01   0.000000000000000e+00 
546    1.710526315789474e-01   3.205128205128205e-01   0.000000000000000e+00 
547    1.710526315789474e-01   3.333333333333334e-01   0.000000000000000e+00 
548    1.710526315789474e-01   3.461538461538462e-01   0.000000000000000e+00 
549    1.710526315789474e-01   3.589743589743590e-01   0.000000000000000e+00 
550    1.710526315789474e-01   3.717948717948718e-01   0.000000000000000e+00 
551    1.710526315789474e-01   3.846153846153845e-01   0.000000000000000e+00 
552    1.710526315789474e-01   3.974358974358975e-01   0.000000000000000e+00 
553    1.710526315789474e-01   4.102564102564102e-01   0.000000000000000e+00 
554    1.710526315789474e-01   4.230769230769232e-01   0.000000000000000e+00 
555    1.710526315789474e-01   4.358974358974359e-01   0.000000000000000e+00 
556    1.710526315789474e-01   4.487179487179487e-01   0.000000000000000e+00 
557    1.710526315789474e-01   4.615384615384616e-01   0.000000000000000e+00 
558    1.710526315789474e-01   4.743589743589743e-01   0.000000000000000e+00 
559    1.710526315789474e-01   4.871794871794872e-01   0.000000000000000e+00 
560    1.710526315789474e-01   5.000000000000000e-01   0.000000000000000e+00 
561    1.842105263157895e-01   0.000000000000000e+00   0.000000000000000e+00 
562    1.842105263157895e-01   1.282051282051283e-02   0.000000000000000e+00 
563    1.842105263157895e-01   2.564102564102565e-02   0.000000000000000e+00 
564    1.842105263157895e-01   3.846153846153848e-02   0.000000000000000e+00 
565    1.842105263157895e-01   5.128205128205131e-02   0.000000000000000e+00 
566    1.842105263157895e-01   6.410256410256410e-02   0.000000000000000e+00 
567    1.842105263157895e-01   7.692307692307693e-02   0.000000000000000e+00 
568    1.842105263157895e-01   8.974358974358976e-02   0.000000000000000e+00 
569    1.842105263157895e-01   1.025641025641026e-01   0.000000000000000e+00 
570    1.842105263157895e-01   1.153846153846154e-01   0.000000000000000e+00 
571    1.842105263157895e-01   1.282051282051282e-01   0.000000000000000e+00 
572    1.842105263157895e-01   1.410256410256410e-01   0.000000000000000e+00 
573    1.842105263157895e-01   1.538461538461539e-01   0.000000000000000e+00 
574    1.842105263157895e-01   1.666666666666667e-01   0.000000000000000e+00 
575    1.842105263157895e-01   1.794871794871795e-01   0.000000000000000e+00 
576    1.842105263157895e-01   1.923076923076923e-01   0.000000000000000e+00 
577    1.842105263157895e-01   2.051282051282051e-01   0.000000000000000e+00 
578    1.842105263157895e-01   2.179487179487180e-01   0.000000000000000e+00 
579    1.842105263157895e-01   2.307692307692308e-01   0.000000000000000e+00 
580    1.842105263157895e-01   2.435897435897436e-01   0.000000000000000e+00 
581    1.842105263157895e-01   2.564102564102564e-01   0.000000000000000e+00 
582    1.842105263157895e-01   2.692307692307693e-01   0.000000000000000e+00 
583    1.842105263157895e-01   2.820512820512821e-01   0.000000000000000e+00 
584    1.842105263157895e-01   2.948717948717949e-01   0.000000000000000e+00 
585    1.842105263157895e-01   3.076923076923077e-01   0.000000000000000e+00 
586    1.842105263157895e-01   3.205128205128205e-01   0.000000000000000e+00 
587    1.842105263157895e-01   3.333333333333334e-01   0.000000000000000e+00 
588    1.842105263157895e-01   3.461538461538462e-01   0.000000000000000e+00 
589    1.842105263157895e-01   3.589743589743590e-01   0.000000000000000e+00 
590    1.842105263157895e-01   3.717948717948718e-01   0.000000000000000e+00 
591    1.842105263157895e-01   3.846153846153846e-01   0.000000000000000e+00 
592    1.842105263157895e-01   3.974358974358975e-01   0.000000000000000e+00 
593    1.842105263157895e-01   4.102564102564102e-01   0.000000000000000e+00 
594    1.842105263157895e-01   4.230769230769232e-01   0.000000000000000e+00 
595    1.842105263157895e-01   4.358974358974359e-01   0.000000000000000e+00 
596    1.842105263157895e-01   4.487179487179487e-01   0.000000000000000e+00 
597    1.842105263157895e-01   4.615384615384616e-01   0.000000000000000e+00 
598    1.842105263157895e-01   4.743589743589743e-01   0.000000000000000e+00 
599    1.842105263157895e-01   4.871794871794872e-01   0.000000000000000e+00 
600    1.842105263157895e-01   5.000000000000000e-01   0.000000000000000e+00 
601    1.973684210526316e-01   0.000000000000000e+00   0.000000000000000e+00 
602    1.973684210526316e-01   1.282051282051283e-02   0.000000000000000e+00 
603    1.973684210526316e-01   2.564102564102566e-02   0.000000000000000e+00 
604    1.973684210526316e-01   3.846153846153848e-02   0.000000000000000e+00 
605    1.973684210526316e-01   5.128205128205132e-02   0.000000000000000e+00 
606    1.973684210526316e-01   6.410256410256410e-02   0.000000000000000e+00 
607    1.973684210526316e-01   7.692307692307693e-02   0.000000000000000e+00 
608    1.973684210526316e-01   8.974358974358976e-02   0.000000000000000e+00 
609    1.973684210526316e-01   1.025641025641026e-01   0.000000000000000e+00 
610    1.973684210526316e-01   1.153846153846154e-01   0.000000000000000e+00 
611    1.973684210526316e-01   1.282051282051282e-01   0.000000000000000e+00 
612    1.973684210526316e-01   1.410256410256410e-01   0.000000000000000e+00 
613    1.973684210526316e-01   1.538461538461539e-01   0.000000000000000e+00 
614    1.973684210526316e-01   1.666666666666667e-01   0.000000000000000e+00 
615    1.973684210526316e-01   1.794871794871795e-01   0.000000000000000e+00 
616    1.973684210526316e-01   1.923076923076923e-01   0.000000000000000e+00 
617    1.973684210526316e-01   2.051282051282051e-01   0.000000000000000e+00 
618    1.973684210526316e-01   2.179487179487180e-01   0.000000000000000e+00 
619    1.973684210526316e-01   2.307692307692308e-01   0.000000000000000e+00 
620    1.973684210526316e-01   2.435897435897436e-01   0.000000000000000e+00 
621    1.973684210526316e-01   2.564102564102564e-01   0.000000000000000e+00 
622    1.973684210526316e-01   2.692307692307693e-01   0.000000000000000e+00 
623    1.973684210526316e-01   2.820512820512821e-01   0.000000000000000e+00 
624    1.973684210526316e-01   2.948717948717949e-01   0.000000000000000e+00 
625    1.973684210526316e-01   3.076923076923077e-01   0.000000000000000e+00 
626    1.973684210526316e-01   3.205128205128205e-01   0.000000000000000e+00 
627    1.973684210526316e-01   3.333333333333334e-01   0.000000000000000e+00 
628    1.973684210526316e-01   3.461538461538462e-01   0.000000000000000e+00 
629    1.973684210526316e-01   3.589743589743590e-01   0.000000000000000e+00 
630    1.973684210526316e-01   3.717948717948718e-01   0.000000000000000e+00 
631    1.973684210526316e-01   3.846153846153846e-01   0.000000000000000e+00 
632    1.973684210526316e-01   3.974358974358975e-01   0.000000000000000e+00 
633    1.973684210526316e-01   4.102564102564102e-01   0.000000000000000e+00 
634    1.973684210526316e-01   4.230769230769231e-01   0.000000000000000e+00 
635    1.973684210526316e-01   4.358974358974359e-01   0.000000000000000e+00 
636    1.973684210526316e-01   4.487179487179486e-01   0.000000000000000e+00 
637    1.973684210526316e-01   4.615384615384616e-01   0.000000000000000e+00 
638    1.973684210526316e-01   4.743589743589743e-01   0.000000000000000e+00 
639    1.973684210526316e-01   4.871794871794872e-01   0.000000000000000e+00 
640    1.973684210526316e-01   5.000000000000000e-01   0.000000000000000e+00 
641    2.105263157894737e-01   0.000000000000000e+00   0.000000000000000e+00 
642    2.105263157894737e-01   1.282051282051283e-02   0.000000000000000e+00 
643    2.105263157894737e-01   2.564102564102566e-02   0.000000000000000e+00 
644    2.105263157894737e-01   3.846153846153849e-02   0.000000000000000e+00 
645    2.105263157894737e-01   5.128205128205132e-02   0.000000000000000e+00 
646    2.105263157894737e-01   6.410256410256410e-02   0.000000000000000e+00 
647    2.105263157894737e-01   7.692307692307693e-02   0.000000000000000e+00 
648    2.105263157894737e-01   8.974358974358976e-02   0.000000000000000e+00 
649    2.105263157894737e-01   1.025641025641026e-01   0.000000000000000e+00 
650    2.105263157894737e-01   1.153846153846154e-01   0.000000000000000e+00 
651    2.105263157894737e-01   1.282051282051282e-01   0.000000000000000e+00 
652    2.105263157894737e-01   1.410256410256410e-01   0.000000000000000e+00 
653    2.105263157894737e-01   1.538461538461539e-01   0.000000000000000e+00 
654    2.105263157894737e-01   1.666666666666667e-01   0.000000000000000e+00 
655    2.105263157894737e-01   1.794871794871795e-01   0.000000000000000e+00 
656    2.105263157894737e-01   1.923076923076923e-01   0.000000000000000e+00 
657    2.105263157894737e-01   2.051282051282051e-01   0.000000000000000e+00 
658    2.105263157894737e-01   2.179487179487180e-01   0.000000000000000e+00 
659    2.105263157894737e-01   2.307692307692308e-01   0.000000000000000e+00 
660    2.105263157894737e-01   2.435897435897436e-01   0.000000000000000e+00 
661    2.105263157894737e-01   2.564102564102564e-01   0.000000000000000e+00 
662    2.105263157894737e-01   2.692307692307693e-01   0.000000000000000e+00 
663    2.105263157894737e-01   2.820512820512821e-01   0.000000000000000e+00 
664    2.105263157894737e-01   2.948717948717949e-01   0.000000000000000e+00 
665    2.105263157894737e-01   3.076923076923077e-01   0.000000000000000e+00 
666    2.105263157894737e-01   3.205128205128205e-01   0.000000000000000e+00 
667    2.105263157894737e-01   3.333333333333334e-01   0.000000000000000e+00 
668    2.105263157894737e-01   3.461538461538462e-01   0.000000000000000e+00 
669    2.105263157894737e-01   3.589743589743590e-01   0.000000000000000e+00 
670    2.105263157894737e-01   3.717948717948718e-01   0.000000000000000e+00 
671    2.105263157894737e-01   3.846153846153846e-01   0.000000000000000e+00 
672    2.105263157894737e-01   3.974358974358975e-01   0.000000000000000e+00 
673    2.105263157894737e-01   4.102564102564102e-01   0.000000000000000e+00 
674    2.105263157894737e-01   4.230769230769231e-01   0.000000000000000e+00 
675    2.105263157894737e-01   4.358974358974359e-01   0.000000000000000e+00 
676    2.105263157894737e-01   4.487179487179487e-01   0.000000000000000e+00 
677    2.105263157894737e-01   4.615384615384616e-01   0.000000000000000e+00 
678    2.105263157894737e-01   4.743589743589743e-01   0.000000000000000e+00 
679    2.105263157894737e-01   4.871794871794872e-01   0.000000000000000e+00 
680    2.105263157894737e-01   5.000000000000000e-01   0.000000000000000e+00 
681    2.236842105263158e-01   0.000000000000000e+00   0.000000000000000e+00 
682    2.236842105263158e-01   1.282051282051283e-02   0.000000000000000e+00 
683    2.236842105263158e-01   2.564102564102566e-02   0.000000000000000e+00 
684    2.236842105263157e-01   3.846153846153849e-02   0.000000000000000e+00 
685    2.236842105263158e-01   5.128205128205133e-02   0.000000000000000e+00 
686    2.236842105263158e-01   6.410256410256410e-02   0.000000000000000e+00 
687    2.236842105263158e-01   7.692307692307693e-02   0.000000000000000e+00 
688    2.236842105263157e-01   8.974358974358976e-02   0.000000000000000e+00 
689    2.236842105263157e-01   1.025641025641026e-01   0.000000000000000e+00 
690    2.236842105263158e-01   1.153846153846154e-01   0.000000000000000e+00 
691    2.236842105263158e-01   1.282051282051282e-01   0.000000000000000e+00 
692    2.236842105263157e-01   1.410256410256410e-01   0.000000000000000e+00 
693    2.236842105263157e-01   1.538461538461539e-01   0.000000000000000e+00 
694    2.236842105263157e-01   1.666666666666667e-01   0.000000000000000e+00 
695    2.236842105263158e-01   1.794871794871795e-01   0.000000000000000e+00 
696    2.236842105263158e-01   1.923076923076923e-01   0.000000000000000e+00 
697    2.236842105263157e-01   2.051282051282051e-01   0.000000000000000e+00 
698    2.236842105263157e-01   2.179487179487180e-01   0.000000000000000e+00 
699    2.236842105263157e-01   2.307692307692308e-01   0.000000000000000e+00 
700    2.236842105263157e-01   2.435897435897436e-01   0.000000000000000e+00 
701    2.236842105263158e-01   2.564102564102564e-01   0.000000000000000e+00 
702    2.236842105263158e-01   2.692307692307693e-01   0.000000000000000e+00 
703    2.236842105263158e-01   2.820512820512821e-01   0.000000000000000e+00 
704    2.236842105263158e-01   2.948717948717949e-01   0.000000000000000e+00 
705    2.236842105263158e-01   3.076923076923077e-01   0.000000000000000e+00 
706    2.236842105263158e-01   3.205128205128205e-01   0.000000000000000e+00 
707    2.236842105263158e-01   3.333333333333334e-01   0.000000000000000e+00 
708    2.236842105263158e-01   3.461538461538462e-01   0.000000000000000e+00 
709    2.236842105263158e-01   3.589743589743590e-01   0.000000000000000e+00 
710    2.236842105263158e-01   3.717948717948718e-01   0.000000000000000e+00 
711    2.236842105263158e-01   3.846153846153846e-01   0.000000000000000e+00 
712    2.236842105263158e-01   3.974358974358975e-01   0.000000000000000e+00 
713    2.236842105263158e-01   4.102564102564102e-01   0.000000000000000e+00 
714    2.236842105263158e-01   4.230769230769231e-01   0.000000000000000e+00 
715    2.236842105263158e-01   4.358974358974359e-01   0.000000000000000e+00 
716    2.236842105263158e-01   4.487179487179487e-01   0.000000000000000e+00 
717    2.236842105263158e-01   4.615384615384616e-01   0.000000000000000e+00 
718    2.236842105263158e-01   4.743589743589743e-01   0.000000000000000e+00 
719    2.236842105263158e-01   4.871794871794873e-01   0.000000000000000e+00 
720    2.236842105263158e-01   5.000000000000000e-01   0.000000000000000e+00 
721    2.368421052631579e-01   0.000000000000000e+00   0.000000000000000e+00 
722    2.368421052631579e-01   1.282051282051283e-02   0.000000000000000e+00 
723    2.368421052631579e-01   2.564102564102566e-02   0.000000000000000e+00 
724    2.368421052631579e-01   3.846153846153849e-02   0.000000000000000e+00 
725    2.368421052631579e-01   5.128205128205132e-02   0.000000000000000e+00 
726    2.368421052631579e-01   6.410256410256410e-02   0.000000000000000e+00 
727    2.368421052631579e-01   7.692307692307693e-02   0.000000000000000e+00 
728    2.368421052631579e-01   8.974358974358976e-02   0.000000000000000e+00 
729    2.368421052631579e-01   1.025641025641026e-01   0.000000000000000e+00 
730    2.368421052631579e-01   1.153846153846154e-01   0.000000000000000e+00 
731    2.368421052631579e-01   1.282051282051282e-01   0.000000000000000e+00 
732    2.368421052631579e-01   1.410256410256410e-01   0.000000000000000e+00 
733    2.368421052631579e-01   1.538461538461539e-01   0.000000000000000e+00 
734    2.368421052631579e-01   1.666666666666667e-01   0.000000000000000e+00 
735    2.368421052631579e-01   1.794871794871795e-01   0.000000000000000e+00 
736    2.368421052631579e-01   1.923076923076923e-01   0.000000000000000e+00 
737    2.368421052631579e-01   2.051282051282051e-01   0.000000000000000e+00 
738    2.368421052631579e-01   2.179487179487180e-01   0.000000000000000e+00 
739    2.368421052631579e-01   2.307692307692308e-01   0.000000000000000e+00 
740    2.368421052631579e-01   2.435897435897436e-01   0.000000000000000e+00 
741    2.368421052631579e-01   2.564102564102564e-01   0.000000000000000e+00 
742    2.368421052631579e-01   2.692307692307693e-01   0.000000000000000e+00 
743    2.368421052631579e-01   2.820512820512821e-01   0.000000000000000e+00 
744    2.368421052631579e-01   2.948717948717949e-01   0.000000000000000e+00 
745    2.368421052631579e-01   3.076923076923077e-01   0.000000000000000e+00 
746    2.368421052631579e-01   3.205128205128205e-01   0.000000000000000e+00 
747    2.368421052631579e-01   3.333333333333334e-01   0.000000000000000e+00 
748    2.368421052631579e-01   3.461538461538462e-01   0.000000000000000e+00 
749    2.368421052631579e-01   3.589743589743590e-01   0.000000000000000e+00 
750    2.368421052631579e-01   3.717948717948718e-01   0.000000000000000e+00 
751    2.368421052631579e-01   3.846153846153846e-01   0.000000000000000e+00 
752    2.368421052631579e-01   3.974358974358975e-01   0.000000000000000e+00 
753    2.368421052631579e-01   4.102564102564102e-01   0.000000000000000e+00 
754    2.368421052631579e-01   4.230769230769231e-01   0.000000000000000e+00 
755    2.368421052631579e-01   4.358974358974359e-01   0.000000000000000e+00 
756    2.368421052631579e-01   4.487179487179487e-01   0.000000000000000e+00 
757    2.368421052631579e-01   4.615384615384616e-01   0.000000000000000e+00 
758    2.368421052631579e-01   4.743589743589743e-01   0.000000000000000e+00 
759    2.368421052631579e-01   4.871794871794873e-01   0.000000000000000e+00 
760    2.368421052631579e-01   5.000000000000000e-01   0.000000000000000e+00 
761    2.500000000000000e-01   0.000000000000000e+00   0.000000000000000e+00 
762    2.500000000000000e-01   1.282051282051283e-02   0.000000000000000e+00 
763    2.500000000000000e-01   2.564102564102566e-02   0.000000000000000e+00 
764    2.500000000000000e-01   3.846153846153849e-02   0.000000000000000e+00 
765    2.500000000000000e-01   5.128205128205132e-02   0.000000000000000e+00 
766    2.500000000000000e-01   6.410256410256410e-02   0.000000000000000e+00 
767    2.500000000000000e-01   7.692307692307693e-02   0.000000000000000e+00 
768    2.500000000000000e-01   8.974358974358976e-02   0.000000000000000e+00 
769    2.500000000000000e-01   1.025641025641026e-01   0.000000000000000e+00 
770    2.500000000000000e-01   1.153846153846154e-01   0.000000000000000e+00 
771    2.500000000000000e-01   1.282051282051282e-01   0.000000000000000e+00 
772    2.500000000000000e-01   1.410256410256410e-01   0.000000000000000e+00 
773    2.500000000000000e-01   1.538461538461539e-01   0.000000000000000e+00 
774    2.500000000000000e-01   1.666666666666667e-01   0.000000000000000e+00 
775    2.500000000000000e-01   1.794871794871795e-01   0.000000000000000e+00 
776    2.500000000000000e-01   1.923076923076923e-01   0.000000000000000e+00 
777    2.500000000000000e-01   2.051282051282051e-01   0.000000000000000e+00 
778    2.500000000000000e-01   2.179487179487180e-01   0.000000000000000e+00 
779    2.500000000000000e-01   2.307692307692308e-01   0.000000000000000e+00 
780    2.500000000000000e-01   2.435897435897436e-01   0.000000000000000e+00 
781    2.500000000000000e-01   2.564102564102564e-01   0.000000000000000e+00 
782    2.500000000000000e-01   2.692307692307693e-01   0.000000000000000e+00 
783    2.500000000000000e-01   2.820512820512821e-01   0.000000000000000e+00 
784    2.500000000000000e-01   2.948717948717949e-01   0.000000000000000e+00 
785    2.500000000000000e-01   3.076923076923077e-01   0.000000000000000e+00 
786    2.500000000000000e-01   3.205128205128205e-01   0.000000000000000e+00 
787    2.500000000000000e-01   3.333333333333334e-01   0.000000000000000e+00 
788    2.500000000000000e-01   3.461538461538462e-01   0.000000000000000e+00 
789    2.500000000000000e-01   3.589743589743590e-01   0.000000000000000e+00 
790    2.500000000000000e-01   3.717948717948718e-01   0.000000000000000e+00 
791    2.500000000000000e-01   3.846153846153846e-01   0.000000000000000e+00 
792    2.500000000000000e-01   3.974358974358975e-01   0.000000000000000e+00 
793    2.500000000000000e-01   4.102564102564102e-01   0.000000000000000e+00 
794    2.500000000000000e-01   4.230769230769231e-01   0.000000000000000e+00 
795    2.500000000000000e-01   4.358974358974359e-01   0.000000000000000e+00 
796    2.500000000000000e-01   4.487179487179487e-01   0.000000000000000e+00 
797    2.500000000000000e-01   4.615384615384616e-01   0.000000000000000e+00 
798    2.500000000000000e-01   4.743589743589743e-01   0.000000000000000e+00 
799    2.500000000000000e-01   4.871794871794872e-01   0.000000000000000e+00 
800    2.500000000000000e-01   5.000000000000000e-01   0.000000000000000e+00 