1 0 quad         1       2      42      41
2 0 quad         2       3      43      42
3 0 quad         3       4      44      43
4 0 quad         4       5      45      44
5 0 quad         5       6      46      45
6 0 quad         6       7      47      46
7 0 quad         7       8      48      47
8 0 quad         8       9      49      48
9 0 quad         9      10      50      49
10 0 quad        10      11      51      50
11 0 quad        11      12      52      51
12 0 quad        12      13      53      52
13 0 quad        13      14      54      53
14 0 quad        14      15      55      54
15 0 quad        15      16      56      55
16 0 quad        16      17      57      56
17 0 quad        17      18      58      57
18 0 quad        18      19      59      58
19 0 quad        19      20      60      59
20 0 quad        20      21      61      60
21 0 quad        21      22      62      61
22 0 quad        22      23      63      62
23 0 quad        23      24      64      63
24 0 quad        24      25      65      64
25 0 quad        25      26      66      65
26 0 quad        26      27      67      66
27 0 quad        27      28      68      67
28 0 quad        28      29      69      68
29 0 quad        29      30      70      69
30 0 quad        30      31      71      70
31 0 quad        31      32      72      71
32 0 quad        32      33      73      72
33 0 quad        33      34      74      73
34 0 quad        34      35      75      74
35 0 quad        35      36      76      75
36 0 quad        36      37      77      76
37 0 quad        37      38      78      77
38 0 quad        38      39      79      78
39 0 quad        39      40      80      79
40 0 quad        41      42      82      81
41 0 quad        42      43      83      82
42 0 quad        43      44      84      83
43 0 quad        44      45      85      84
44 0 quad        45      46      86      85
45 0 quad        46      47      87      86
46 0 quad        47      48      88      87
47 0 quad        48      49      89      88
48 0 quad        49      50      90      89
49 0 quad        50      51      91      90
50 0 quad        51      52      92      91
51 0 quad        52      53      93      92
52 0 quad        53      54      94      93
53 0 quad        54      55      95      94
54 0 quad        55      56      96      95
55 0 quad        56      57      97      96
56 0 quad        57      58      98      97
57 0 quad        58      59      99      98
58 0 quad        59      60     100      99
59 0 quad        60      61     101     100
60 0 quad        61      62     102     101
61 0 quad        62      63     103     102
62 0 quad        63      64     104     103
63 0 quad        64      65     105     104
64 0 quad        65      66     106     105
65 0 quad        66      67     107     106
66 0 quad        67      68     108     107
67 0 quad        68      69     109     108
68 0 quad        69      70     110     109
69 0 quad        70      71     111     110
70 0 quad        71      72     112     111
71 0 quad        72      73     113     112
72 0 quad        73      74     114     113
73 0 quad        74      75     115     114
74 0 quad        75      76     116     115
75 0 quad        76      77     117     116
76 0 quad        77      78     118     117
77 0 quad        78      79     119     118
78 0 quad        79      80     120     119
79 0 quad        81      82     122     121
80 0 quad        82      83     123     122
81 0 quad        83      84     124     123
82 0 quad        84      85     125     124
83 0 quad        85      86     126     125
84 0 quad        86      87     127     126
85 0 quad        87      88     128     127
86 0 quad        88      89     129     128
87 0 quad        89      90     130     129
88 0 quad        90      91     131     130
89 0 quad        91      92     132     131
90 0 quad        92      93     133     132
91 0 quad        93      94     134     133
92 0 quad        94      95     135     134
93 0 quad        95      96     136     135
94 0 quad        96      97     137     136
95 0 quad        97      98     138     137
96 0 quad        98      99     139     138
97 0 quad        99     100     140     139
98 0 quad       100     101     141     140
99 0 quad       101     102     142     141
100 0 quad       102     103     143     142
101 0 quad       103     104     144     143
102 0 quad       104     105     145     144
103 0 quad       105     106     146     145
104 0 quad       106     107     147     146
105 0 quad       107     108     148     147
106 0 quad       108     109     149     148
107 0 quad       109     110     150     149
108 0 quad       110     111     151     150
109 0 quad       111     112     152     151
110 0 quad       112     113     153     152
111 0 quad       113     114     154     153
112 0 quad       114     115     155     154
113 0 quad       115     116     156     155
114 0 quad       116     117     157     156
115 0 quad       117     118     158     157
116 0 quad       118     119     159     158
117 0 quad       119     120     160     159
118 0 quad       121     122     162     161
119 0 quad       122     123     163     162
120 0 quad       123     124     164     163
121 0 quad       124     125     165     164
122 0 quad       125     126     166     165
123 0 quad       126     127     167     166
124 0 quad       127     128     168     167
125 0 quad       128     129     169     168
126 0 quad       129     130     170     169
127 0 quad       130     131     171     170
128 0 quad       131     132     172     171
129 0 quad       132     133     173     172
130 0 quad       133     134     174     173
131 0 quad       134     135     175     174
132 0 quad       135     136     176     175
133 0 quad       136     137     177     176
134 0 quad       137     138     178     177
135 0 quad       138     139     179     178
136 0 quad       139     140     180     179
137 0 quad       140     141     181     180
138 0 quad       141     142     182     181
139 0 quad       142     143     183     182
140 0 quad       143     144     184     183
141 0 quad       144     145     185     184
142 0 quad       145     146     186     185
143 0 quad       146     147     187     186
144 0 quad       147     148     188     187
145 0 quad       148     149     189     188
146 0 quad       149     150     190     189
147 0 quad       150     151     191     190
148 0 quad       151     152     192     191
149 0 quad       152     153     193     192
150 0 quad       153     154     194     193
151 0 quad       154     155     195     194
152 0 quad       155     156     196     195
153 0 quad       156     157     197     196
154 0 quad       157     158     198     197
155 0 quad       158     159     199     198
156 0 quad       159     160     200     199
157 0 quad       161     162     202     201
158 0 quad       162     163     203     202
159 0 quad       163     164     204     203
160 0 quad       164     165     205     204
161 0 quad       165     166     206     205
162 0 quad       166     167     207     206
163 0 quad       167     168     208     207
164 0 quad       168     169     209     208
165 0 quad       169     170     210     209
166 0 quad       170     171     211     210
167 0 quad       171     172     212     211
168 0 quad       172     173     213     212
169 0 quad       173     174     214     213
170 0 quad       174     175     215     214
171 0 quad       175     176     216     215
172 0 quad       176     177     217     216
173 0 quad       177     178     218     217
174 0 quad       178     179     219     218
175 0 quad       179     180     220     219
176 0 quad       180     181     221     220
177 0 quad       181     182     222     221
178 0 quad       182     183     223     222
179 0 quad       183     184     224     223
180 0 quad       184     185     225     224
181 0 quad       185     186     226     225
182 0 quad       186     187     227     226
183 0 quad       187     188     228     227
184 0 quad       188     189     229     228
185 0 quad       189     190     230     229
186 0 quad       190     191     231     230
187 0 quad       191     192     232     231
188 0 quad       192     193     233     232
189 0 quad       193     194     234     233
190 0 quad       194     195     235     234
191 0 quad       195     196     236     235
192 0 quad       196     197     237     236
193 0 quad       197     198     238     237
194 0 quad       198     199     239     238
195 0 quad       199     200     240     239
196 0 quad       201     202     242     241
197 0 quad       202     203     243     242
198 0 quad       203     204     244     243
199 0 quad       204     205     245     244
200 0 quad       205     206     246     245
201 0 quad       206     207     247     246
202 0 quad       207     208     248     247
203 0 quad       208     209     249     248
204 0 quad       209     210     250     249
205 0 quad       210     211     251     250
206 0 quad       211     212     252     251
207 0 quad       212     213     253     252
208 0 quad       213     214     254     253
209 0 quad       214     215     255     254
210 0 quad       215     216     256     255
211 0 quad       216     217     257     256
212 0 quad       217     218     258     257
213 0 quad       218     219     259     258
214 0 quad       219     220     260     259
215 0 quad       220     221     261     260
216 0 quad       221     222     262     261
217 0 quad       222     223     263     262
218 0 quad       223     224     264     263
219 0 quad       224     225     265     264
220 0 quad       225     226     266     265
221 0 quad       226     227     267     266
222 0 quad       227     228     268     267
223 0 quad       228     229     269     268
224 0 quad       229     230     270     269
225 0 quad       230     231     271     270
226 0 quad       231     232     272     271
227 0 quad       232     233     273     272
228 0 quad       233     234     274     273
229 0 quad       234     235     275     274
230 0 quad       235     236     276     275
231 0 quad       236     237     277     276
232 0 quad       237     238     278     277
233 0 quad       238     239     279     278
234 0 quad       239     240     280     279
235 0 quad       241     242     282     281
236 0 quad       242     243     283     282
237 0 quad       243     244     284     283
238 0 quad       244     245     285     284
239 0 quad       245     246     286     285
240 0 quad       246     247     287     286
241 0 quad       247     248     288     287
242 0 quad       248     249     289     288
243 0 quad       249     250     290     289
244 0 quad       250     251     291     290
245 0 quad       251     252     292     291
246 0 quad       252     253     293     292
247 0 quad       253     254     294     293
248 0 quad       254     255     295     294
249 0 quad       255     256     296     295
250 0 quad       256     257     297     296
251 0 quad       257     258     298     297
252 0 quad       258     259     299     298
253 0 quad       259     260     300     299
254 0 quad       260     261     301     300
255 0 quad       261     262     302     301
256 0 quad       262     263     303     302
257 0 quad       263     264     304     303
258 0 quad       264     265     305     304
259 0 quad       265     266     306     305
260 0 quad       266     267     307     306
261 0 quad       267     268     308     307
262 0 quad       268     269     309     308
263 0 quad       269     270     310     309
264 0 quad       270     271     311     310
265 0 quad       271     272     312     311
266 0 quad       272     273     313     312
267 0 quad       273     274     314     313
268 0 quad       274     275     315     314
269 0 quad       275     276     316     315
270 0 quad       276     277     317     316
271 0 quad       277     278     318     317
272 0 quad       278     279     319     318
273 0 quad       279     280     320     319
274 0 quad       281     282     322     321
275 0 quad       282     283     323     322
276 0 quad       283     284     324     323
277 0 quad       284     285     325     324
278 0 quad       285     286     326     325
279 0 quad       286     287     327     326
280 0 quad       287     288     328     327
281 0 quad       288     289     329     328
282 0 quad       289     290     330     329
283 0 quad       290     291     331     330
284 0 quad       291     292     332     331
285 0 quad       292     293     333     332
286 0 quad       293     294     334     333
287 0 quad       294     295     335     334
288 0 quad       295     296     336     335
289 0 quad       296     297     337     336
290 0 quad       297     298     338     337
291 0 quad       298     299     339     338
292 0 quad       299     300     340     339
293 0 quad       300     301     341     340
294 0 quad       301     302     342     341
295 0 quad       302     303     343     342
296 0 quad       303     304     344     343
297 0 quad       304     305     345     344
298 0 quad       305     306     346     345
299 0 quad       306     307     347     346
300 0 quad       307     308     348     347
301 0 quad       308     309     349     348
302 0 quad       309     310     350     349
303 0 quad       310     311     351     350
304 0 quad       311     312     352     351
305 0 quad       312     313     353     352
306 0 quad       313     314     354     353
307 0 quad       314     315     355     354
308 0 quad       315     316     356     355
309 0 quad       316     317     357     356
310 0 quad       317     318     358     357
311 0 quad       318     319     359     358
312 0 quad       319     320     360     359
313 0 quad       321     322     362     361
314 0 quad       322     323     363     362
315 0 quad       323     324     364     363
316 0 quad       324     325     365     364
317 0 quad       325     326     366     365
318 0 quad       326     327     367     366
319 0 quad       327     328     368     367
320 0 quad       328     329     369     368
321 0 quad       329     330     370     369
322 0 quad       330     331     371     370
323 0 quad       331     332     372     371
324 0 quad       332     333     373     372
325 0 quad       333     334     374     373
326 0 quad       334     335     375     374
327 0 quad       335     336     376     375
328 0 quad       336     337     377     376
329 0 quad       337     338     378     377
330 0 quad       338     339     379     378
331 0 quad       339     340     380     379
332 0 quad       340     341     381     380
333 0 quad       341     342     382     381
334 0 quad       342     343     383     382
335 0 quad       343     344     384     383
336 0 quad       344     345     385     384
337 0 quad       345     346     386     385
338 0 quad       346     347     387     386
339 0 quad       347     348     388     387
340 0 quad       348     349     389     388
341 0 quad       349     350     390     389
342 0 quad       350     351     391     390
343 0 quad       351     352     392     391
344 0 quad       352     353     393     392
345 0 quad       353     354     394     393
346 0 quad       354     355     395     394
347 0 quad       355     356     396     395
348 0 quad       356     357     397     396
349 0 quad       357     358     398     397
350 0 quad       358     359     399     398
351 0 quad       359     360     400     399
352 0 quad       361     362     402     401
353 0 quad       362     363     403     402
354 0 quad       363     364     404     403
355 0 quad       364     365     405     404
356 0 quad       365     366     406     405
357 0 quad       366     367     407     406
358 0 quad       367     368     408     407
359 0 quad       368     369     409     408
360 0 quad       369     370     410     409
361 0 quad       370     371     411     410
362 0 quad       371     372     412     411
363 0 quad       372     373     413     412
364 0 quad       373     374     414     413
365 0 quad       374     375     415     414
366 0 quad       375     376     416     415
367 0 quad       376     377     417     416
368 0 quad       377     378     418     417
369 0 quad       378     379     419     418
370 0 quad       379     380     420     419
371 0 quad       380     381     421     420
372 0 quad       381     382     422     421
373 0 quad       382     383     423     422
374 0 quad       383     384     424     423
375 0 quad       384     385     425     424
376 0 quad       385     386     426     425
377 0 quad       386     387     427     426
378 0 quad       387     388     428     427
379 0 quad       388     389     429     428
380 0 quad       389     390     430     429
381 0 quad       390     391     431     430
382 0 quad       391     392     432     431
383 0 quad       392     393     433     432
384 0 quad       393     394     434     433
385 0 quad       394     395     435     434
386 0 quad       395     396     436     435
387 0 quad       396     397     437     436
388 0 quad       397     398     438     437
389 0 quad       398     399     439     438
390 0 quad       399     400     440     439
391 0 quad       401     402     442     441
392 0 quad       402     403     443     442
393 0 quad       403     404     444     443
394 0 quad       404     405     445     444
395 0 quad       405     406     446     445
396 0 quad       406     407     447     446
397 0 quad       407     408     448     447
398 0 quad       408     409     449     448
399 0 quad       409     410     450     449
400 0 quad       410     411     451     450
401 0 quad       411     412     452     451
402 0 quad       412     413     453     452
403 0 quad       413     414     454     453
404 0 quad       414     415     455     454
405 0 quad       415     416     456     455
406 0 quad       416     417     457     456
407 0 quad       417     418     458     457
408 0 quad       418     419     459     458
409 0 quad       419     420     460     459
410 0 quad       420     421     461     460
411 0 quad       421     422     462     461
412 0 quad       422     423     463     462
413 0 quad       423     424     464     463
414 0 quad       424     425     465     464
415 0 quad       425     426     466     465
416 0 quad       426     427     467     466
417 0 quad       427     428     468     467
418 0 quad       428     429     469     468
419 0 quad       429     430     470     469
420 0 quad       430     431     471     470
421 0 quad       431     432     472     471
422 0 quad       432     433     473     472
423 0 quad       433     434     474     473
424 0 quad       434     435     475     474
425 0 quad       435     436     476     475
426 0 quad       436     437     477     476
427 0 quad       437     438     478     477
428 0 quad       438     439     479     478
429 0 quad       439     440     480     479
430 0 quad       441     442     482     481
431 0 quad       442     443     483     482
432 0 quad       443     444     484     483
433 0 quad       444     445     485     484
434 0 quad       445     446     486     485
435 0 quad       446     447     487     486
436 0 quad       447     448     488     487
437 0 quad       448     449     489     488
438 0 quad       449     450     490     489
439 0 quad       450     451     491     490
440 0 quad       451     452     492     491
441 0 quad       452     453     493     492
442 0 quad       453     454     494     493
443 0 quad       454     455     495     494
444 0 quad       455     456     496     495
445 0 quad       456     457     497     496
446 0 quad       457     458     498     497
447 0 quad       458     459     499     498
448 0 quad       459     460     500     499
449 0 quad       460     461     501     500
450 0 quad       461     462     502     501
451 0 quad       462     463     503     502
452 0 quad       463     464     504     503
453 0 quad       464     465     505     504
454 0 quad       465     466     506     505
455 0 quad       466     467     507     506
456 0 quad       467     468     508     507
457 0 quad       468     469     509     508
458 0 quad       469     470     510     509
459 0 quad       470     471     511     510
460 0 quad       471     472     512     511
461 0 quad       472     473     513     512
462 0 quad       473     474     514     513
463 0 quad       474     475     515     514
464 0 quad       475     476     516     515
465 0 quad       476     477     517     516
466 0 quad       477     478     518     517
467 0 quad       478     479     519     518
468 0 quad       479     480     520     519
469 0 quad       481     482     522     521
470 0 quad       482     483     523     522
471 0 quad       483     484     524     523
472 0 quad       484     485     525     524
473 0 quad       485     486     526     525
474 0 quad       486     487     527     526
475 0 quad       487     488     528     527
476 0 quad       488     489     529     528
477 0 quad       489     490     530     529
478 0 quad       490     491     531     530
479 0 quad       491     492     532     531
480 0 quad       492     493     533     532
481 0 quad       493     494     534     533
482 0 quad       494     495     535     534
483 0 quad       495     496     536     535
484 0 quad       496     497     537     536
485 0 quad       497     498     538     537
486 0 quad       498     499     539     538
487 0 quad       499     500     540     539
488 0 quad       500     501     541     540
489 0 quad       501     502     542     541
490 0 quad       502     503     543     542
491 0 quad       503     504     544     543
492 0 quad       504     505     545     544
493 0 quad       505     506     546     545
494 0 quad       506     507     547     546
495 0 quad       507     508     548     547
496 0 quad       508     509     549     548
497 0 quad       509     510     550     549
498 0 quad       510     511     551     550
499 0 quad       511     512     552     551
500 0 quad       512     513     553     552
501 0 quad       513     514     554     553
502 0 quad       514     515     555     554
503 0 quad       515     516     556     555
504 0 quad       516     517     557     556
505 0 quad       517     518     558     557
506 0 quad       518     519     559     558
507 0 quad       519     520     560     559
508 0 quad       521     522     562     561
509 0 quad       522     523     563     562
510 0 quad       523     524     564     563
511 0 quad       524     525     565     564
512 0 quad       525     526     566     565
513 0 quad       526     527     567     566
514 0 quad       527     528     568     567
515 0 quad       528     529     569     568
516 0 quad       529     530     570     569
517 0 quad       530     531     571     570
518 0 quad       531     532     572     571
519 0 quad       532     533     573     572
520 0 quad       533     534     574     573
521 0 quad       534     535     575     574
522 0 quad       535     536     576     575
523 0 quad       536     537     577     576
524 0 quad       537     538     578     577
525 0 quad       538     539     579     578
526 0 quad       539     540     580     579
527 0 quad       540     541     581     580
528 0 quad       541     542     582     581
529 0 quad       542     543     583     582
530 0 quad       543     544     584     583
531 0 quad       544     545     585     584
532 0 quad       545     546     586     585
533 0 quad       546     547     587     586
534 0 quad       547     548     588     587
535 0 quad       548     549     589     588
536 0 quad       549     550     590     589
537 0 quad       550     551     591     590
538 0 quad       551     552     592     591
539 0 quad       552     553     593     592
540 0 quad       553     554     594     593
541 0 quad       554     555     595     594
542 0 quad       555     556     596     595
543 0 quad       556     557     597     596
544 0 quad       557     558     598     597
545 0 quad       558     559     599     598
546 0 quad       559     560     600     599
547 0 quad       561     562     602     601
548 0 quad       562     563     603     602
549 0 quad       563     564     604     603
550 0 quad       564     565     605     604
551 0 quad       565     566     606     605
552 0 quad       566     567     607     606
553 0 quad       567     568     608     607
554 0 quad       568     569     609     608
555 0 quad       569     570     610     609
556 0 quad       570     571     611     610
557 0 quad       571     572     612     611
558 0 quad       572     573     613     612
559 0 quad       573     574     614     613
560 0 quad       574     575     615     614
561 0 quad       575     576     616     615
562 0 quad       576     577     617     616
563 0 quad       577     578     618     617
564 0 quad       578     579     619     618
565 0 quad       579     580     620     619
566 0 quad       580     581     621     620
567 0 quad       581     582     622     621
568 0 quad       582     583     623     622
569 0 quad       583     584     624     623
570 0 quad       584     585     625     624
571 0 quad       585     586     626     625
572 0 quad       586     587     627     626
573 0 quad       587     588     628     627
574 0 quad       588     589     629     628
575 0 quad       589     590     630     629
576 0 quad       590     591     631     630
577 0 quad       591     592     632     631
578 0 quad       592     593     633     632
579 0 quad       593     594     634     633
580 0 quad       594     595     635     634
581 0 quad       595     596     636     635
582 0 quad       596     597     637     636
583 0 quad       597     598     638     637
584 0 quad       598     599     639     638
585 0 quad       599     600     640     639
586 0 quad       601     602     642     641
587 0 quad       602     603     643     642
588 0 quad       603     604     644     643
589 0 quad       604     605     645     644
590 0 quad       605     606     646     645
591 0 quad       606     607     647     646
592 0 quad       607     608     648     647
593 0 quad       608     609     649     648
594 0 quad       609     610     650     649
595 0 quad       610     611     651     650
596 0 quad       611     612     652     651
597 0 quad       612     613     653     652
598 0 quad       613     614     654     653
599 0 quad       614     615     655     654
600 0 quad       615     616     656     655
601 0 quad       616     617     657     656
602 0 quad       617     618     658     657
603 0 quad       618     619     659     658
604 0 quad       619     620     660     659
605 0 quad       620     621     661     660
606 0 quad       621     622     662     661
607 0 quad       622     623     663     662
608 0 quad       623     624     664     663
609 0 quad       624     625     665     664
610 0 quad       625     626     666     665
611 0 quad       626     627     667     666
612 0 quad       627     628     668     667
613 0 quad       628     629     669     668
614 0 quad       629     630     670     669
615 0 quad       630     631     671     670
616 0 quad       631     632     672     671
617 0 quad       632     633     673     672
618 0 quad       633     634     674     673
619 0 quad       634     635     675     674
620 0 quad       635     636     676     675
621 0 quad       636     637     677     676
622 0 quad       637     638     678     677
623 0 quad       638     639     679     678
624 0 quad       639     640     680     679
625 0 quad       641     642     682     681
626 0 quad       642     643     683     682
627 0 quad       643     644     684     683
628 0 quad       644     645     685     684
629 0 quad       645     646     686     685
630 0 quad       646     647     687     686
631 0 quad       647     648     688     687
632 0 quad       648     649     689     688
633 0 quad       649     650     690     689
634 0 quad       650     651     691     690
635 0 quad       651     652     692     691
636 0 quad       652     653     693     692
637 0 quad       653     654     694     693
638 0 quad       654     655     695     694
639 0 quad       655     656     696     695
640 0 quad       656     657     697     696
641 0 quad       657     658     698     697
642 0 quad       658     659     699     698
643 0 quad       659     660     700     699
644 0 quad       660     661     701     700
645 0 quad       661     662     702     701
646 0 quad       662     663     703     702
647 0 quad       663     664     704     703
648 0 quad       664     665     705     704
649 0 quad       665     666     706     705
650 0 quad       666     667     707     706
651 0 quad       667     668     708     707
652 0 quad       668     669     709     708
653 0 quad       669     670     710     709
654 0 quad       670     671     711     710
655 0 quad       671     672     712     711
656 0 quad       672     673     713     712
657 0 quad       673     674     714     713
658 0 quad       674     675     715     714
659 0 quad       675     676     716     715
660 0 quad       676     677     717     716
661 0 quad       677     678     718     717
662 0 quad       678     679     719     718
663 0 quad       679     680     720     719
664 0 quad       681     682     722     721
665 0 quad       682     683     723     722
666 0 quad       683     684     724     723
667 0 quad       684     685     725     724
668 0 quad       685     686     726     725
669 0 quad       686     687     727     726
670 0 quad       687     688     728     727
671 0 quad       688     689     729     728
672 0 quad       689     690     730     729
673 0 quad       690     691     731     730
674 0 quad       691     692     732     731
675 0 quad       692     693     733     732
676 0 quad       693     694     734     733
677 0 quad       694     695     735     734
678 0 quad       695     696     736     735
679 0 quad       696     697     737     736
680 0 quad       697     698     738     737
681 0 quad       698     699     739     738
682 0 quad       699     700     740     739
683 0 quad       700     701     741     740
684 0 quad       701     702     742     741
685 0 quad       702     703     743     742
686 0 quad       703     704     744     743
687 0 quad       704     705     745     744
688 0 quad       705     706     746     745
689 0 quad       706     707     747     746
690 0 quad       707     708     748     747
691 0 quad       708     709     749     748
692 0 quad       709     710     750     749
693 0 quad       710     711     751     750
694 0 quad       711     712     752     751
695 0 quad       712     713     753     752
696 0 quad       713     714     754     753
697 0 quad       714     715     755     754
698 0 quad       715     716     756     755
699 0 quad       716     717     757     756
700 0 quad       717     718     758     757
701 0 quad       718     719     759     758
702 0 quad       719     720     760     759
703 0 quad       721     722     762     761
704 0 quad       722     723     763     762
705 0 quad       723     724     764     763
706 0 quad       724     725     765     764
707 0 quad       725     726     766     765
708 0 quad       726     727     767     766
709 0 quad       727     728     768     767
710 0 quad       728     729     769     768
711 0 quad       729     730     770     769
712 0 quad       730     731     771     770
713 0 quad       731     732     772     771
714 0 quad       732     733     773     772
715 0 quad       733     734     774     773
716 0 quad       734     735     775     774
717 0 quad       735     736     776     775
718 0 quad       736     737     777     776
719 0 quad       737     738     778     777
720 0 quad       738     739     779     778
721 0 quad       739     740     780     779
722 0 quad       740     741     781     780
723 0 quad       741     742     782     781
724 0 quad       742     743     783     782
725 0 quad       743     744     784     783
726 0 quad       744     745     785     784
727 0 quad       745     746     786     785
728 0 quad       746     747     787     786
729 0 quad       747     748     788     787
730 0 quad       748     749     789     788
731 0 quad       749     750     790     789
732 0 quad       750     751     791     790
733 0 quad       751     752     792     791
734 0 quad       752     753     793     792
735 0 quad       753     754     794     793
736 0 quad       754     755     795     794
737 0 quad       755     756     796     795
738 0 quad       756     757     797     796
739 0 quad       757     758     798     797
740 0 quad       758     759     799     798
741 0 quad       759     760     800     799