0.000000000000000e+00 0.000000000000000e+00 0.000000000000000e+00
1.315789473684212e-02 0.000000000000000e+00 0.000000000000000e+00
2.631578947368424e-02 0.000000000000000e+00 0.000000000000000e+00
3.947368421052633e-02 0.000000000000000e+00 0.000000000000000e+00
5.263157894736842e-02 0.000000000000000e+00 0.000000000000000e+00
6.578947368421054e-02 0.000000000000000e+00 0.000000000000000e+00
7.894736842105266e-02 0.000000000000000e+00 0.000000000000000e+00
9.210526315789475e-02 0.000000000000000e+00 0.000000000000000e+00
1.052631578947368e-01 0.000000000000000e+00 0.000000000000000e+00
1.184210526315790e-01 0.000000000000000e+00 0.000000000000000e+00
1.315789473684211e-01 0.000000000000000e+00 0.000000000000000e+00
1.447368421052632e-01 0.000000000000000e+00 0.000000000000000e+00
1.578947368421053e-01 0.000000000000000e+00 0.000000000000000e+00
1.710526315789474e-01 0.000000000000000e+00 0.000000000000000e+00
1.842105263157895e-01 0.000000000000000e+00 0.000000000000000e+00
1.973684210526316e-01 0.000000000000000e+00 0.000000000000000e+00
2.105263157894737e-01 0.000000000000000e+00 0.000000000000000e+00
2.236842105263158e-01 0.000000000000000e+00 0.000000000000000e+00
2.368421052631579e-01 0.000000000000000e+00 0.000000000000000e+00
2.500000000000000e-01 0.000000000000000e+00 0.000000000000000e+00
0.000000000000000e+00 1.282051282051282e-02 0.000000000000000e+00
1.315789473684212e-02 1.282051282051282e-02 0.000000000000000e+00
2.631578947368424e-02 1.282051282051282e-02 0.000000000000000e+00
3.947368421052633e-02 1.282051282051282e-02 0.000000000000000e+00
5.263157894736842e-02 1.282051282051282e-02 0.000000000000000e+00
6.578947368421054e-02 1.282051282051282e-02 0.000000000000000e+00
7.894736842105266e-02 1.282051282051282e-02 0.000000000000000e+00
9.210526315789475e-02 1.282051282051282e-02 0.000000000000000e+00
1.052631578947368e-01 1.282051282051282e-02 0.000000000000000e+00
1.184210526315790e-01 1.282051282051283e-02 0.000000000000000e+00
1.315789473684211e-01 1.282051282051283e-02 0.000000000000000e+00
1.447368421052632e-01 1.282051282051283e-02 0.000000000000000e+00
1.578947368421053e-01 1.282051282051283e-02 0.000000000000000e+00
1.710526315789474e-01 1.282051282051283e-02 0.000000000000000e+00
1.842105263157895e-01 1.282051282051283e-02 0.000000000000000e+00
1.973684210526316e-01 1.282051282051283e-02 0.000000000000000e+00
2.105263157894737e-01 1.282051282051283e-02 0.000000000000000e+00
2.236842105263158e-01 1.282051282051283e-02 0.000000000000000e+00
2.368421052631579e-01 1.282051282051283e-02 0.000000000000000e+00
2.500000000000000e-01 1.282051282051283e-02 0.000000000000000e+00
0.000000000000000e+00 2.564102564102564e-02 0.000000000000000e+00
1.315789473684212e-02 2.564102564102564e-02 0.000000000000000e+00
2.631578947368424e-02 2.564102564102565e-02 0.000000000000000e+00
3.947368421052633e-02 2.564102564102564e-02 0.000000000000000e+00
5.263157894736842e-02 2.564102564102564e-02 0.000000000000000e+00
6.578947368421054e-02 2.564102564102565e-02 0.000000000000000e+00
7.894736842105266e-02 2.564102564102565e-02 0.000000000000000e+00
9.210526315789475e-02 2.564102564102565e-02 0.000000000000000e+00
1.052631578947368e-01 2.564102564102564e-02 0.000000000000000e+00
1.184210526315790e-01 2.564102564102565e-02 0.000000000000000e+00
1.315789473684211e-01 2.564102564102566e-02 0.000000000000000e+00
1.447368421052632e-01 2.564102564102566e-02 0.000000000000000e+00
1.578947368421053e-01 2.564102564102565e-02 0.000000000000000e+00
1.710526315789474e-01 2.564102564102565e-02 0.000000000000000e+00
1.842105263157895e-01 2.564102564102565e-02 0.000000000000000e+00
1.973684210526316e-01 2.564102564102566e-02 0.000000000000000e+00
2.105263157894737e-01 2.564102564102566e-02 0.000000000000000e+00
2.236842105263158e-01 2.564102564102566e-02 0.000000000000000e+00
2.368421052631579e-01 2.564102564102566e-02 0.000000000000000e+00
2.500000000000000e-01 2.564102564102566e-02 0.000000000000000e+00
0.000000000000000e+00 3.846153846153846e-02 0.000000000000000e+00
1.315789473684212e-02 3.846153846153846e-02 0.000000000000000e+00
2.631578947368424e-02 3.846153846153846e-02 0.000000000000000e+00
3.947368421052633e-02 3.846153846153846e-02 0.000000000000000e+00
5.263157894736842e-02 3.846153846153847e-02 0.000000000000000e+00
6.578947368421054e-02 3.846153846153847e-02 0.000000000000000e+00
7.894736842105266e-02 3.846153846153847e-02 0.000000000000000e+00
9.210526315789475e-02 3.846153846153847e-02 0.000000000000000e+00
1.052631578947368e-01 3.846153846153848e-02 0.000000000000000e+00
1.184210526315790e-01 3.846153846153848e-02 0.000000000000000e+00
1.315789473684211e-01 3.846153846153848e-02 0.000000000000000e+00
1.447368421052632e-01 3.846153846153848e-02 0.000000000000000e+00
1.578947368421053e-01 3.846153846153848e-02 0.000000000000000e+00
1.710526315789474e-01 3.846153846153848e-02 0.000000000000000e+00
1.842105263157895e-01 3.846153846153848e-02 0.000000000000000e+00
1.973684210526316e-01 3.846153846153848e-02 0.000000000000000e+00
2.105263157894737e-01 3.846153846153849e-02 0.000000000000000e+00
2.236842105263157e-01 3.846153846153849e-02 0.000000000000000e+00
2.368421052631579e-01 3.846153846153849e-02 0.000000000000000e+00
2.500000000000000e-01 3.846153846153849e-02 0.000000000000000e+00
0.000000000000000e+00 5.128205128205128e-02 0.000000000000000e+00
1.315789473684212e-02 5.128205128205128e-02 0.000000000000000e+00
2.631578947368424e-02 5.128205128205129e-02 0.000000000000000e+00
3.947368421052633e-02 5.128205128205128e-02 0.000000000000000e+00
5.263157894736842e-02 5.128205128205128e-02 0.000000000000000e+00
6.578947368421054e-02 5.128205128205129e-02 0.000000000000000e+00
7.894736842105266e-02 5.128205128205129e-02 0.000000000000000e+00
9.210526315789475e-02 5.128205128205129e-02 0.000000000000000e+00
1.052631578947368e-01 5.128205128205129e-02 0.000000000000000e+00
1.184210526315790e-01 5.128205128205130e-02 0.000000000000000e+00
1.315789473684211e-01 5.128205128205132e-02 0.000000000000000e+00
1.447368421052632e-01 5.128205128205132e-02 0.000000000000000e+00
1.578947368421053e-01 5.128205128205131e-02 0.000000000000000e+00
1.710526315789473e-01 5.128205128205131e-02 0.000000000000000e+00
1.842105263157895e-01 5.128205128205131e-02 0.000000000000000e+00
1.973684210526316e-01 5.128205128205132e-02 0.000000000000000e+00
2.105263157894737e-01 5.128205128205132e-02 0.000000000000000e+00
2.236842105263158e-01 5.128205128205133e-02 0.000000000000000e+00
2.368421052631579e-01 5.128205128205132e-02 0.000000000000000e+00
2.500000000000000e-01 5.128205128205132e-02 0.000000000000000e+00
0.000000000000000e+00 6.410256410256410e-02 0.000000000000000e+00
1.315789473684212e-02 6.410256410256410e-02 0.000000000000000e+00
2.631578947368423e-02 6.410256410256410e-02 0.000000000000000e+00
3.947368421052633e-02 6.410256410256410e-02 0.000000000000000e+00
5.263157894736842e-02 6.410256410256410e-02 0.000000000000000e+00
6.578947368421054e-02 6.410256410256410e-02 0.000000000000000e+00
7.894736842105266e-02 6.410256410256410e-02 0.000000000000000e+00
9.210526315789475e-02 6.410256410256410e-02 0.000000000000000e+00
1.052631578947368e-01 6.410256410256410e-02 0.000000000000000e+00
1.184210526315790e-01 6.410256410256410e-02 0.000000000000000e+00
1.315789473684211e-01 6.410256410256410e-02 0.000000000000000e+00
1.447368421052632e-01 6.410256410256410e-02 0.000000000000000e+00
1.578947368421053e-01 6.410256410256410e-02 0.000000000000000e+00
1.710526315789474e-01 6.410256410256410e-02 0.000000000000000e+00
1.842105263157895e-01 6.410256410256410e-02 0.000000000000000e+00
1.973684210526316e-01 6.410256410256410e-02 0.000000000000000e+00
2.105263157894737e-01 6.410256410256410e-02 0.000000000000000e+00
2.236842105263158e-01 6.410256410256410e-02 0.000000000000000e+00
2.368421052631579e-01 6.410256410256410e-02 0.000000000000000e+00
2.500000000000000e-01 6.410256410256410e-02 0.000000000000000e+00
0.000000000000000e+00 7.692307692307693e-02 0.000000000000000e+00
1.315789473684212e-02 7.692307692307693e-02 0.000000000000000e+00
2.631578947368423e-02 7.692307692307693e-02 0.000000000000000e+00
3.947368421052633e-02 7.692307692307693e-02 0.000000000000000e+00
5.263157894736842e-02 7.692307692307693e-02 0.000000000000000e+00
6.578947368421054e-02 7.692307692307693e-02 0.000000000000000e+00
7.894736842105266e-02 7.692307692307693e-02 0.000000000000000e+00
9.210526315789475e-02 7.692307692307693e-02 0.000000000000000e+00
1.052631578947368e-01 7.692307692307693e-02 0.000000000000000e+00
1.184210526315790e-01 7.692307692307693e-02 0.000000000000000e+00
1.315789473684211e-01 7.692307692307693e-02 0.000000000000000e+00
1.447368421052632e-01 7.692307692307693e-02 0.000000000000000e+00
1.578947368421053e-01 7.692307692307693e-02 0.000000000000000e+00
1.710526315789474e-01 7.692307692307693e-02 0.000000000000000e+00
1.842105263157895e-01 7.692307692307693e-02 0.000000000000000e+00
1.973684210526316e-01 7.692307692307693e-02 0.000000000000000e+00
2.105263157894737e-01 7.692307692307693e-02 0.000000000000000e+00
2.236842105263158e-01 7.692307692307693e-02 0.000000000000000e+00
2.368421052631579e-01 7.692307692307693e-02 0.000000000000000e+00
2.500000000000000e-01 7.692307692307693e-02 0.000000000000000e+00
0.000000000000000e+00 8.974358974358974e-02 0.000000000000000e+00
1.315789473684211e-02 8.974358974358974e-02 0.000000000000000e+00
2.631578947368423e-02 8.974358974358974e-02 0.000000000000000e+00
3.947368421052633e-02 8.974358974358974e-02 0.000000000000000e+00
5.263157894736842e-02 8.974358974358977e-02 0.000000000000000e+00
6.578947368421054e-02 8.974358974358974e-02 0.000000000000000e+00
7.894736842105266e-02 8.974358974358974e-02 0.000000000000000e+00
9.210526315789475e-02 8.974358974358974e-02 0.000000000000000e+00
1.052631578947368e-01 8.974358974358974e-02 0.000000000000000e+00
1.184210526315790e-01 8.974358974358974e-02 0.000000000000000e+00
1.315789473684211e-01 8.974358974358976e-02 0.000000000000000e+00
1.447368421052632e-01 8.974358974358976e-02 0.000000000000000e+00
1.578947368421053e-01 8.974358974358976e-02 0.000000000000000e+00
1.710526315789474e-01 8.974358974358976e-02 0.000000000000000e+00
1.842105263157895e-01 8.974358974358976e-02 0.000000000000000e+00
1.973684210526316e-01 8.974358974358976e-02 0.000000000000000e+00
2.105263157894737e-01 8.974358974358976e-02 0.000000000000000e+00
2.236842105263157e-01 8.974358974358976e-02 0.000000000000000e+00
2.368421052631579e-01 8.974358974358976e-02 0.000000000000000e+00
2.500000000000000e-01 8.974358974358976e-02 0.000000000000000e+00
0.000000000000000e+00 1.025641025641026e-01 0.000000000000000e+00
1.315789473684212e-02 1.025641025641026e-01 0.000000000000000e+00
2.631578947368423e-02 1.025641025641026e-01 0.000000000000000e+00
3.947368421052633e-02 1.025641025641026e-01 0.000000000000000e+00
5.263157894736842e-02 1.025641025641026e-01 0.000000000000000e+00
6.578947368421054e-02 1.025641025641026e-01 0.000000000000000e+00
7.894736842105266e-02 1.025641025641026e-01 0.000000000000000e+00
9.210526315789475e-02 1.025641025641026e-01 0.000000000000000e+00
1.052631578947368e-01 1.025641025641026e-01 0.000000000000000e+00
1.184210526315790e-01 1.025641025641026e-01 0.000000000000000e+00
1.315789473684211e-01 1.025641025641026e-01 0.000000000000000e+00
1.447368421052632e-01 1.025641025641026e-01 0.000000000000000e+00
1.578947368421053e-01 1.025641025641026e-01 0.000000000000000e+00
1.710526315789474e-01 1.025641025641026e-01 0.000000000000000e+00
1.842105263157895e-01 1.025641025641026e-01 0.000000000000000e+00
1.973684210526316e-01 1.025641025641026e-01 0.000000000000000e+00
2.105263157894737e-01 1.025641025641026e-01 0.000000000000000e+00
2.236842105263157e-01 1.025641025641026e-01 0.000000000000000e+00
2.368421052631579e-01 1.025641025641026e-01 0.000000000000000e+00
2.500000000000000e-01 1.025641025641026e-01 0.000000000000000e+00
0.000000000000000e+00 1.153846153846154e-01 0.000000000000000e+00
1.315789473684212e-02 1.153846153846154e-01 0.000000000000000e+00
2.631578947368423e-02 1.153846153846154e-01 0.000000000000000e+00
3.947368421052633e-02 1.153846153846154e-01 0.000000000000000e+00
5.263157894736842e-02 1.153846153846154e-01 0.000000000000000e+00
6.578947368421054e-02 1.153846153846154e-01 0.000000000000000e+00
7.894736842105266e-02 1.153846153846154e-01 0.000000000000000e+00
9.210526315789475e-02 1.153846153846154e-01 0.000000000000000e+00
1.052631578947368e-01 1.153846153846154e-01 0.000000000000000e+00
1.184210526315790e-01 1.153846153846154e-01 0.000000000000000e+00
1.315789473684211e-01 1.153846153846154e-01 0.000000000000000e+00
1.447368421052632e-01 1.153846153846154e-01 0.000000000000000e+00
1.578947368421053e-01 1.153846153846154e-01 0.000000000000000e+00
1.710526315789474e-01 1.153846153846154e-01 0.000000000000000e+00
1.842105263157895e-01 1.153846153846154e-01 0.000000000000000e+00
1.973684210526316e-01 1.153846153846154e-01 0.000000000000000e+00
2.105263157894737e-01 1.153846153846154e-01 0.000000000000000e+00
2.236842105263158e-01 1.153846153846154e-01 0.000000000000000e+00
2.368421052631579e-01 1.153846153846154e-01 0.000000000000000e+00
2.500000000000000e-01 1.153846153846154e-01 0.000000000000000e+00
0.000000000000000e+00 1.282051282051282e-01 0.000000000000000e+00
1.315789473684212e-02 1.282051282051282e-01 0.000000000000000e+00
2.631578947368423e-02 1.282051282051282e-01 0.000000000000000e+00
3.947368421052633e-02 1.282051282051282e-01 0.000000000000000e+00
5.263157894736842e-02 1.282051282051282e-01 0.000000000000000e+00
6.578947368421054e-02 1.282051282051282e-01 0.000000000000000e+00
7.894736842105267e-02 1.282051282051282e-01 0.000000000000000e+00
9.210526315789475e-02 1.282051282051282e-01 0.000000000000000e+00
1.052631578947368e-01 1.282051282051282e-01 0.000000000000000e+00
1.184210526315790e-01 1.282051282051282e-01 0.000000000000000e+00
1.315789473684211e-01 1.282051282051282e-01 0.000000000000000e+00
1.447368421052632e-01 1.282051282051282e-01 0.000000000000000e+00
1.578947368421053e-01 1.282051282051282e-01 0.000000000000000e+00
1.710526315789474e-01 1.282051282051282e-01 0.000000000000000e+00
1.842105263157895e-01 1.282051282051282e-01 0.000000000000000e+00
1.973684210526316e-01 1.282051282051282e-01 0.000000000000000e+00
2.105263157894737e-01 1.282051282051282e-01 0.000000000000000e+00
2.236842105263158e-01 1.282051282051282e-01 0.000000000000000e+00
2.368421052631579e-01 1.282051282051282e-01 0.000000000000000e+00
2.500000000000000e-01 1.282051282051282e-01 0.000000000000000e+00
0.000000000000000e+00 1.410256410256410e-01 0.000000000000000e+00
1.315789473684212e-02 1.410256410256410e-01 0.000000000000000e+00
2.631578947368423e-02 1.410256410256410e-01 0.000000000000000e+00
3.947368421052632e-02 1.410256410256410e-01 0.000000000000000e+00
5.263157894736842e-02 1.410256410256410e-01 0.000000000000000e+00
6.578947368421054e-02 1.410256410256410e-01 0.000000000000000e+00
7.894736842105264e-02 1.410256410256410e-01 0.000000000000000e+00
9.210526315789475e-02 1.410256410256410e-01 0.000000000000000e+00
1.052631578947368e-01 1.410256410256410e-01 0.000000000000000e+00
1.184210526315790e-01 1.410256410256410e-01 0.000000000000000e+00
1.315789473684211e-01 1.410256410256410e-01 0.000000000000000e+00
1.447368421052632e-01 1.410256410256410e-01 0.000000000000000e+00
1.578947368421053e-01 1.410256410256410e-01 0.000000000000000e+00
1.710526315789474e-01 1.410256410256410e-01 0.000000000000000e+00
1.842105263157895e-01 1.410256410256410e-01 0.000000000000000e+00
1.973684210526316e-01 1.410256410256410e-01 0.000000000000000e+00
2.105263157894737e-01 1.410256410256410e-01 0.000000000000000e+00
2.236842105263157e-01 1.410256410256410e-01 0.000000000000000e+00
2.368421052631579e-01 1.410256410256410e-01 0.000000000000000e+00
2.500000000000000e-01 1.410256410256410e-01 0.000000000000000e+00
0.000000000000000e+00 1.538461538461539e-01 0.000000000000000e+00
1.315789473684212e-02 1.538461538461539e-01 0.000000000000000e+00
2.631578947368423e-02 1.538461538461539e-01 0.000000000000000e+00
3.947368421052633e-02 1.538461538461539e-01 0.000000000000000e+00
5.263157894736842e-02 1.538461538461539e-01 0.000000000000000e+00
6.578947368421054e-02 1.538461538461539e-01 0.000000000000000e+00
7.894736842105267e-02 1.538461538461539e-01 0.000000000000000e+00
9.210526315789475e-02 1.538461538461539e-01 0.000000000000000e+00
1.052631578947368e-01 1.538461538461539e-01 0.000000000000000e+00
1.184210526315790e-01 1.538461538461539e-01 0.000000000000000e+00
1.315789473684211e-01 1.538461538461539e-01 0.000000000000000e+00
1.447368421052632e-01 1.538461538461539e-01 0.000000000000000e+00
1.578947368421053e-01 1.538461538461539e-01 0.000000000000000e+00
1.710526315789473e-01 1.538461538461539e-01 0.000000000000000e+00
1.842105263157895e-01 1.538461538461539e-01 0.000000000000000e+00
1.973684210526316e-01 1.538461538461539e-01 0.000000000000000e+00
2.105263157894737e-01 1.538461538461539e-01 0.000000000000000e+00
2.236842105263157e-01 1.538461538461539e-01 0.000000000000000e+00
2.368421052631579e-01 1.538461538461539e-01 0.000000000000000e+00
2.500000000000000e-01 1.538461538461539e-01 0.000000000000000e+00
0.000000000000000e+00 1.666666666666667e-01 0.000000000000000e+00
1.315789473684212e-02 1.666666666666667e-01 0.000000000000000e+00
2.631578947368423e-02 1.666666666666667e-01 0.000000000000000e+00
3.947368421052633e-02 1.666666666666667e-01 0.000000000000000e+00
5.263157894736842e-02 1.666666666666667e-01 0.000000000000000e+00
6.578947368421054e-02 1.666666666666667e-01 0.000000000000000e+00
7.894736842105267e-02 1.666666666666667e-01 0.000000000000000e+00
9.210526315789475e-02 1.666666666666667e-01 0.000000000000000e+00
1.052631578947368e-01 1.666666666666667e-01 0.000000000000000e+00
1.184210526315790e-01 1.666666666666667e-01 0.000000000000000e+00
1.315789473684211e-01 1.666666666666667e-01 0.000000000000000e+00
1.447368421052632e-01 1.666666666666667e-01 0.000000000000000e+00
1.578947368421053e-01 1.666666666666667e-01 0.000000000000000e+00
1.710526315789473e-01 1.666666666666667e-01 0.000000000000000e+00
1.842105263157895e-01 1.666666666666667e-01 0.000000000000000e+00
1.973684210526316e-01 1.666666666666667e-01 0.000000000000000e+00
2.105263157894737e-01 1.666666666666667e-01 0.000000000000000e+00
2.236842105263157e-01 1.666666666666667e-01 0.000000000000000e+00
2.368421052631579e-01 1.666666666666667e-01 0.000000000000000e+00
2.500000000000000e-01 1.666666666666667e-01 0.000000000000000e+00
0.000000000000000e+00 1.794871794871795e-01 0.000000000000000e+00
1.315789473684211e-02 1.794871794871795e-01 0.000000000000000e+00
2.631578947368423e-02 1.794871794871795e-01 0.000000000000000e+00
3.947368421052632e-02 1.794871794871795e-01 0.000000000000000e+00
5.263157894736842e-02 1.794871794871795e-01 0.000000000000000e+00
6.578947368421054e-02 1.794871794871795e-01 0.000000000000000e+00
7.894736842105264e-02 1.794871794871795e-01 0.000000000000000e+00
9.210526315789475e-02 1.794871794871795e-01 0.000000000000000e+00
1.052631578947368e-01 1.794871794871795e-01 0.000000000000000e+00
1.184210526315790e-01 1.794871794871795e-01 0.000000000000000e+00
1.315789473684211e-01 1.794871794871795e-01 0.000000000000000e+00
1.447368421052632e-01 1.794871794871795e-01 0.000000000000000e+00
1.578947368421053e-01 1.794871794871795e-01 0.000000000000000e+00
1.710526315789474e-01 1.794871794871795e-01 0.000000000000000e+00
1.842105263157895e-01 1.794871794871795e-01 0.000000000000000e+00
1.973684210526316e-01 1.794871794871795e-01 0.000000000000000e+00
2.105263157894737e-01 1.794871794871795e-01 0.000000000000000e+00
2.236842105263158e-01 1.794871794871795e-01 0.000000000000000e+00
2.368421052631579e-01 1.794871794871795e-01 0.000000000000000e+00
2.500000000000000e-01 1.794871794871795e-01 0.000000000000000e+00
0.000000000000000e+00 1.923076923076923e-01 0.000000000000000e+00
1.315789473684211e-02 1.923076923076922e-01 0.000000000000000e+00
2.631578947368423e-02 1.923076923076923e-01 0.000000000000000e+00
3.947368421052632e-02 1.923076923076923e-01 0.000000000000000e+00
5.263157894736842e-02 1.923076923076923e-01 0.000000000000000e+00
6.578947368421054e-02 1.923076923076923e-01 0.000000000000000e+00
7.894736842105264e-02 1.923076923076923e-01 0.000000000000000e+00
9.210526315789475e-02 1.923076923076923e-01 0.000000000000000e+00
1.052631578947368e-01 1.923076923076923e-01 0.000000000000000e+00
1.184210526315790e-01 1.923076923076923e-01 0.000000000000000e+00
1.315789473684211e-01 1.923076923076923e-01 0.000000000000000e+00
1.447368421052632e-01 1.923076923076923e-01 0.000000000000000e+00
1.578947368421053e-01 1.923076923076923e-01 0.000000000000000e+00
1.710526315789473e-01 1.923076923076923e-01 0.000000000000000e+00
1.842105263157895e-01 1.923076923076923e-01 0.000000000000000e+00
1.973684210526316e-01 1.923076923076923e-01 0.000000000000000e+00
2.105263157894737e-01 1.923076923076923e-01 0.000000000000000e+00
2.236842105263158e-01 1.923076923076923e-01 0.000000000000000e+00
2.368421052631579e-01 1.923076923076923e-01 0.000000000000000e+00
2.500000000000000e-01 1.923076923076923e-01 0.000000000000000e+00
0.000000000000000e+00 2.051282051282051e-01 0.000000000000000e+00
1.315789473684211e-02 2.051282051282051e-01 0.000000000000000e+00
2.631578947368423e-02 2.051282051282052e-01 0.000000000000000e+00
3.947368421052633e-02 2.051282051282051e-01 0.000000000000000e+00
5.263157894736842e-02 2.051282051282052e-01 0.000000000000000e+00
6.578947368421054e-02 2.051282051282051e-01 0.000000000000000e+00
7.894736842105267e-02 2.051282051282051e-01 0.000000000000000e+00
9.210526315789475e-02 2.051282051282051e-01 0.000000000000000e+00
1.052631578947368e-01 2.051282051282051e-01 0.000000000000000e+00
1.184210526315790e-01 2.051282051282051e-01 0.000000000000000e+00
1.315789473684211e-01 2.051282051282051e-01 0.000000000000000e+00
1.447368421052632e-01 2.051282051282051e-01 0.000000000000000e+00
1.578947368421053e-01 2.051282051282051e-01 0.000000000000000e+00
1.710526315789473e-01 2.051282051282051e-01 0.000000000000000e+00
1.842105263157895e-01 2.051282051282051e-01 0.000000000000000e+00
1.973684210526316e-01 2.051282051282051e-01 0.000000000000000e+00
2.105263157894737e-01 2.051282051282051e-01 0.000000000000000e+00
2.236842105263157e-01 2.051282051282051e-01 0.000000000000000e+00
2.368421052631579e-01 2.051282051282051e-01 0.000000000000000e+00
2.500000000000000e-01 2.051282051282051e-01 0.000000000000000e+00
0.000000000000000e+00 2.179487179487180e-01 0.000000000000000e+00
1.315789473684211e-02 2.179487179487179e-01 0.000000000000000e+00
2.631578947368422e-02 2.179487179487180e-01 0.000000000000000e+00
3.947368421052632e-02 2.179487179487179e-01 0.000000000000000e+00
5.263157894736842e-02 2.179487179487180e-01 0.000000000000000e+00
6.578947368421054e-02 2.179487179487179e-01 0.000000000000000e+00
7.894736842105264e-02 2.179487179487180e-01 0.000000000000000e+00
9.210526315789475e-02 2.179487179487180e-01 0.000000000000000e+00
1.052631578947368e-01 2.179487179487180e-01 0.000000000000000e+00
1.184210526315790e-01 2.179487179487180e-01 0.000000000000000e+00
1.315789473684211e-01 2.179487179487180e-01 0.000000000000000e+00
1.447368421052632e-01 2.179487179487180e-01 0.000000000000000e+00
1.578947368421053e-01 2.179487179487180e-01 0.000000000000000e+00
1.710526315789473e-01 2.179487179487180e-01 0.000000000000000e+00
1.842105263157895e-01 2.179487179487180e-01 0.000000000000000e+00
1.973684210526316e-01 2.179487179487180e-01 0.000000000000000e+00
2.105263157894737e-01 2.179487179487180e-01 0.000000000000000e+00
2.236842105263157e-01 2.179487179487180e-01 0.000000000000000e+00
2.368421052631579e-01 2.179487179487180e-01 0.000000000000000e+00
2.500000000000000e-01 2.179487179487180e-01 0.000000000000000e+00
0.000000000000000e+00 2.307692307692308e-01 0.000000000000000e+00
1.315789473684211e-02 2.307692307692308e-01 0.000000000000000e+00
2.631578947368422e-02 2.307692307692307e-01 0.000000000000000e+00
3.947368421052633e-02 2.307692307692308e-01 0.000000000000000e+00
5.263157894736842e-02 2.307692307692308e-01 0.000000000000000e+00
6.578947368421054e-02 2.307692307692308e-01 0.000000000000000e+00
7.894736842105267e-02 2.307692307692308e-01 0.000000000000000e+00
9.210526315789475e-02 2.307692307692308e-01 0.000000000000000e+00
1.052631578947368e-01 2.307692307692308e-01 0.000000000000000e+00
1.184210526315790e-01 2.307692307692308e-01 0.000000000000000e+00
1.315789473684211e-01 2.307692307692308e-01 0.000000000000000e+00
1.447368421052632e-01 2.307692307692308e-01 0.000000000000000e+00
1.578947368421053e-01 2.307692307692307e-01 0.000000000000000e+00
1.710526315789473e-01 2.307692307692308e-01 0.000000000000000e+00
1.842105263157895e-01 2.307692307692308e-01 0.000000000000000e+00
1.973684210526316e-01 2.307692307692308e-01 0.000000000000000e+00
2.105263157894737e-01 2.307692307692308e-01 0.000000000000000e+00
2.236842105263157e-01 2.307692307692308e-01 0.000000000000000e+00
2.368421052631579e-01 2.307692307692308e-01 0.000000000000000e+00
2.500000000000000e-01 2.307692307692308e-01 0.000000000000000e+00
0.000000000000000e+00 2.435897435897436e-01 0.000000000000000e+00
1.315789473684211e-02 2.435897435897436e-01 0.000000000000000e+00
2.631578947368422e-02 2.435897435897436e-01 0.000000000000000e+00
3.947368421052631e-02 2.435897435897436e-01 0.000000000000000e+00
5.263157894736842e-02 2.435897435897436e-01 0.000000000000000e+00
6.578947368421054e-02 2.435897435897436e-01 0.000000000000000e+00
7.894736842105261e-02 2.435897435897436e-01 0.000000000000000e+00
9.210526315789475e-02 2.435897435897436e-01 0.000000000000000e+00
1.052631578947368e-01 2.435897435897436e-01 0.000000000000000e+00
1.184210526315790e-01 2.435897435897436e-01 0.000000000000000e+00
1.315789473684211e-01 2.435897435897436e-01 0.000000000000000e+00
1.447368421052632e-01 2.435897435897436e-01 0.000000000000000e+00
1.578947368421053e-01 2.435897435897436e-01 0.000000000000000e+00
1.710526315789473e-01 2.435897435897436e-01 0.000000000000000e+00
1.842105263157895e-01 2.435897435897436e-01 0.000000000000000e+00
1.973684210526316e-01 2.435897435897436e-01 0.000000000000000e+00
2.105263157894737e-01 2.435897435897436e-01 0.000000000000000e+00
2.236842105263157e-01 2.435897435897436e-01 0.000000000000000e+00
2.368421052631579e-01 2.435897435897436e-01 0.000000000000000e+00
2.500000000000000e-01 2.435897435897436e-01 0.000000000000000e+00
0.000000000000000e+00 2.564102564102564e-01 0.000000000000000e+00
1.315789473684211e-02 2.564102564102564e-01 0.000000000000000e+00
2.631578947368422e-02 2.564102564102564e-01 0.000000000000000e+00
3.947368421052632e-02 2.564102564102564e-01 0.000000000000000e+00
5.263157894736842e-02 2.564102564102564e-01 0.000000000000000e+00
6.578947368421055e-02 2.564102564102564e-01 0.000000000000000e+00
7.894736842105264e-02 2.564102564102564e-01 0.000000000000000e+00
9.210526315789476e-02 2.564102564102564e-01 0.000000000000000e+00
1.052631578947368e-01 2.564102564102564e-01 0.000000000000000e+00
1.184210526315790e-01 2.564102564102564e-01 0.000000000000000e+00
1.315789473684211e-01 2.564102564102564e-01 0.000000000000000e+00
1.447368421052632e-01 2.564102564102564e-01 0.000000000000000e+00
1.578947368421053e-01 2.564102564102564e-01 0.000000000000000e+00
1.710526315789474e-01 2.564102564102564e-01 0.000000000000000e+00
1.842105263157895e-01 2.564102564102564e-01 0.000000000000000e+00
1.973684210526316e-01 2.564102564102564e-01 0.000000000000000e+00
2.105263157894737e-01 2.564102564102564e-01 0.000000000000000e+00
2.236842105263158e-01 2.564102564102564e-01 0.000000000000000e+00
2.368421052631579e-01 2.564102564102564e-01 0.000000000000000e+00
2.500000000000000e-01 2.564102564102564e-01 0.000000000000000e+00
0.000000000000000e+00 2.692307692307692e-01 0.000000000000000e+00
1.315789473684211e-02 2.692307692307692e-01 0.000000000000000e+00
2.631578947368422e-02 2.692307692307692e-01 0.000000000000000e+00
3.947368421052632e-02 2.692307692307692e-01 0.000000000000000e+00
5.263157894736842e-02 2.692307692307692e-01 0.000000000000000e+00
6.578947368421052e-02 2.692307692307693e-01 0.000000000000000e+00
7.894736842105264e-02 2.692307692307692e-01 0.000000000000000e+00
9.210526315789476e-02 2.692307692307692e-01 0.000000000000000e+00
1.052631578947368e-01 2.692307692307693e-01 0.000000000000000e+00
1.184210526315790e-01 2.692307692307692e-01 0.000000000000000e+00
1.315789473684211e-01 2.692307692307693e-01 0.000000000000000e+00
1.447368421052632e-01 2.692307692307693e-01 0.000000000000000e+00
1.578947368421053e-01 2.692307692307693e-01 0.000000000000000e+00
1.710526315789474e-01 2.692307692307693e-01 0.000000000000000e+00
1.842105263157895e-01 2.692307692307693e-01 0.000000000000000e+00
1.973684210526316e-01 2.692307692307693e-01 0.000000000000000e+00
2.105263157894737e-01 2.692307692307693e-01 0.000000000000000e+00
2.236842105263158e-01 2.692307692307693e-01 0.000000000000000e+00
2.368421052631579e-01 2.692307692307693e-01 0.000000000000000e+00
2.500000000000000e-01 2.692307692307693e-01 0.000000000000000e+00
0.000000000000000e+00 2.820512820512821e-01 0.000000000000000e+00
1.315789473684211e-02 2.820512820512821e-01 0.000000000000000e+00
2.631578947368423e-02 2.820512820512821e-01 0.000000000000000e+00
3.947368421052632e-02 2.820512820512821e-01 0.000000000000000e+00
5.263157894736842e-02 2.820512820512821e-01 0.000000000000000e+00
6.578947368421052e-02 2.820512820512821e-01 0.000000000000000e+00
7.894736842105264e-02 2.820512820512821e-01 0.000000000000000e+00
9.210526315789476e-02 2.820512820512821e-01 0.000000000000000e+00
1.052631578947368e-01 2.820512820512821e-01 0.000000000000000e+00
1.184210526315789e-01 2.820512820512821e-01 0.000000000000000e+00
1.315789473684211e-01 2.820512820512821e-01 0.000000000000000e+00
1.447368421052632e-01 2.820512820512821e-01 0.000000000000000e+00
1.578947368421053e-01 2.820512820512821e-01 0.000000000000000e+00
1.710526315789474e-01 2.820512820512821e-01 0.000000000000000e+00
1.842105263157895e-01 2.820512820512821e-01 0.000000000000000e+00
1.973684210526316e-01 2.820512820512821e-01 0.000000000000000e+00
2.105263157894737e-01 2.820512820512821e-01 0.000000000000000e+00
2.236842105263158e-01 2.820512820512821e-01 0.000000000000000e+00
2.368421052631579e-01 2.820512820512821e-01 0.000000000000000e+00
2.500000000000000e-01 2.820512820512821e-01 0.000000000000000e+00
0.000000000000000e+00 2.948717948717949e-01 0.000000000000000e+00
1.315789473684211e-02 2.948717948717948e-01 0.000000000000000e+00
2.631578947368422e-02 2.948717948717948e-01 0.000000000000000e+00
3.947368421052631e-02 2.948717948717949e-01 0.000000000000000e+00
5.263157894736842e-02 2.948717948717949e-01 0.000000000000000e+00
6.578947368421055e-02 2.948717948717949e-01 0.000000000000000e+00
7.894736842105261e-02 2.948717948717949e-01 0.000000000000000e+00
9.210526315789476e-02 2.948717948717949e-01 0.000000000000000e+00
1.052631578947368e-01 2.948717948717949e-01 0.000000000000000e+00
1.184210526315789e-01 2.948717948717949e-01 0.000000000000000e+00
1.315789473684211e-01 2.948717948717949e-01 0.000000000000000e+00
1.447368421052632e-01 2.948717948717949e-01 0.000000000000000e+00
1.578947368421053e-01 2.948717948717949e-01 0.000000000000000e+00
1.710526315789474e-01 2.948717948717949e-01 0.000000000000000e+00
1.842105263157895e-01 2.948717948717949e-01 0.000000000000000e+00
1.973684210526316e-01 2.948717948717949e-01 0.000000000000000e+00
2.105263157894737e-01 2.948717948717949e-01 0.000000000000000e+00
2.236842105263158e-01 2.948717948717949e-01 0.000000000000000e+00
2.368421052631579e-01 2.948717948717949e-01 0.000000000000000e+00
2.500000000000000e-01 2.948717948717949e-01 0.000000000000000e+00
0.000000000000000e+00 3.076923076923077e-01 0.000000000000000e+00
1.315789473684211e-02 3.076923076923078e-01 0.000000000000000e+00
2.631578947368422e-02 3.076923076923077e-01 0.000000000000000e+00
3.947368421052632e-02 3.076923076923077e-01 0.000000000000000e+00
5.263157894736842e-02 3.076923076923077e-01 0.000000000000000e+00
6.578947368421055e-02 3.076923076923077e-01 0.000000000000000e+00
7.894736842105264e-02 3.076923076923077e-01 0.000000000000000e+00
9.210526315789476e-02 3.076923076923077e-01 0.000000000000000e+00
1.052631578947368e-01 3.076923076923077e-01 0.000000000000000e+00
1.184210526315789e-01 3.076923076923077e-01 0.000000000000000e+00
1.315789473684211e-01 3.076923076923077e-01 0.000000000000000e+00
1.447368421052632e-01 3.076923076923077e-01 0.000000000000000e+00
1.578947368421053e-01 3.076923076923077e-01 0.000000000000000e+00
1.710526315789474e-01 3.076923076923077e-01 0.000000000000000e+00
1.842105263157895e-01 3.076923076923077e-01 0.000000000000000e+00
1.973684210526316e-01 3.076923076923077e-01 0.000000000000000e+00
2.105263157894737e-01 3.076923076923077e-01 0.000000000000000e+00
2.236842105263158e-01 3.076923076923077e-01 0.000000000000000e+00
2.368421052631579e-01 3.076923076923077e-01 0.000000000000000e+00
2.500000000000000e-01 3.076923076923077e-01 0.000000000000000e+00
0.000000000000000e+00 3.205128205128205e-01 0.000000000000000e+00
1.315789473684211e-02 3.205128205128205e-01 0.000000000000000e+00
2.631578947368421e-02 3.205128205128205e-01 0.000000000000000e+00
3.947368421052632e-02 3.205128205128204e-01 0.000000000000000e+00
5.263157894736842e-02 3.205128205128205e-01 0.000000000000000e+00
6.578947368421055e-02 3.205128205128205e-01 0.000000000000000e+00
7.894736842105264e-02 3.205128205128205e-01 0.000000000000000e+00
9.210526315789473e-02 3.205128205128204e-01 0.000000000000000e+00
1.052631578947368e-01 3.205128205128205e-01 0.000000000000000e+00
1.184210526315790e-01 3.205128205128205e-01 0.000000000000000e+00
1.315789473684211e-01 3.205128205128205e-01 0.000000000000000e+00
1.447368421052632e-01 3.205128205128205e-01 0.000000000000000e+00
1.578947368421053e-01 3.205128205128205e-01 0.000000000000000e+00
1.710526315789474e-01 3.205128205128205e-01 0.000000000000000e+00
1.842105263157895e-01 3.205128205128205e-01 0.000000000000000e+00
1.973684210526316e-01 3.205128205128205e-01 0.000000000000000e+00
2.105263157894737e-01 3.205128205128205e-01 0.000000000000000e+00
2.236842105263158e-01 3.205128205128205e-01 0.000000000000000e+00
2.368421052631579e-01 3.205128205128205e-01 0.000000000000000e+00
2.500000000000000e-01 3.205128205128205e-01 0.000000000000000e+00
0.000000000000000e+00 3.333333333333333e-01 0.000000000000000e+00
1.315789473684211e-02 3.333333333333334e-01 0.000000000000000e+00
2.631578947368422e-02 3.333333333333333e-01 0.000000000000000e+00
3.947368421052632e-02 3.333333333333333e-01 0.000000000000000e+00
5.263157894736842e-02 3.333333333333333e-01 0.000000000000000e+00
6.578947368421055e-02 3.333333333333334e-01 0.000000000000000e+00
7.894736842105264e-02 3.333333333333333e-01 0.000000000000000e+00
9.210526315789476e-02 3.333333333333333e-01 0.000000000000000e+00
1.052631578947368e-01 3.333333333333333e-01 0.000000000000000e+00
1.184210526315790e-01 3.333333333333334e-01 0.000000000000000e+00
1.315789473684211e-01 3.333333333333334e-01 0.000000000000000e+00
1.447368421052632e-01 3.333333333333334e-01 0.000000000000000e+00
1.578947368421053e-01 3.333333333333334e-01 0.000000000000000e+00
1.710526315789474e-01 3.333333333333334e-01 0.000000000000000e+00
1.842105263157895e-01 3.333333333333334e-01 0.000000000000000e+00
1.973684210526316e-01 3.333333333333334e-01 0.000000000000000e+00
2.105263157894737e-01 3.333333333333334e-01 0.000000000000000e+00
2.236842105263158e-01 3.333333333333334e-01 0.000000000000000e+00
2.368421052631579e-01 3.333333333333334e-01 0.000000000000000e+00
2.500000000000000e-01 3.333333333333334e-01 0.000000000000000e+00
0.000000000000000e+00 3.461538461538462e-01 0.000000000000000e+00
1.315789473684211e-02 3.461538461538462e-01 0.000000000000000e+00
2.631578947368422e-02 3.461538461538462e-01 0.000000000000000e+00
3.947368421052631e-02 3.461538461538462e-01 0.000000000000000e+00
5.263157894736842e-02 3.461538461538462e-01 0.000000000000000e+00
6.578947368421055e-02 3.461538461538462e-01 0.000000000000000e+00
7.894736842105261e-02 3.461538461538462e-01 0.000000000000000e+00
9.210526315789473e-02 3.461538461538462e-01 0.000000000000000e+00
1.052631578947368e-01 3.461538461538462e-01 0.000000000000000e+00
1.184210526315790e-01 3.461538461538462e-01 0.000000000000000e+00
1.315789473684211e-01 3.461538461538462e-01 0.000000000000000e+00
1.447368421052632e-01 3.461538461538462e-01 0.000000000000000e+00
1.578947368421053e-01 3.461538461538462e-01 0.000000000000000e+00
1.710526315789474e-01 3.461538461538462e-01 0.000000000000000e+00
1.842105263157895e-01 3.461538461538462e-01 0.000000000000000e+00
1.973684210526316e-01 3.461538461538462e-01 0.000000000000000e+00
2.105263157894737e-01 3.461538461538462e-01 0.000000000000000e+00
2.236842105263158e-01 3.461538461538462e-01 0.000000000000000e+00
2.368421052631579e-01 3.461538461538462e-01 0.000000000000000e+00
2.500000000000000e-01 3.461538461538462e-01 0.000000000000000e+00
0.000000000000000e+00 3.589743589743590e-01 0.000000000000000e+00
1.315789473684211e-02 3.589743589743589e-01 0.000000000000000e+00
2.631578947368422e-02 3.589743589743590e-01 0.000000000000000e+00
3.947368421052631e-02 3.589743589743590e-01 0.000000000000000e+00
5.263157894736842e-02 3.589743589743591e-01 0.000000000000000e+00
6.578947368421052e-02 3.589743589743590e-01 0.000000000000000e+00
7.894736842105261e-02 3.589743589743589e-01 0.000000000000000e+00
9.210526315789476e-02 3.589743589743590e-01 0.000000000000000e+00
1.052631578947368e-01 3.589743589743590e-01 0.000000000000000e+00
1.184210526315790e-01 3.589743589743590e-01 0.000000000000000e+00
1.315789473684211e-01 3.589743589743590e-01 0.000000000000000e+00
1.447368421052632e-01 3.589743589743589e-01 0.000000000000000e+00
1.578947368421053e-01 3.589743589743590e-01 0.000000000000000e+00
1.710526315789474e-01 3.589743589743590e-01 0.000000000000000e+00
1.842105263157895e-01 3.589743589743590e-01 0.000000000000000e+00
1.973684210526316e-01 3.589743589743590e-01 0.000000000000000e+00
2.105263157894737e-01 3.589743589743590e-01 0.000000000000000e+00
2.236842105263158e-01 3.589743589743590e-01 0.000000000000000e+00
2.368421052631579e-01 3.589743589743590e-01 0.000000000000000e+00
2.500000000000000e-01 3.589743589743590e-01 0.000000000000000e+00
0.000000000000000e+00 3.717948717948718e-01 0.000000000000000e+00
1.315789473684211e-02 3.717948717948718e-01 0.000000000000000e+00
2.631578947368422e-02 3.717948717948718e-01 0.000000000000000e+00
3.947368421052631e-02 3.717948717948719e-01 0.000000000000000e+00
5.263157894736842e-02 3.717948717948717e-01 0.000000000000000e+00
6.578947368421052e-02 3.717948717948718e-01 0.000000000000000e+00
7.894736842105261e-02 3.717948717948718e-01 0.000000000000000e+00
9.210526315789473e-02 3.717948717948718e-01 0.000000000000000e+00
1.052631578947368e-01 3.717948717948718e-01 0.000000000000000e+00
1.184210526315789e-01 3.717948717948718e-01 0.000000000000000e+00
1.315789473684211e-01 3.717948717948718e-01 0.000000000000000e+00
1.447368421052632e-01 3.717948717948718e-01 0.000000000000000e+00
1.578947368421053e-01 3.717948717948718e-01 0.000000000000000e+00
1.710526315789474e-01 3.717948717948718e-01 0.000000000000000e+00
1.842105263157895e-01 3.717948717948718e-01 0.000000000000000e+00
1.973684210526316e-01 3.717948717948718e-01 0.000000000000000e+00
2.105263157894737e-01 3.717948717948718e-01 0.000000000000000e+00
2.236842105263158e-01 3.717948717948718e-01 0.000000000000000e+00
2.368421052631579e-01 3.717948717948718e-01 0.000000000000000e+00
2.500000000000000e-01 3.717948717948718e-01 0.000000000000000e+00
0.000000000000000e+00 3.846153846153846e-01 0.000000000000000e+00
1.315789473684211e-02 3.846153846153845e-01 0.000000000000000e+00
2.631578947368422e-02 3.846153846153847e-01 0.000000000000000e+00
3.947368421052631e-02 3.846153846153846e-01 0.000000000000000e+00
5.263157894736842e-02 3.846153846153846e-01 0.000000000000000e+00
6.578947368421052e-02 3.846153846153846e-01 0.000000000000000e+00
7.894736842105263e-02 3.846153846153846e-01 0.000000000000000e+00
9.210526315789473e-02 3.846153846153846e-01 0.000000000000000e+00
1.052631578947368e-01 3.846153846153846e-01 0.000000000000000e+00
1.184210526315789e-01 3.846153846153846e-01 0.000000000000000e+00
1.315789473684211e-01 3.846153846153846e-01 0.000000000000000e+00
1.447368421052632e-01 3.846153846153845e-01 0.000000000000000e+00
1.578947368421053e-01 3.846153846153846e-01 0.000000000000000e+00
1.710526315789474e-01 3.846153846153845e-01 0.000000000000000e+00
1.842105263157895e-01 3.846153846153846e-01 0.000000000000000e+00
1.973684210526316e-01 3.846153846153846e-01 0.000000000000000e+00
2.105263157894737e-01 3.846153846153846e-01 0.000000000000000e+00
2.236842105263158e-01 3.846153846153846e-01 0.000000000000000e+00
2.368421052631579e-01 3.846153846153846e-01 0.000000000000000e+00
2.500000000000000e-01 3.846153846153846e-01 0.000000000000000e+00
0.000000000000000e+00 3.974358974358974e-01 0.000000000000000e+00
1.315789473684211e-02 3.974358974358975e-01 0.000000000000000e+00
2.631578947368422e-02 3.974358974358975e-01 0.000000000000000e+00
3.947368421052631e-02 3.974358974358975e-01 0.000000000000000e+00
5.263157894736842e-02 3.974358974358975e-01 0.000000000000000e+00
6.578947368421052e-02 3.974358974358974e-01 0.000000000000000e+00
7.894736842105263e-02 3.974358974358974e-01 0.000000000000000e+00
9.210526315789476e-02 3.974358974358974e-01 0.000000000000000e+00
1.052631578947368e-01 3.974358974358975e-01 0.000000000000000e+00
1.184210526315789e-01 3.974358974358975e-01 0.000000000000000e+00
1.315789473684211e-01 3.974358974358974e-01 0.000000000000000e+00
1.447368421052632e-01 3.974358974358974e-01 0.000000000000000e+00
1.578947368421053e-01 3.974358974358975e-01 0.000000000000000e+00
1.710526315789474e-01 3.974358974358975e-01 0.000000000000000e+00
1.842105263157895e-01 3.974358974358975e-01 0.000000000000000e+00
1.973684210526316e-01 3.974358974358975e-01 0.000000000000000e+00
2.105263157894737e-01 3.974358974358975e-01 0.000000000000000e+00
2.236842105263158e-01 3.974358974358975e-01 0.000000000000000e+00
2.368421052631579e-01 3.974358974358975e-01 0.000000000000000e+00
2.500000000000000e-01 3.974358974358975e-01 0.000000000000000e+00
0.000000000000000e+00 4.102564102564102e-01 0.000000000000000e+00
1.315789473684211e-02 4.102564102564103e-01 0.000000000000000e+00
2.631578947368422e-02 4.102564102564102e-01 0.000000000000000e+00
3.947368421052631e-02 4.102564102564102e-01 0.000000000000000e+00
5.263157894736842e-02 4.102564102564104e-01 0.000000000000000e+00
6.578947368421052e-02 4.102564102564104e-01 0.000000000000000e+00
7.894736842105263e-02 4.102564102564102e-01 0.000000000000000e+00
9.210526315789473e-02 4.102564102564102e-01 0.000000000000000e+00
1.052631578947368e-01 4.102564102564102e-01 0.000000000000000e+00
1.184210526315789e-01 4.102564102564102e-01 0.000000000000000e+00
1.315789473684211e-01 4.102564102564102e-01 0.000000000000000e+00
1.447368421052632e-01 4.102564102564102e-01 0.000000000000000e+00
1.578947368421053e-01 4.102564102564102e-01 0.000000000000000e+00
1.710526315789474e-01 4.102564102564102e-01 0.000000000000000e+00
1.842105263157895e-01 4.102564102564102e-01 0.000000000000000e+00
1.973684210526316e-01 4.102564102564102e-01 0.000000000000000e+00
2.105263157894737e-01 4.102564102564102e-01 0.000000000000000e+00
2.236842105263158e-01 4.102564102564102e-01 0.000000000000000e+00
2.368421052631579e-01 4.102564102564102e-01 0.000000000000000e+00
2.500000000000000e-01 4.102564102564102e-01 0.000000000000000e+00
0.000000000000000e+00 4.230769230769231e-01 0.000000000000000e+00
1.315789473684211e-02 4.230769230769231e-01 0.000000000000000e+00
2.631578947368421e-02 4.230769230769230e-01 0.000000000000000e+00
3.947368421052631e-02 4.230769230769231e-01 0.000000000000000e+00
5.263157894736842e-02 4.230769230769230e-01 0.000000000000000e+00
6.578947368421052e-02 4.230769230769231e-01 0.000000000000000e+00
7.894736842105263e-02 4.230769230769232e-01 0.000000000000000e+00
9.210526315789476e-02 4.230769230769230e-01 0.000000000000000e+00
1.052631578947368e-01 4.230769230769231e-01 0.000000000000000e+00
1.184210526315789e-01 4.230769230769231e-01 0.000000000000000e+00
1.315789473684211e-01 4.230769230769231e-01 0.000000000000000e+00
1.447368421052632e-01 4.230769230769231e-01 0.000000000000000e+00
1.578947368421053e-01 4.230769230769231e-01 0.000000000000000e+00
1.710526315789474e-01 4.230769230769232e-01 0.000000000000000e+00
1.842105263157895e-01 4.230769230769232e-01 0.000000000000000e+00
1.973684210526316e-01 4.230769230769231e-01 0.000000000000000e+00
2.105263157894737e-01 4.230769230769231e-01 0.000000000000000e+00
2.236842105263158e-01 4.230769230769231e-01 0.000000000000000e+00
2.368421052631579e-01 4.230769230769231e-01 0.000000000000000e+00
2.500000000000000e-01 4.230769230769231e-01 0.000000000000000e+00
0.000000000000000e+00 4.358974358974359e-01 0.000000000000000e+00
1.315789473684211e-02 4.358974358974359e-01 0.000000000000000e+00
2.631578947368421e-02 4.358974358974359e-01 0.000000000000000e+00
3.947368421052631e-02 4.358974358974359e-01 0.000000000000000e+00
5.263157894736842e-02 4.358974358974359e-01 0.000000000000000e+00
6.578947368421052e-02 4.358974358974359e-01 0.000000000000000e+00
7.894736842105263e-02 4.358974358974359e-01 0.000000000000000e+00
9.210526315789473e-02 4.358974358974358e-01 0.000000000000000e+00
1.052631578947368e-01 4.358974358974359e-01 0.000000000000000e+00
1.184210526315789e-01 4.358974358974359e-01 0.000000000000000e+00
1.315789473684211e-01 4.358974358974359e-01 0.000000000000000e+00
1.447368421052632e-01 4.358974358974359e-01 0.000000000000000e+00
1.578947368421053e-01 4.358974358974359e-01 0.000000000000000e+00
1.710526315789474e-01 4.358974358974359e-01 0.000000000000000e+00
1.842105263157895e-01 4.358974358974359e-01 0.000000000000000e+00
1.973684210526316e-01 4.358974358974359e-01 0.000000000000000e+00
2.105263157894737e-01 4.358974358974359e-01 0.000000000000000e+00
2.236842105263158e-01 4.358974358974359e-01 0.000000000000000e+00
2.368421052631579e-01 4.358974358974359e-01 0.000000000000000e+00
2.500000000000000e-01 4.358974358974359e-01 0.000000000000000e+00
0.000000000000000e+00 4.487179487179487e-01 0.000000000000000e+00
1.315789473684211e-02 4.487179487179487e-01 0.000000000000000e+00
2.631578947368421e-02 4.487179487179487e-01 0.000000000000000e+00
3.947368421052631e-02 4.487179487179487e-01 0.000000000000000e+00
5.263157894736842e-02 4.487179487179487e-01 0.000000000000000e+00
6.578947368421052e-02 4.487179487179487e-01 0.000000000000000e+00
7.894736842105263e-02 4.487179487179487e-01 0.000000000000000e+00
9.210526315789473e-02 4.487179487179487e-01 0.000000000000000e+00
1.052631578947368e-01 4.487179487179487e-01 0.000000000000000e+00
1.184210526315790e-01 4.487179487179487e-01 0.000000000000000e+00
1.315789473684211e-01 4.487179487179487e-01 0.000000000000000e+00
1.447368421052632e-01 4.487179487179486e-01 0.000000000000000e+00
1.578947368421053e-01 4.487179487179487e-01 0.000000000000000e+00
1.710526315789474e-01 4.487179487179487e-01 0.000000000000000e+00
1.842105263157895e-01 4.487179487179487e-01 0.000000000000000e+00
1.973684210526316e-01 4.487179487179486e-01 0.000000000000000e+00
2.105263157894737e-01 4.487179487179487e-01 0.000000000000000e+00
2.236842105263158e-01 4.487179487179487e-01 0.000000000000000e+00
2.368421052631579e-01 4.487179487179487e-01 0.000000000000000e+00
2.500000000000000e-01 4.487179487179487e-01 0.000000000000000e+00
0.000000000000000e+00 4.615384615384615e-01 0.000000000000000e+00
1.315789473684210e-02 4.615384615384615e-01 0.000000000000000e+00
2.631578947368421e-02 4.615384615384615e-01 0.000000000000000e+00
3.947368421052631e-02 4.615384615384616e-01 0.000000000000000e+00
5.263157894736842e-02 4.615384615384616e-01 0.000000000000000e+00
6.578947368421052e-02 4.615384615384616e-01 0.000000000000000e+00
7.894736842105263e-02 4.615384615384616e-01 0.000000000000000e+00
9.210526315789473e-02 4.615384615384617e-01 0.000000000000000e+00
1.052631578947368e-01 4.615384615384617e-01 0.000000000000000e+00
1.184210526315789e-01 4.615384615384616e-01 0.000000000000000e+00
1.315789473684211e-01 4.615384615384615e-01 0.000000000000000e+00
1.447368421052632e-01 4.615384615384616e-01 0.000000000000000e+00
1.578947368421053e-01 4.615384615384615e-01 0.000000000000000e+00
1.710526315789474e-01 4.615384615384616e-01 0.000000000000000e+00
1.842105263157895e-01 4.615384615384616e-01 0.000000000000000e+00
1.973684210526316e-01 4.615384615384616e-01 0.000000000000000e+00
2.105263157894737e-01 4.615384615384616e-01 0.000000000000000e+00
2.236842105263158e-01 4.615384615384616e-01 0.000000000000000e+00
2.368421052631579e-01 4.615384615384616e-01 0.000000000000000e+00
2.500000000000000e-01 4.615384615384616e-01 0.000000000000000e+00
0.000000000000000e+00 4.743589743589743e-01 0.000000000000000e+00
1.315789473684211e-02 4.743589743589743e-01 0.000000000000000e+00
2.631578947368421e-02 4.743589743589745e-01 0.000000000000000e+00
3.947368421052631e-02 4.743589743589743e-01 0.000000000000000e+00
5.263157894736842e-02 4.743589743589742e-01 0.000000000000000e+00
6.578947368421052e-02 4.743589743589743e-01 0.000000000000000e+00
7.894736842105263e-02 4.743589743589743e-01 0.000000000000000e+00
9.210526315789473e-02 4.743589743589743e-01 0.000000000000000e+00
1.052631578947368e-01 4.743589743589743e-01 0.000000000000000e+00
1.184210526315789e-01 4.743589743589743e-01 0.000000000000000e+00
1.315789473684211e-01 4.743589743589743e-01 0.000000000000000e+00
1.447368421052632e-01 4.743589743589743e-01 0.000000000000000e+00
1.578947368421053e-01 4.743589743589743e-01 0.000000000000000e+00
1.710526315789474e-01 4.743589743589743e-01 0.000000000000000e+00
1.842105263157895e-01 4.743589743589743e-01 0.000000000000000e+00
1.973684210526316e-01 4.743589743589743e-01 0.000000000000000e+00
2.105263157894737e-01 4.743589743589743e-01 0.000000000000000e+00
2.236842105263158e-01 4.743589743589743e-01 0.000000000000000e+00
2.368421052631579e-01 4.743589743589743e-01 0.000000000000000e+00
2.500000000000000e-01 4.743589743589743e-01 0.000000000000000e+00
0.000000000000000e+00 4.871794871794872e-01 0.000000000000000e+00
1.315789473684211e-02 4.871794871794871e-01 0.000000000000000e+00
2.631578947368421e-02 4.871794871794873e-01 0.000000000000000e+00
3.947368421052631e-02 4.871794871794871e-01 0.000000000000000e+00
5.263157894736842e-02 4.871794871794871e-01 0.000000000000000e+00
6.578947368421052e-02 4.871794871794872e-01 0.000000000000000e+00
7.894736842105263e-02 4.871794871794872e-01 0.000000000000000e+00
9.210526315789473e-02 4.871794871794871e-01 0.000000000000000e+00
1.052631578947368e-01 4.871794871794871e-01 0.000000000000000e+00
1.184210526315789e-01 4.871794871794871e-01 0.000000000000000e+00
1.315789473684211e-01 4.871794871794872e-01 0.000000000000000e+00
1.447368421052632e-01 4.871794871794872e-01 0.000000000000000e+00
1.578947368421053e-01 4.871794871794871e-01 0.000000000000000e+00
1.710526315789474e-01 4.871794871794872e-01 0.000000000000000e+00
1.842105263157895e-01 4.871794871794872e-01 0.000000000000000e+00
1.973684210526316e-01 4.871794871794872e-01 0.000000000000000e+00
2.105263157894737e-01 4.871794871794872e-01 0.000000000000000e+00
2.236842105263158e-01 4.871794871794873e-01 0.000000000000000e+00
2.368421052631579e-01 4.871794871794873e-01 0.000000000000000e+00
2.500000000000000e-01 4.871794871794872e-01 0.000000000000000e+00
0.000000000000000e+00 5.000000000000000e-01 0.000000000000000e+00
1.315789473684211e-02 5.000000000000000e-01 0.000000000000000e+00
2.631578947368421e-02 5.000000000000000e-01 0.000000000000000e+00
3.947368421052631e-02 5.000000000000000e-01 0.000000000000000e+00
5.263157894736842e-02 5.000000000000000e-01 0.000000000000000e+00
6.578947368421052e-02 5.000000000000000e-01 0.000000000000000e+00
7.894736842105263e-02 5.000000000000000e-01 0.000000000000000e+00
9.210526315789473e-02 5.000000000000000e-01 0.000000000000000e+00
1.052631578947368e-01 5.000000000000000e-01 0.000000000000000e+00
1.184210526315789e-01 5.000000000000000e-01 0.000000000000000e+00
1.315789473684211e-01 5.000000000000000e-01 0.000000000000000e+00
1.447368421052632e-01 5.000000000000000e-01 0.000000000000000e+00
1.578947368421053e-01 5.000000000000000e-01 0.000000000000000e+00
1.710526315789474e-01 5.000000000000000e-01 0.000000000000000e+00
1.842105263157895e-01 5.000000000000000e-01 0.000000000000000e+00
1.973684210526316e-01 5.000000000000000e-01 0.000000000000000e+00
2.105263157894737e-01 5.000000000000000e-01 0.000000000000000e+00
2.236842105263158e-01 5.000000000000000e-01 0.000000000000000e+00
2.368421052631579e-01 5.000000000000000e-01 0.000000000000000e+00
2.500000000000000e-01 5.000000000000000e-01 0.000000000000000e+00