2 0 0
2 0 0.0263158
1 0 0
1 0.0131579 0
4 0.0131579 0
4 0.0263158 0
7 0.0263158 0
7 0.0394737 0
10 0.0394737 0
10 0.0526316 0
13 0.0526316 0
13 0.0657895 0
17 0.0657895 0
17 0.0789474 0
20 0.0789474 0
20 0.0921053 0
23 0.0921053 0
23 0.105263 0
27 0.105263 0
27 0.118421 0
30 0.118421 0
30 0.131579 0
33 0.131579 0
33 0.144737 0
37 0.144737 0
37 0.157895 0
40 0.157895 0
40 0.171053 0
43 0.171053 0
43 0.184211 0
47 0.184211 0
47 0.197368 0
50 0.197368 0
50 0.210526 0
53 0.210526 0
53 0.223684 0
57 0.223684 0
57 0.236842 0
60 0.236842 0
60 0.25 0
63 0.25 0
63 0.25 0.0263158
65 0.25 0.0263158
65 0.25 0.0526316
69 0.25 0.0526316
69 0.25 0.0789474
72 0.25 0.0789474
72 0.25 0.105263
75 0.25 0.105263
75 0.25 0.131579
78 0.25 0.131579
78 0.25 0.157895
81 0.25 0.157895
81 0.25 0.184211
85 0.25 0.184211
85 0.25 0.210526
88 0.25 0.210526
88 0.25 0.236842
91 0.25 0.236842
91 0.25 0.263158
95 0.25 0.263158
95 0.25 0.289474
98 0.25 0.289474
98 0.25 0.315789
101 0.25 0.315789
101 0.25 0.342105
105 0.25 0.342105
105 0.25 0.368421
108 0.25 0.368421
108 0.25 0.394737
111 0.25 0.394737
111 0.25 0.421053
115 0.25 0.421053
115 0.25 0.447368
118 0.25 0.447368
118 0.25 0.473684
121 0.25 0.473684
121 0.25 0.5
124 0.25 0.5
124 0.236842 0.5
126 0.236842 0.5
126 0.223684 0.5
129 0.223684 0.5
129 0.210526 0.5
132 0.210526 0.5
132 0.197368 0.5
135 0.197368 0.5
135 0.184211 0.5
139 0.184211 0.5
139 0.171053 0.5
142 0.171053 0.5
142 0.157895 0.5
145 0.157895 0.5
145 0.144737 0.5
149 0.144737 0.5
149 0.131579 0.5
152 0.131579 0.5
152 0.118421 0.5
155 0.118421 0.5
155 0.105263 0.5
159 0.105263 0.5
159 0.0921053 0.5
162 0.0921053 0.5
162 0.0789474 0.5
165 0.0789474 0.5
165 0.0657895 0.5
169 0.0657895 0.5
169 0.0526316 0.5
172 0.0526316 0.5
172 0.0394737 0.5
175 0.0394737 0.5
175 0.0263158 0.5
179 0.0263158 0.5
179 0.0131579 0.5
182 0.0131579 0.5
182 0 0.5
185 0 0.5
185 0 0.473684
187 0 0.473684
187 0 0.447368
190 0 0.447368
190 0 0.421053
193 0 0.421053
193 0 0.394737
196 0 0.394737
196 0 0.368421
200 0 0.368421
200 0 0.342105
203 0 0.342105
203 0 0.315789
206 0 0.315789
206 0 0.289474
210 0 0.289474
210 0 0.263158
213 0 0.263158
213 0 0.236842
216 0 0.236842
216 0 0.210526
220 0 0.210526
220 0 0.184211
223 0 0.184211
223 0 0.157895
226 0 0.157895
226 0 0.131579
229 0 0.131579
229 0 0.105263
233 0 0.105263
233 0 0.0789474
236 0 0.0789474
236 0 0.0526316
239 0 0.0526316
239 0 0.0263158