5.000000000000000e+00 1.000000000000000e+01 0.000000000000000e+00
4.360614191577470e+00 9.958950069116231e+00 0.000000000000000e+00
3.731727080452463e+00 9.836474315195147e+00 0.000000000000000e+00
3.123664975603130e+00 9.634583786730108e+00 0.000000000000000e+00
2.546412239980311e+00 9.356593520616947e+00 0.000000000000000e+00
2.009447347543920e+00 9.007068109339784e+00 0.000000000000000e+00
1.521587246982568e+00 8.591746750488639e+00 0.000000000000000e+00
1.090842587659851e+00 8.117449009293669e+00 0.000000000000000e+00
7.242861849732698e-01 7.591962841552626e+00 0.000000000000000e+00
4.279368849209373e-01 7.023916715611970e+00 0.000000000000000e+00
2.066607348166967e-01 6.422637933155161e+00 0.000000000000000e+00
6.409108292774945e-02 5.797999475166895e+00 0.000000000000000e+00
2.568918996560754e-03 5.160257887858276e+00 0.000000000000000e+00
2.310443525400885e-02 4.519884870461591e+00 0.000000000000000e+00
1.253604390908816e-01 3.887395330218428e+00 0.000000000000000e+00
3.076578897511979e-01 3.273174727893462e+00 0.000000000000000e+00
5.670034681349998e-01 2.687308548795825e+00 0.000000000000000e+00
8.991387270152202e-01 2.139416699389153e+00 0.000000000000000e+00
1.298610014623423e+00 1.638495548693415e+00 0.000000000000000e+00
1.758858023461058e+00 1.192770208154328e+00 0.000000000000000e+00
2.272325493947258e+00 8.095594755407962e-01 0.000000000000000e+00
2.830581304412209e+00 4.951556604879048e-01 0.000000000000000e+00
3.424458909881898e+00 2.547212649466566e-01 0.000000000000000e+00
4.044206856493140e+00 9.220421504467247e-02 0.000000000000000e+00
4.679648900096434e+00 1.027303624831788e-02 0.000000000000000e+00
5.320351099903565e+00 1.027303624831788e-02 0.000000000000000e+00
5.955793143506861e+00 9.220421504467335e-02 0.000000000000000e+00
6.575541090118101e+00 2.547212649466557e-01 0.000000000000000e+00
7.169418695587790e+00 4.951556604879039e-01 0.000000000000000e+00
7.727674506052744e+00 8.095594755407980e-01 0.000000000000000e+00
8.241141976538943e+00 1.192770208154328e+00 0.000000000000000e+00
8.701389985376578e+00 1.638495548693417e+00 0.000000000000000e+00
9.100861272984778e+00 2.139416699389150e+00 0.000000000000000e+00
9.432996531865001e+00 2.687308548795823e+00 0.000000000000000e+00
9.692342110248802e+00 3.273174727893459e+00 0.000000000000000e+00
9.874639560909118e+00 3.887395330218431e+00 0.000000000000000e+00
9.976895564745991e+00 4.519884870461592e+00 0.000000000000000e+00
9.997431081003439e+00 5.160257887858279e+00 0.000000000000000e+00
9.935908917072251e+00 5.797999475166897e+00 0.000000000000000e+00
9.793339265183304e+00 6.422637933155160e+00 0.000000000000000e+00
9.572063115079061e+00 7.023916715611973e+00 0.000000000000000e+00
9.275713815026732e+00 7.591962841552622e+00 0.000000000000000e+00
8.909157412340150e+00 8.117449009293667e+00 0.000000000000000e+00
8.478412753017430e+00 8.591746750488639e+00 0.000000000000000e+00
7.990552652456078e+00 9.007068109339784e+00 0.000000000000000e+00
7.453587760019689e+00 9.356593520616947e+00 0.000000000000000e+00
6.876335024396869e+00 9.634583786730110e+00 0.000000000000000e+00
6.268272919547537e+00 9.836474315195147e+00 0.000000000000000e+00
5.639385808422533e+00 9.958950069116231e+00 0.000000000000000e+00
6.502991149116572e+00 9.310578389924173e+00 0.000000000000000e+00
6.119120301287712e+00 9.259718306107082e+00 0.000000000000000e+00
5.561720192634270e-01 5.489747722572931e+00 0.000000000000000e+00
4.435828525209959e-01 4.835522474632371e+00 0.000000000000000e+00
8.642517231476157e-01 5.042580792090842e+00 0.000000000000000e+00
1.539610776212284e+00 2.252902265860519e+00 0.000000000000000e+00
1.122195510375870e+00 2.748222210949525e+00 0.000000000000000e+00
1.626512799366066e+00 2.826456421752599e+00 0.000000000000000e+00
1.384835979574829e+00 3.338329122189023e+00 0.000000000000000e+00
8.316600133077223e-01 3.833348920612326e+00 0.000000000000000e+00
8.270360038469550e-01 3.175056564135744e+00 0.000000000000000e+00
1.359939857400812e+00 4.922651079501359e+00 0.000000000000000e+00
1.816155201747820e+00 4.665507466159598e+00 0.000000000000000e+00
1.769965719033127e+00 5.028840304812305e+00 0.000000000000000e+00
2.115246684042059e+00 5.811936878684194e+00 0.000000000000000e+00
2.012135892188683e+00 6.429788040229729e+00 0.000000000000000e+00
1.504045856479073e+00 6.011622266236327e+00 0.000000000000000e+00
2.238396485410384e+00 1.483992221817284e+00 0.000000000000000e+00
3.158812364912221e+00 2.819361486160797e+00 0.000000000000000e+00
2.529780887745674e+00 2.761806895494166e+00 0.000000000000000e+00
2.821687173816017e+00 2.298371613001785e+00 0.000000000000000e+00
3.009208327265740e+00 1.758175019809511e+00 0.000000000000000e+00
3.066650052333589e+00 1.183607273207690e+00 0.000000000000000e+00
3.532187638115166e+00 1.515678966043048e+00 0.000000000000000e+00
2.699810500334824e+00 1.480629169754279e+00 0.000000000000000e+00
2.537402179849587e+00 1.906735428597701e+00 0.000000000000000e+00
4.305980545232870e+00 4.620016677000102e-01 0.000000000000000e+00
3.708000407989729e+00 7.837430575227972e-01 0.000000000000000e+00
1.774339275242304e+00 1.732420387286805e+00 0.000000000000000e+00
5.341034811707983e+00 7.693169745048193e-01 0.000000000000000e+00
4.799473982314779e+00 5.767787449911012e-01 0.000000000000000e+00
6.390175823828003e+00 7.294930426435804e-01 0.000000000000000e+00
7.060312291098175e+00 9.540833368377786e-01 0.000000000000000e+00
5.823045018126667e+00 9.126511160077488e-01 0.000000000000000e+00
5.749464458300100e+00 4.985111320514221e-01 0.000000000000000e+00
4.847183713051621e+00 1.333875943042845e+00 0.000000000000000e+00
4.353552334223365e+00 8.983793229330654e-01 0.000000000000000e+00
6.140482880834310e+00 1.281089906889279e+00 0.000000000000000e+00
6.814274857515857e+00 1.667225378307395e+00 0.000000000000000e+00
7.241295783499997e+00 1.391984287445177e+00 0.000000000000000e+00
7.168775254682529e+00 1.955513159644267e+00 0.000000000000000e+00
8.475201602872740e+00 2.087353844703139e+00 0.000000000000000e+00
8.613029426996478e+00 2.475197129712937e+00 0.000000000000000e+00
7.910171489242236e+00 1.709825850424797e+00 0.000000000000000e+00
9.087562661700659e+00 3.205766902111266e+00 0.000000000000000e+00
7.775621504301979e+00 3.993170740635959e+00 0.000000000000000e+00
7.716763751547238e+00 3.579136802620675e+00 0.000000000000000e+00
8.282896446674936e+00 3.688668180656458e+00 0.000000000000000e+00
9.358970729292411e+00 4.252042677365880e+00 0.000000000000000e+00
9.362163831738574e+00 5.374326544899263e+00 0.000000000000000e+00
9.550478344033522e+00 4.820083180518390e+00 0.000000000000000e+00
9.049029321706712e+00 4.807450174196100e+00 0.000000000000000e+00
9.332467943715951e+00 6.606448670124674e+00 0.000000000000000e+00
9.251948534017574e+00 6.082517481632219e+00 0.000000000000000e+00
8.618805663579657e+00 6.779097713745019e+00 0.000000000000000e+00
8.575103261989778e+00 7.458500966786680e+00 0.000000000000000e+00
8.269914696041067e+00 6.988123881463828e+00 0.000000000000000e+00
9.065461083829895e+00 6.984354854424772e+00 0.000000000000000e+00
7.828914620487162e+00 8.390868732398610e+00 0.000000000000000e+00
7.461145383416575e+00 8.861798796432067e+00 0.000000000000000e+00
6.938284180476730e+00 9.008004830730386e+00 0.000000000000000e+00
7.171916162195438e+00 8.504627874330357e+00 0.000000000000000e+00
7.882184619364767e+00 6.866499921180158e+00 0.000000000000000e+00
8.058481650868153e+00 7.278211104253319e+00 0.000000000000000e+00
7.541876547289125e+00 7.310838037137613e+00 0.000000000000000e+00
5.232460375514403e+00 8.674837770395868e+00 0.000000000000000e+00
5.234924780813240e+00 9.298707228128594e+00 0.000000000000000e+00
4.731687276524829e+00 8.749661917500875e+00 0.000000000000000e+00
9.380581564956591e-01 7.034081549484291e+00 0.000000000000000e+00
1.326407774074548e+00 7.271309110160985e+00 0.000000000000000e+00
1.828622080146344e+00 8.053342686962058e+00 0.000000000000000e+00
1.345935083298611e+00 7.725076140467786e+00 0.000000000000000e+00
1.716518688675987e+00 7.519300627902697e+00 0.000000000000000e+00
3.448979174781871e+00 8.544832689973372e+00 0.000000000000000e+00
2.934626820929037e+00 8.557346187142532e+00 0.000000000000000e+00
3.079780047657140e+00 8.045274414428285e+00 0.000000000000000e+00
3.275938336876852e+00 9.135061315931260e+00 0.000000000000000e+00
2.629216032566357e+00 8.911473022882371e+00 0.000000000000000e+00
3.759572024015904e+00 8.871063743685030e+00 0.000000000000000e+00
3.977846556327140e+00 9.321939018012717e+00 0.000000000000000e+00
5.725981494140396e+00 8.877974957886643e+00 0.000000000000000e+00
5.780033851940959e+00 9.453225228250910e+00 0.000000000000000e+00
4.570265211459710e+00 9.363367096981383e+00 0.000000000000000e+00
8.170935083610078e-01 6.507871392159307e+00 0.000000000000000e+00
8.050555839763634e+00 2.473833995295392e+00 0.000000000000000e+00
6.598551090800854e+00 3.723967408194340e+00 0.000000000000000e+00
6.892613293831932e+00 4.279190981315157e+00 0.000000000000000e+00
6.341995677506042e+00 4.323349599968726e+00 0.000000000000000e+00
8.948281069749745e+00 2.693709206118480e+00 0.000000000000000e+00
5.170251001612171e+00 3.617489429557302e+00 0.000000000000000e+00
4.871365936372136e+00 3.302377808189601e+00 0.000000000000000e+00
5.256026368847510e+00 3.084999502588316e+00 0.000000000000000e+00
6.254515450049854e+00 5.733219963643896e+00 0.000000000000000e+00
6.692218782364622e+00 6.105504526284135e+00 0.000000000000000e+00
6.118711020980119e+00 6.247882008534528e+00 0.000000000000000e+00
4.777141805342691e+00 7.026524897605623e+00 0.000000000000000e+00
4.553269611260173e+00 7.561192026963530e+00 0.000000000000000e+00
4.245586990638209e+00 7.079439239246307e+00 0.000000000000000e+00
3.045057630512360e+00 3.813920688299625e+00 0.000000000000000e+00
2.847505495437015e+00 4.333150041577769e+00 0.000000000000000e+00
2.379459789828164e+00 3.854706813192730e+00 0.000000000000000e+00
4.237397996704901e+00 5.528257383647095e+00 0.000000000000000e+00
3.793490310954719e+00 5.279491508720817e+00 0.000000000000000e+00
4.061086535566574e+00 4.954036260937166e+00 0.000000000000000e+00
7.274317025295850e+00 5.875592291008081e+00 0.000000000000000e+00
7.676510122229264e+00 6.383427046061073e+00 0.000000000000000e+00
7.131070943395895e+00 6.474881783208274e+00 0.000000000000000e+00
5.387199507569934e+00 7.009105188481306e+00 0.000000000000000e+00
5.049963085725394e+00 7.479994279235508e+00 0.000000000000000e+00
5.190912309616276e-01 6.059402264230004e+00 0.000000000000000e+00
9.552973732857967e-01 5.973260169993070e+00 0.000000000000000e+00
2.065412217274164e+00 3.202553307806884e+00 0.000000000000000e+00
2.728295311786037e+00 3.321845346679914e+00 0.000000000000000e+00
5.295574681991109e+00 4.485677562785783e+00 0.000000000000000e+00
5.490680536842998e+00 3.995897954357595e+00 0.000000000000000e+00
5.784512765756073e+00 4.411407479342739e+00 0.000000000000000e+00
3.577617287552022e+00 6.221027624148715e+00 0.000000000000000e+00
3.118311941018026e+00 5.820890186882770e+00 0.000000000000000e+00
3.707849853802251e+00 5.730262091259716e+00 0.000000000000000e+00
4.189461173667281e+00 8.829288223602338e+00 0.000000000000000e+00
2.619374736581640e+00 1.100960654039357e+00 0.000000000000000e+00
4.760362639645877e+00 2.780101547459884e+00 0.000000000000000e+00
4.519228162198324e+00 3.247791599201502e+00 0.000000000000000e+00
2.227499177122314e+00 5.140772693261358e+00 0.000000000000000e+00
2.583837517203959e+00 5.667171264025637e+00 0.000000000000000e+00
4.092638023928435e+00 6.128726602188667e+00 0.000000000000000e+00
5.195377400212003e+00 5.927522772771606e+00 0.000000000000000e+00
4.994165546405782e+00 6.477427308215689e+00 0.000000000000000e+00
4.635980075680618e+00 6.028674323074388e+00 0.000000000000000e+00
6.988042884121408e+00 5.299354500470251e+00 0.000000000000000e+00
6.427991623505682e+00 5.277586877112467e+00 0.000000000000000e+00
6.671679818647769e+00 4.807594956773311e+00 0.000000000000000e+00
5.642906153657444e+00 3.461749949946150e+00 0.000000000000000e+00
5.761077650713975e+00 2.891875348951780e+00 0.000000000000000e+00
7.532040852028284e+00 5.394064933162433e+00 0.000000000000000e+00
5.082131625640441e+00 4.086875274063582e+00 0.000000000000000e+00
4.821379877001036e+00 4.483452013076063e+00 0.000000000000000e+00
5.320566380939029e+00 2.487716250838762e+00 0.000000000000000e+00
2.631738726583299e+00 6.218206011049891e+00 0.000000000000000e+00
3.131388017588422e+00 6.317533812809629e+00 0.000000000000000e+00
5.551284356887289e+00 6.358047218037996e+00 0.000000000000000e+00
3.599424596454083e+00 3.700512231216956e+00 0.000000000000000e+00
3.246612685531768e+00 3.365366786821709e+00 0.000000000000000e+00
3.688555559859501e+00 3.161898458218421e+00 0.000000000000000e+00
4.978449023621371e+00 8.107729679317890e+00 0.000000000000000e+00
6.641050114969724e+00 8.150794206914398e+00 0.000000000000000e+00
5.994179766451115e+00 8.289870831430703e+00 0.000000000000000e+00
6.135501883550802e+00 7.852449888801839e+00 0.000000000000000e+00
7.525462231174614e+00 2.295261447790879e+00 0.000000000000000e+00
7.522956888453649e+00 2.749581816059068e+00 0.000000000000000e+00
7.224438507444611e+00 3.313141126484496e+00 0.000000000000000e+00
6.989705454833290e+00 2.612608553447853e+00 0.000000000000000e+00
8.722995424493396e+00 4.291799654042634e+00 0.000000000000000e+00
8.445113863743908e+00 4.848120649413989e+00 0.000000000000000e+00
8.162053465592924e+00 4.335725978818936e+00 0.000000000000000e+00
7.068956183129178e+00 7.004002909842041e+00 0.000000000000000e+00
6.953095702006048e+00 7.529856768719476e+00 0.000000000000000e+00
8.187583754692488e+00 6.505025686737453e+00 0.000000000000000e+00
2.159521811506018e+00 7.503089018626347e+00 0.000000000000000e+00
2.747730626964299e+00 7.342665379861424e+00 0.000000000000000e+00
3.408808896534170e+00 7.534773261852719e+00 0.000000000000000e+00
4.835415687961193e+00 2.091371347048698e+00 0.000000000000000e+00
3.908862396052351e+00 1.945592346548224e+00 0.000000000000000e+00
4.106385623225599e+00 1.368196089819330e+00 0.000000000000000e+00
4.402383712188412e+00 1.814804787234933e+00 0.000000000000000e+00
1.432538941619476e+00 3.855740891793600e+00 0.000000000000000e+00
2.303967196247033e+00 4.482927904739809e+00 0.000000000000000e+00
1.849682476536097e+00 4.123560425913980e+00 0.000000000000000e+00
7.730510620147378e+00 4.410879597749340e+00 0.000000000000000e+00
8.503702390149361e+00 3.001693338901074e+00 0.000000000000000e+00
7.866660894266198e+00 3.118624961344914e+00 0.000000000000000e+00
6.447510447056078e+00 7.575663334128252e+00 0.000000000000000e+00
6.658042360487381e+00 7.191717614637937e+00 0.000000000000000e+00
1.153924728873754e+00 5.473625975731932e+00 0.000000000000000e+00
2.308653322867317e+00 7.171455598771491e+00 0.000000000000000e+00
2.422990890320291e+00 6.819565411644208e+00 0.000000000000000e+00
4.314071140651295e+00 2.334988209715570e+00 0.000000000000000e+00
4.555038386827053e+00 4.992879919012749e+00 0.000000000000000e+00
2.667888641324247e+00 4.800105425288641e+00 0.000000000000000e+00
2.848419440314781e+00 5.256573884790431e+00 0.000000000000000e+00
2.398350183474232e+00 2.321596491906071e+00 0.000000000000000e+00
1.831619431132749e+00 3.681943559576388e+00 0.000000000000000e+00
4.309644562349575e+00 4.488816770022980e+00 0.000000000000000e+00
3.874635952514866e+00 4.537559473856585e+00 0.000000000000000e+00
3.984545612235900e+00 4.048154562939115e+00 0.000000000000000e+00
6.110572164584854e+00 4.846764679926931e+00 0.000000000000000e+00
6.145969989383366e+00 3.304327916875602e+00 0.000000000000000e+00
6.651769265266595e+00 3.132070207443991e+00 0.000000000000000e+00
4.457935031449030e+00 6.560374613733773e+00 0.000000000000000e+00
3.711825158032946e+00 7.095682255337016e+00 0.000000000000000e+00
3.997882275486230e+00 7.595799854891237e+00 0.000000000000000e+00
7.361138559104802e+00 7.946124509656620e+00 0.000000000000000e+00
8.701129474612737e+00 3.412032773801113e+00 0.000000000000000e+00
7.377625518478366e+00 4.802373784730190e+00 0.000000000000000e+00
7.937423183104471e+00 4.712520293325465e+00 0.000000000000000e+00
5.727547813893830e+00 5.838360146310490e+00 0.000000000000000e+00
1.397531321998888e+00 6.661767154246918e+00 0.000000000000000e+00
1.696545755442336e+00 5.401551314783341e+00 0.000000000000000e+00
8.758653880411597e+00 5.682527002388983e+00 0.000000000000000e+00
8.057372321216590e+00 5.819211586927120e+00 0.000000000000000e+00
8.408083983854057e+00 5.346233631897485e+00 0.000000000000000e+00
8.930356399925991e+00 3.752002673535657e+00 0.000000000000000e+00
7.958525764726379e+00 7.743486239239986e+00 0.000000000000000e+00
8.350773826091517e+00 8.066998228525785e+00 0.000000000000000e+00
5.589934645796250e+00 7.729252519697934e+00 0.000000000000000e+00
6.555373750006423e+00 6.692009988708061e+00 0.000000000000000e+00
6.727396300206733e+00 5.658372357164598e+00 0.000000000000000e+00
1.922106694354412e+00 7.043686183296310e+00 0.000000000000000e+00
2.483285484175132e+00 7.945617521536209e+00 0.000000000000000e+00
2.364724763344190e+00 8.476582222860769e+00 0.000000000000000e+00
9.385843041131331e+00 3.667788300086794e+00 0.000000000000000e+00
6.381351157777336e+00 8.788638346138061e+00 0.000000000000000e+00
5.982311469439273e+00 1.756991564187838e+00 0.000000000000000e+00
5.401508583081094e+00 1.867049372157762e+00 0.000000000000000e+00
5.571666607225810e+00 1.313294319456832e+00 0.000000000000000e+00
4.290730714574809e+00 8.202134881417305e+00 0.000000000000000e+00
6.438351581125826e+00 1.614722050925728e+00 0.000000000000000e+00
6.519500981837902e+00 2.111329948577625e+00 0.000000000000000e+00
4.205864800551653e+00 2.911466114636740e+00 0.000000000000000e+00
4.094420170628016e+00 3.478414722587116e+00 0.000000000000000e+00
4.617436484749381e+00 3.837695315903778e+00 0.000000000000000e+00
3.433103553262409e+00 4.297945575453116e+00 0.000000000000000e+00
3.126339049839720e+00 4.812112789145011e+00 0.000000000000000e+00
1.181456895775890e+00 6.297291399027922e+00 0.000000000000000e+00
3.359314460316689e+00 2.166740356734337e+00 0.000000000000000e+00
3.783382703302654e+00 2.561797181179364e+00 0.000000000000000e+00
8.635243464454799e+00 6.219764527258133e+00 0.000000000000000e+00
1.360940452452856e+00 4.323439557745772e+00 0.000000000000000e+00
8.756662241052089e-01 4.539828562493771e+00 0.000000000000000e+00
4.839985130768254e+00 5.500485134359717e+00 0.000000000000000e+00
5.883828566954555e+00 2.309114181081250e+00 0.000000000000000e+00
3.687026967393351e+00 8.092426331099491e+00 0.000000000000000e+00
5.906735783882573e+00 5.339081954374441e+00 0.000000000000000e+00
5.379551151473629e+00 5.418457947168729e+00 0.000000000000000e+00
5.570863943669124e+00 4.915234955115817e+00 0.000000000000000e+00
5.835021505617378e+00 7.232059122341104e+00 0.000000000000000e+00
6.034202684333333e+00 7.508692521608477e+00 0.000000000000000e+00
3.924867665613656e+00 6.629860274662113e+00 0.000000000000000e+00
3.418015307035440e+00 6.675473644994298e+00 0.000000000000000e+00
7.096374909704486e+00 3.851924501661354e+00 0.000000000000000e+00
2.040339671106519e+00 2.569351450549982e+00 0.000000000000000e+00
7.372541356551121e+00 4.186102075253398e+00 0.000000000000000e+00
5.491259302472179e+00 8.340115069145343e+00 0.000000000000000e+00
8.979527720469921e+00 6.518816365799246e+00 0.000000000000000e+00
6.232444717708673e+00 7.153095173695210e+00 0.000000000000000e+00
5.946672476461636e+00 6.782033116633034e+00 0.000000000000000e+00
2.930457214260464e+00 6.740097924585778e+00 0.000000000000000e+00
3.230879717071032e+00 7.067143287155220e+00 0.000000000000000e+00
6.315035054973126e+00 2.731362168134645e+00 0.000000000000000e+00
3.875154010886643e+00 8.507949173955508e+00 0.000000000000000e+00
6.777219338851590e+00 8.615550869743613e+00 0.000000000000000e+00
1.945245249692463e+00 8.546353757181167e+00 0.000000000000000e+00
2.719333575432802e+00 8.252751406478373e+00 0.000000000000000e+00
8.807467406338418e+00 5.215807464842465e+00 0.000000000000000e+00
4.598747928557635e-01 4.323196031683698e+00 0.000000000000000e+00
6.680815536317028e+00 1.273099667174823e+00 0.000000000000000e+00
5.994044931414773e+00 3.871172094259873e+00 0.000000000000000e+00
2.082371162566694e+00 2.050793320479654e+00 0.000000000000000e+00
7.971812447559778e+00 5.165501455914869e+00 0.000000000000000e+00
3.599303548279446e+00 4.872730116293814e+00 0.000000000000000e+00
5.075240267691553e+00 4.976117868396740e+00 0.000000000000000e+00
7.434201405048466e+00 3.782079003981549e+00 0.000000000000000e+00
7.477922349294035e+00 6.803724908975042e+00 0.000000000000000e+00
3.361813620420422e+00 5.312171691466294e+00 0.000000000000000e+00