4.164989398670480e+00 7.516339869281050e+00 0.000000000000000e+00
4.666416277318375e+00 7.534220868930461e+00 0.000000000000000e+00
5.167168779231667e+00 7.566012476539089e+00 0.000000000000000e+00
5.667300418951363e+00 7.606489224067254e+00 0.000000000000000e+00
6.167003283284910e+00 7.651984137660108e+00 0.000000000000000e+00
6.666511393269623e+00 7.699580132344199e+00 0.000000000000000e+00
7.166069626013020e+00 7.746644162803030e+00 0.000000000000000e+00
7.665920541885363e+00 7.790472885091139e+00 0.000000000000000e+00
8.166286823197444e+00 7.827911644539753e+00 0.000000000000000e+00
8.667322595562098e+00 7.854787577124918e+00 0.000000000000000e+00
9.168955768565880e+00 7.864831184658450e+00 0.000000000000000e+00
9.670308405217149e+00 7.847163660012637e+00 0.000000000000000e+00
1.016700763306059e+01 7.778982442112151e+00 0.000000000000000e+00
1.063201486270322e+01 7.598326075259148e+00 0.000000000000000e+00
1.095627049808605e+01 7.222387171127044e+00 0.000000000000000e+00
1.110731066584528e+01 6.746012165158065e+00 0.000000000000000e+00
1.113570222893242e+01 6.245899026628970e+00 0.000000000000000e+00
1.107582236581148e+01 5.748233084072456e+00 0.000000000000000e+00
1.094247765041073e+01 5.264963425600220e+00 0.000000000000000e+00
1.073836925614919e+01 4.807154400741872e+00 0.000000000000000e+00
1.045718301158745e+01 4.392581132396267e+00 0.000000000000000e+00
1.008651116114283e+01 4.056916327017824e+00 0.000000000000000e+00
9.632768209419368e+00 3.845986920031205e+00 0.000000000000000e+00
9.148142011454471e+00 3.717038141254847e+00 0.000000000000000e+00
8.653792903913395e+00 3.631619432357093e+00 0.000000000000000e+00
8.155404461080060e+00 3.573836046618607e+00 0.000000000000000e+00
7.655113024647295e+00 3.535647181321016e+00 0.000000000000000e+00
7.153894929657318e+00 3.512421602754647e+00 0.000000000000000e+00
6.652258222089047e+00 3.501273191896399e+00 0.000000000000000e+00
6.150495983635133e+00 3.500332218520524e+00 0.000000000000000e+00
5.648796370844878e+00 3.508401793255643e+00 0.000000000000000e+00
5.147299797888291e+00 3.524814511497675e+00 0.000000000000000e+00
4.646140483707927e+00 3.549454889540350e+00 0.000000000000000e+00
4.145506971466405e+00 3.583095981684322e+00 0.000000000000000e+00
3.646326547797608e+00 3.633307005332046e+00 0.000000000000000e+00
3.151756930678856e+00 3.717327673483616e+00 0.000000000000000e+00
2.665486452424913e+00 3.840454266741453e+00 0.000000000000000e+00
2.192963551294779e+00 4.008602723451292e+00 0.000000000000000e+00
1.743040868041152e+00 4.229941428285914e+00 0.000000000000000e+00
1.331887902365134e+00 4.516415434641534e+00 0.000000000000000e+00
9.985143840535308e-01 4.888304219717859e+00 0.000000000000000e+00
8.677714053492179e-01 5.368838689828452e+00 0.000000000000000e+00
8.891266657167150e-01 5.869073317976462e+00 0.000000000000000e+00
1.011309194457998e+00 6.354919575496741e+00 0.000000000000000e+00
1.246781633193604e+00 6.795292194350080e+00 0.000000000000000e+00
1.695280283762302e+00 6.942558771922802e+00 0.000000000000000e+00
2.167089868085259e+00 6.775435655271429e+00 0.000000000000000e+00
2.614177101490769e+00 6.547802580919894e+00 0.000000000000000e+00
3.056780352329255e+00 6.311433630178954e+00 0.000000000000000e+00
3.511657728290800e+00 6.100217864923750e+00 0.000000000000000e+00
3.546043605679205e+00 6.174750601995187e+00 0.000000000000000e+00
3.580429483067609e+00 6.249283339066625e+00 0.000000000000000e+00
3.614815360456013e+00 6.323816076138060e+00 0.000000000000000e+00
3.649201237844417e+00 6.398348813209497e+00 0.000000000000000e+00
3.683587115232821e+00 6.472881550280936e+00 0.000000000000000e+00
3.717972992621225e+00 6.547414287352371e+00 0.000000000000000e+00
3.752358870009630e+00 6.621947024423807e+00 0.000000000000000e+00
3.786744747398034e+00 6.696479761495246e+00 0.000000000000000e+00
3.821130624786439e+00 6.771012498566683e+00 0.000000000000000e+00
3.855516502174842e+00 6.845545235638118e+00 0.000000000000000e+00
3.889902379563246e+00 6.920077972709555e+00 0.000000000000000e+00
3.924288256951651e+00 6.994610709780993e+00 0.000000000000000e+00
3.958674134340055e+00 7.069143446852429e+00 0.000000000000000e+00
3.993060011728459e+00 7.143676183923866e+00 0.000000000000000e+00
4.027445889116863e+00 7.218208920995302e+00 0.000000000000000e+00
4.061831766505267e+00 7.292741658066738e+00 0.000000000000000e+00
4.096217643893672e+00 7.367274395138177e+00 0.000000000000000e+00
4.130603521282076e+00 7.441807132209613e+00 0.000000000000000e+00
4.650075895041606e+00 7.206462076488141e+00 1.201788158427817e-05
4.605464362716237e+00 6.999380193238463e+00 1.614090396549032e-05
4.421295619544168e+00 7.117371759966590e+00 8.580901339507265e-06
2.560062862609982e+00 5.816938831842721e+00 5.300884111934979e-07
2.885792959678216e+00 5.812453931134106e+00 8.806058561810204e-07
2.812914117637754e+00 5.531191302782516e+00 1.151361362512380e-06
1.256808127556477e+00 5.624693901183408e+00 5.333778855233521e-08
1.212674061851766e+00 5.219955187158918e+00 5.060283450188464e-08
1.050374624379927e+01 5.218617517039343e+00 6.692424008844037e-06
1.065070279531342e+01 5.589708601770850e+00 6.355350144523885e-06
8.869135291596303e+00 6.276165806767738e+00 6.868723263692901e-05
9.274295921110484e+00 6.354315588962891e+00 4.563202547092653e-05
9.148806211059188e+00 5.965699674652156e+00 5.202116724145047e-05
8.648614586879438e+00 6.613159640164747e+00 7.853879913491287e-05
8.212513766610062e+00 6.577390341068078e+00 8.597611279057173e-05
8.353876615954075e+00 7.059847715519730e+00 5.620900263338015e-05
7.597630976129168e+00 7.502732328632449e+00 2.664506629050208e-05
7.325483622432466e+00 7.309407990724833e+00 4.449038524523689e-05
4.924821672552894e+00 7.289334378354220e+00 1.508362965876034e-05
4.411867427103749e+00 7.326031750767954e+00 4.655997669699708e-06
5.440633098979219e+00 5.445448603106945e+00 9.095164651897981e-05
5.143897444703156e+00 4.971488651244020e+00 5.946391790418888e-05
4.967530957240351e+00 5.437723581502480e+00 5.791836421581595e-05
3.872700352930555e+00 6.065144228232918e+00 3.108688052180816e-06
3.874145209241808e+00 5.890960832336011e+00 3.595689481853193e-06
3.764639542830746e+00 6.026564764973715e+00 2.097503796080744e-06
3.826445140186253e+00 5.421035457999231e+00 9.379691733320815e-06
3.424554502741932e+00 5.376491314242427e+00 4.460132742689492e-06
3.584919165454976e+00 5.601357093485579e+00 4.716175853236195e-06
4.230340496477880e+00 4.740326039287994e+00 1.800964089516214e-05
3.752077192402432e+00 4.895892854120200e+00 9.854865599673438e-06
4.246262483951586e+00 5.154594050704040e+00 2.268239625438448e-05
3.737695299316014e+00 6.485285678433916e+00 6.637860458834588e-08
3.790222207643673e+00 6.531602963878986e+00 1.670037103218711e-07
3.828166066330314e+00 6.617662390210902e+00 2.058766640109108e-07
3.882431829720728e+00 6.532851910578770e+00 5.845740714759128e-07
4.101121237243238e+00 6.628382860444143e+00 4.226118477093674e-06
3.996799951611909e+00 6.542539257194843e+00 1.521210703315143e-06
3.984492929644867e+00 6.677370850317124e+00 1.411189435775241e-06
5.866946839498743e+00 3.958082168322369e+00 2.613174498045926e-05
6.305045651653431e+00 3.858739520851729e+00 2.191075378997997e-05
3.930556542277805e+00 6.429779089917586e+00 1.111639095603350e-06
4.065507527331586e+00 6.376780217883828e+00 5.404715674009130e-06
3.925760890970489e+00 6.853677165402793e+00 3.487018799137052e-07
3.960516333495983e+00 6.778537690052604e+00 8.953743173575823e-07
3.890022545294984e+00 6.795812391435192e+00 1.758758224735781e-07
4.506526689359037e+00 6.455466327218895e+00 2.260638456228652e-05
4.383883922704296e+00 6.713633998496635e+00 1.317810728488563e-05
4.676747023896851e+00 6.762332423234141e+00 2.435985469385264e-05
4.149941505724444e+00 7.189319082891051e+00 1.886771479062701e-06
4.142719752009876e+00 7.076447218292367e+00 2.206242212926270e-06
4.072712844383705e+00 7.154870791703402e+00 8.380773326933354e-07
4.064980375834764e+00 7.001118869654009e+00 1.157650986074919e-06
4.070020576470737e+00 6.923700858023543e+00 1.805350470999619e-06
4.001951697621579e+00 6.953495732279286e+00 6.639937661209349e-07
4.131060875106877e+00 7.314210293478213e+00 8.765144486446348e-07
4.249670401503212e+00 7.346072225456683e+00 2.491374686520275e-06
4.161957279413291e+00 7.375593122740014e+00 9.510901665983530e-07
4.126463574761059e+00 7.257755548402237e+00 1.151746390780234e-06
4.199201836023429e+00 7.267854820876352e+00 2.338651864425208e-06
6.941170757939975e+00 7.038991755697990e+00 6.409897756223855e-05
7.471541761428398e+00 6.928557368602909e+00 8.073804331980273e-05
9.830698410050495e+00 4.384039831709650e+00 8.073026312332198e-06
9.397157930316643e+00 4.146524444836778e+00 9.218791648696895e-06
9.409664436214689e+00 4.489562902197703e+00 1.689270647341562e-05
9.963451583659065e+00 6.215688069681276e+00 2.227038178856121e-05
9.947667776386256e+00 6.711465807240932e+00 1.916590094270718e-05
1.035786076412966e+01 6.425181720103228e+00 1.261251503312515e-05
5.845755127975368e+00 4.376122774241813e+00 4.878691686943446e-05
5.582889948295529e+00 4.672236104433798e+00 6.034654229423470e-05
6.090704358144107e+00 4.709258074650176e+00 6.703499922418299e-05
3.853747355304869e+00 4.098118261754122e+00 5.647175116240707e-06
4.074472015248742e+00 3.882167132319079e+00 4.941598637060251e-06
4.710501983459594e+00 6.148652139520221e+00 3.858794355915789e-05
4.897833822502608e+00 6.448369902608791e+00 4.500232556078681e-05
5.160619848660107e+00 6.099353640225667e+00 6.457025237603960e-05
2.773919417589121e+00 6.123409251477353e+00 2.538891973260226e-07
2.366133308834565e+00 6.231691174178901e+00 1.318360836674806e-07
1.704636315267595e+00 6.619557030641395e+00 2.398662213559820e-08
3.385317458180955e+00 5.704058273592556e+00 2.689307898769953e-06
3.450234786608563e+00 5.897508921066467e+00 1.371178344315267e-06
3.558476117219517e+00 5.775069527083848e+00 2.875851519098868e-06
3.654525735789180e+00 6.113874575013044e+00 6.789156816883009e-07
7.252090961628488e+00 6.173562821659788e+00 1.099314406929291e-04
6.804803272377912e+00 6.334979848245904e+00 1.091707418706636e-04
7.137055727912585e+00 6.615417649282241e+00 9.791432455834935e-05
6.939336084051735e+00 5.495517586862935e+00 1.108265252193930e-04
6.887651874317024e+00 5.923494522875540e+00 1.188543321586839e-04
7.298750408396425e+00 5.729963760569820e+00 1.211936921131703e-04
4.252804680575038e+00 6.374632562762483e+00 1.250591958132687e-05
4.128183066974136e+00 6.498170918616823e+00 5.324071798443557e-06
4.889718645759013e+00 4.589253314920498e+00 3.589786011201386e-05
5.214618744484925e+00 4.537111986755847e+00 4.346771166483090e-05
3.212329975878363e+00 4.970810744854549e+00 3.824339540085732e-06
2.871000510208701e+00 4.805059479771598e+00 1.994238099948260e-06
2.547501009015963e+00 4.895147837557863e+00 1.013788805592538e-06
2.817822755174907e+00 5.154879061497306e+00 1.655756307011857e-06
5.445331881490781e+00 6.811850544645069e+00 5.602242719678816e-05
5.786922327555608e+00 6.590892282496260e+00 8.283318078131848e-05
5.338709172915868e+00 6.499345215396133e+00 6.890636397585584e-05
3.948893927713049e+00 6.919296222107429e+00 0.000000000000000e+00
6.618576927774775e+00 5.722909935520742e+00 1.137888431655836e-04
6.313598605559027e+00 5.758785056461403e+00 1.085995093322367e-04
6.492170305605473e+00 6.062373249497146e+00 1.174477098763521e-04
6.325167163864819e+00 6.507511667921674e+00 9.850578074458494e-05
5.731713024797489e+00 5.085919486014887e+00 8.017157856464663e-05
6.144129764324115e+00 5.131522996364999e+00 8.811349370098689e-05
7.397073936246323e+00 5.276612339495832e+00 9.866927792177846e-05
6.973206582194546e+00 4.949305532387022e+00 8.711442478298196e-05
4.042826621075389e+00 4.451981460616396e+00 1.114213881940454e-05
3.642424700581419e+00 4.417091305809075e+00 5.727531705990257e-06
3.333553374696123e+00 4.360714442002357e+00 3.464402508490032e-06
3.413744032508474e+00 4.635766177843437e+00 5.102622035962344e-06
4.498074918622674e+00 4.407629436836720e+00 1.968277017295498e-05
4.612649065980955e+00 4.832789637066905e+00 3.244442124368439e-05
4.449427757169270e+00 5.936353254427807e+00 2.629775366953528e-05
4.412105500791679e+00 6.210287216707756e+00 2.177373908407870e-05
5.073936781111885e+00 6.791543653126372e+00 4.269920556015483e-05
5.267567111845613e+00 7.158416664218043e+00 2.696625357624761e-05
5.575828706109506e+00 6.224424265723030e+00 8.323961461878118e-05
5.571170982431036e+00 5.853598825389557e+00 9.421380971038343e-05
5.959145452684814e+00 5.534226635300069e+00 9.612574984664939e-05
4.490865650265993e+00 5.530775979283216e+00 3.200287135247463e-05
4.123240980890482e+00 5.509676221750024e+00 1.560887570702201e-05
4.142733936533595e+00 5.802859562109990e+00 1.328163694581346e-05
3.775619159196906e+00 6.456619891903801e+00 1.626880728695597e-07
4.255196474744864e+00 6.567491459904816e+00 9.532575340826648e-06
4.035148233975792e+00 7.078369180654771e+00 1.968203446724811e-07
4.831256911222692e+00 5.806059928976587e+00 4.912750394480164e-05
5.199037361979451e+00 5.715025203965350e+00 7.291420526251035e-05
3.629461318267355e+00 6.202739781472339e+00 2.644674603249019e-07
4.254422165931735e+00 6.858125661007137e+00 6.700179896066224e-06
4.434499671149854e+00 6.907046519898229e+00 1.221667025796279e-05
4.862942710439011e+00 7.029169861219581e+00 2.302920914898781e-05
3.699182123927000e+00 6.301714205822572e+00 2.032509642981531e-07
3.797020337539070e+00 6.301820794434089e+00 4.651711295408899e-07
3.720521148695877e+00 6.212932616237725e+00 7.731792260604186e-07
4.149308824248928e+00 6.139599236242781e+00 1.039403102831668e-05
3.840736110541213e+00 6.452163926763190e+00 3.640834826450097e-07
4.693634551929317e+00 5.179698745365998e+00 4.139167100317036e-05
4.007230001805088e+00 6.008553586365401e+00 6.729789259010000e-06
4.152886398233023e+00 6.952135452571845e+00 3.254127412399974e-06
4.123208952084413e+00 6.846653223963114e+00 3.594012816872133e-06
3.997008539744768e+00 7.019347587844298e+00 4.036930193736670e-07
4.274357868217098e+00 7.004019201688659e+00 5.796292049032870e-06
3.968242016627805e+00 6.134122801838359e+00 4.101744498310232e-06
3.845083775434757e+00 6.186869455034628e+00 2.127211549728384e-06
3.648231153503231e+00 5.933573276199087e+00 2.000410347453072e-06
3.934682754637241e+00 5.667263262355828e+00 6.589369278665090e-06
3.900417995304599e+00 6.723276241232727e+00 4.699052944558912e-07
4.194767936095599e+00 6.728526945601789e+00 6.467058953005469e-06
4.009713657580831e+00 6.862793480473862e+00 1.020961139651071e-06
4.061462573674499e+00 6.753833954809747e+00 2.833033553659272e-06
3.848352357215178e+00 6.687574874872331e+00 2.330006670907406e-07
3.647788550179307e+00 6.259199333336849e+00 1.618763078595412e-07
3.683840937833948e+00 6.357944525735839e+00 5.265755722388041e-08
3.943434529155174e+00 6.279227679201862e+00 3.094758817278938e-06
4.250571311437087e+00 7.149110763372148e+00 4.254208379660832e-06
3.905302352256505e+00 6.629443482856095e+00 4.892213769869009e-07
3.787679661351109e+00 6.393555098204075e+00 2.766167285941208e-07
3.737759616507315e+00 6.354588864590012e+00 1.999795238814686e-07
4.087961673746800e+00 7.223204163463057e+00 7.386299594985606e-07
3.858908627174633e+00 6.372605481040013e+00 7.546736762322337e-07
3.770586199734467e+00 6.124310168550557e+00 1.511361488982760e-06
3.721075021885446e+00 6.417909698753485e+00 2.201239750298701e-09
5.735355791985334e+00 7.035960700024736e+00 4.937197865214326e-05
6.102306800199602e+00 7.224082301314426e+00 3.833578603112049e-05
6.451770194135156e+00 6.940841137472070e+00 6.593714927345239e-05
6.535716866565602e+00 7.312070909528231e+00 3.561975441845181e-05
8.002445054363307e+00 7.480268265841385e+00 2.775751758786337e-05
7.908741536607844e+00 6.854136812829582e+00 8.662413662772562e-05
8.889814691982231e+00 7.367369383432146e+00 2.560746244267811e-05
9.354584242445812e+00 7.463442878376015e+00 1.511441532955330e-05
9.630020696624918e+00 7.335580349562489e+00 1.493264834467127e-05
1.037084345720377e+01 7.332233855006382e+00 4.781756806907811e-06
1.009528719192382e+01 7.087506752354949e+00 1.168874391431411e-05
9.955966655813057e+00 7.408022844670777e+00 7.982625722913383e-06
1.077461793449421e+01 6.630482910101990e+00 4.860403723514196e-06
1.069011989910034e+01 6.246899231070838e+00 7.087478728308507e-06
1.040044355087150e+01 6.896518146523794e+00 9.462428579651513e-06
8.434206784336634e+00 7.517724768569510e+00 2.527000961105843e-05
1.014057442794493e+01 4.929266181849414e+00 1.063303825726978e-05
9.789672306100510e+00 5.296588813221989e+00 2.272118476794123e-05
1.022775997287525e+01 5.447665911092116e+00 1.368963551069499e-05
1.055706088349744e+01 4.915426446845453e+00 3.336545193196805e-06
8.988636422232181e+00 4.326202726053039e+00 2.045977737891806e-05
9.169127184698731e+00 4.799955351438166e+00 2.970815531176672e-05
8.233636543638067e+00 4.725979454517139e+00 5.536343196282208e-05
8.535600340502519e+00 4.421504201516878e+00 3.395879302646146e-05
8.208208178039689e+00 4.304254168045991e+00 3.657271837951238e-05
7.991018301504012e+00 3.975772488740564e+00 2.203383058993074e-05
7.618790633343074e+00 4.030467583747358e+00 3.013780322977676e-05
7.724953478091748e+00 4.926892373118417e+00 7.934984700026171e-05
7.783542458894626e+00 4.417485207671663e+00 4.914713645314641e-05
7.290734616422753e+00 3.883878955322809e+00 2.430216226283334e-05
7.349725947523656e+00 4.277124781042190e+00 4.620703465722421e-05
7.377914029821761e+00 4.671959213342927e+00 6.962964031358355e-05
6.219602248968062e+00 4.242365723521641e+00 4.469488976109116e-05
6.617347197377221e+00 4.014913729081023e+00 3.173064064295026e-05
5.347248429597817e+00 3.867023353840459e+00 1.651462354338452e-05
5.475542669567425e+00 4.272597118098918e+00 3.825665463564658e-05
4.508291238609710e+00 3.933568990797639e+00 9.280172079234960e-06
4.979353055003352e+00 4.197246862698998e+00 2.443047957441016e-05
3.441304923582261e+00 4.057396525722208e+00 2.630880879511192e-06
3.065669560599512e+00 4.163689297435535e+00 1.658852562692835e-06
2.702733463599145e+00 4.449776018089222e+00 1.082723674288050e-06
2.358818950453794e+00 4.291507451031831e+00 2.836592207731670e-07
1.912653140547588e+00 4.559061796322729e+00 1.676604064629531e-07
2.330119082657107e+00 4.622273758166128e+00 4.391927098110438e-07
1.536560238867592e+00 5.303663143865229e+00 1.169654922418607e-07
1.916600212466280e+00 5.401314761136571e+00 2.172814495252960e-07
1.794061400396268e+00 5.029163526725580e+00 1.862051710094968e-07
1.477828789930952e+00 6.285275893763179e+00 4.118966442567267e-08
1.463040458419427e+00 5.909669842000866e+00 6.763037163274090e-08
1.219622647216314e+00 6.008726506084131e+00 3.243156492214976e-08
1.936201001365857e+00 6.299222637899484e+00 7.874344625231833e-08
3.167717208054425e+00 5.949159623907821e+00 7.684068533466591e-07
3.734149322498864e+00 5.718662754228147e+00 4.585899544730234e-06
6.926990453244137e+00 7.421338990219656e+00 2.884182344518545e-05
1.078137615208557e+01 5.948277539814310e+00 5.307207340811041e-06
6.936586027932586e+00 3.814513137173638e+00 1.949951413007346e-05
1.451692089664848e+00 4.917512035940586e+00 8.539758756430621e-08
9.353181206884788e+00 5.214904979593655e+00 3.356298866167286e-05
9.617900167704113e+00 4.849943620641080e+00 1.991845200787922e-05
8.146736973966929e+00 6.148156395352471e+00 9.657727777332347e-05
8.655356499607267e+00 5.909565771484971e+00 7.559452328241344e-05
8.158890073164974e+00 5.586735650417492e+00 8.990721695815150e-05
8.525051053019329e+00 3.992944745038749e+00 1.634532547714894e-05
6.476968194603049e+00 5.361776757888191e+00 1.054812731545548e-04
7.776619927819209e+00 7.189158413691815e+00 5.374402528408514e-05
7.702149491082263e+00 5.953022413754795e+00 1.085116920295067e-04
8.862922443401246e+00 6.907582032094258e+00 5.037148563280007e-05
9.906700530784269e+00 5.745518983583496e+00 2.341623997643860e-05
9.571312373802348e+00 6.051553395829521e+00 3.489008118357902e-05
8.650889483165969e+00 5.474641558339196e+00 6.513608926521781e-05
8.473322505129950e+00 5.143028112245590e+00 6.244299194602929e-05
7.666842487111074e+00 5.573649450975645e+00 1.086282407914474e-04
6.079027021842822e+00 6.856438680454190e+00 6.758015611205385e-05
6.469028215988143e+00 4.940359345789507e+00 8.428411426334302e-05
6.641812176660043e+00 4.516280092184589e+00 6.284745911554410e-05
9.043966968354370e+00 5.572900291333877e+00 5.137341872468607e-05
8.922911369573285e+00 5.160977966214051e+00 4.636229541480875e-05
8.096426696429106e+00 5.140161789587237e+00 7.919816739307143e-05
4.929183519025846e+00 3.811112509339913e+00 1.007657582687507e-05
9.008484672351598e+00 6.595263607140310e+00 5.647019809261212e-05
9.801514519344538e+00 7.089293108332861e+00 1.705100751939067e-05
9.386834393609867e+00 6.903369527682141e+00 3.228732389195477e-05
9.478770211884360e+00 5.629697193533940e+00 3.594972215016876e-05
8.722469505583332e+00 4.758139913929471e+00 4.105271193390583e-05
7.812133623571376e+00 5.306851533318786e+00 9.674446145589194e-05
1.036752530084096e+01 5.927126746528013e+00 1.280268893621125e-05
6.731993423246089e+00 6.687548411723975e+00 8.712539480185777e-05
2.152801320435032e+00 4.964265896362785e+00 3.437209192530682e-07
7.690118602748081e+00 6.464320543221409e+00 9.518186111317267e-05
3.099182218615777e+00 4.556466858574353e+00 2.775108313867736e-06
2.410528922020885e+00 5.374632811460135e+00 5.671011232429497e-07
2.111088449899349e+00 5.828254520023314e+00 1.957368442311346e-07
1.743663923112723e+00 5.955772117141008e+00 9.908026386968347e-08
1.616816379982686e+00 5.653688128241555e+00 1.167679779046921e-07
1.840618644512806e+00 5.711201229325999e+00 1.553775172814683e-07
9.629642756010897e+00 6.433281764802467e+00 3.073486465930606e-05
7.364294890307355e+00 4.954106139238204e+00 8.682775408930306e-05
7.058678772543136e+00 4.498879519355066e+00 6.256069793942152e-05
6.968695174116590e+00 4.160078206813314e+00 4.146476774458372e-05
4.195482429772277e+00 4.154693056464791e+00 1.013877096497909e-05
6.010574069487882e+00 6.094956128584109e+00 1.019897700578507e-04
3.078724864087854e+00 5.331627117029198e+00 2.607138406446539e-06
8.502164457446906e+00 6.308951863460242e+00 8.248857735114998e-05
3.126002969006315e+00 5.624763161769192e+00 1.944102079933236e-06
4.307818724063416e+00 7.241029089052976e+00 4.495725148859528e-06