CTRIA3         1       1      50      48      51            0.00
CTRIA3         2       1      52      13      53            0.00
CTRIA3         3       1      52      53      54            0.00
CTRIA3         4       1      18      55      56            0.00
CTRIA3         5       1      57      58      56            0.00
CTRIA3         6       1      59      16      60            0.00
CTRIA3         7       1      61      62      63            0.00
CTRIA3         8       1      64      65      66            0.00
CTRIA3         9       1      21      67      20            0.00
CTRIA3        10       1      68      69      70            0.00
CTRIA3        11       1      71      72      73            0.00
CTRIA3        12       1      74      75      67            0.00
CTRIA3        13       1      76      77      24            0.00
CTRIA3        14       1      78      55      19            0.00
CTRIA3        15       1      26      79      80            0.00
CTRIA3        16       1      81      29      82            0.00
CTRIA3        17       1      83      79      84            0.00
CTRIA3        18       1      85      86      80            0.00
CTRIA3        19       1      83      81      87            0.00
CTRIA3        20       1      88      89      90            0.00
CTRIA3        21       1      73      72      77            0.00
CTRIA3        22       1      91      33      92            0.00
CTRIA3        23       1      93      32      91            0.00
CTRIA3        24       1      34      35      94            0.00
CTRIA3        25       1      95      96      97            0.00
CTRIA3        26       1      37      98      36            0.00
CTRIA3        27       1      99     100      38            0.00
CTRIA3        28       1      99     101     100            0.00
CTRIA3        29       1     102     103      40            0.00
CTRIA3        30       1     104     105     106            0.00
CTRIA3        31       1      42      43     105            0.00
CTRIA3        32       1      42     105     107            0.00
CTRIA3        33       1     108      44      45            0.00
CTRIA3        34       1     109     108      45            0.00
CTRIA3        35       1     110     111     109            0.00
CTRIA3        36       1     112     113     114            0.00
CTRIA3        37       1     115     116     117            0.00
CTRIA3        38       1       9     118     119            0.00
CTRIA3        39       1     120     121     122            0.00
CTRIA3        40       1     121     120       8            0.00
CTRIA3        41       1     123     124     125            0.00
CTRIA3        42       1     126       5     127            0.00
CTRIA3        43       1     126     127     124            0.00
CTRIA3        44       1     126     128     129            0.00
CTRIA3        45       1     130      51     131            0.00
CTRIA3        46       1     132     116       1            0.00
CTRIA3        47       1     117     116     132            0.00
CTRIA3        48       1      10      11     133            0.00
CTRIA3        49       1      93      91     134            0.00
CTRIA3        50       1     135     136     137            0.00
CTRIA3        51       1      40      41     102            0.00
CTRIA3        52       1      34      94     138            0.00
CTRIA3        53       1     139     140     141            0.00
CTRIA3        54       1     142     143     144            0.00
CTRIA3        55       1     116      49       1            0.00
CTRIA3        56       1     145     146     147            0.00
CTRIA3        57       1     121       9     119            0.00
CTRIA3        58       1      26      80      25            0.00
CTRIA3        59       1     148     149     150            0.00
CTRIA3        60       1     151     152     153            0.00
CTRIA3        61       1      60      17      56            0.00
CTRIA3        62       1     100      98      37            0.00
CTRIA3        63       1     154     155     156            0.00
CTRIA3        64       1     108     109     111            0.00
CTRIA3        65       1     157     158     145            0.00
CTRIA3        66       1     133     159     160            0.00
CTRIA3        67       1     161     162     150            0.00
CTRIA3        68       1      81      83      84            0.00
CTRIA3        69       1     163     164     165            0.00
CTRIA3        70       1     166     167     168            0.00
CTRIA3        71       1     169     129     128            0.00
CTRIA3        72       1     170      67      21            0.00
CTRIA3        73       1     171     140     172            0.00
CTRIA3        74       1      64     173     174            0.00
CTRIA3        75       1     168     175     166            0.00
CTRIA3        76       1     176     177     178            0.00
CTRIA3        77       1     179     180     181            0.00
CTRIA3        78       1     182     141     183            0.00
CTRIA3        79       1     154     179     184            0.00
CTRIA3        80       1     185     163     186            0.00
CTRIA3        81       1     183     141     187            0.00
CTRIA3        82       1     188     167     189            0.00
CTRIA3        83       1     177     176     190            0.00
CTRIA3        84       1     152     151     168            0.00
CTRIA3        85       1     191     192     193            0.00
CTRIA3        86       1     158     194     146            0.00
CTRIA3        87       1     195     196     197            0.00
CTRIA3        88       1      93     134     198            0.00
CTRIA3        89       1     199     200     201            0.00
CTRIA3        90       1     202     203     204            0.00
CTRIA3        91       1     103      39      40            0.00
CTRIA3        92       1     205     114     206            0.00
CTRIA3        93       1     112     155     207            0.00
CTRIA3        94       1     120     122     208            0.00
CTRIA3        95       1     125     209     210            0.00
CTRIA3        96       1     187     171     211            0.00
CTRIA3        97       1     212     213     214            0.00
CTRIA3        98       1      59      58     215            0.00
CTRIA3        99       1     150     216     217            0.00
CTRIA3       100       1     204     218      95            0.00
CTRIA3       101       1     134     219     220            0.00
CTRIA3       102       1     206     221     222            0.00
CTRIA3       103       1      48      50      47            0.00
CTRIA3       104       1      66     160     223            0.00
CTRIA3       105       1     209     224     225            0.00
CTRIA3       106       1      77      86     213            0.00
CTRIA3       107       1     214     226     212            0.00
CTRIA3       108       1     151     153     227            0.00
CTRIA3       109       1     228     229     173            0.00
CTRIA3       110       1      70      69     230            0.00
CTRIA3       111       1     217     215     231            0.00
CTRIA3       112       1     232     233     234            0.00
CTRIA3       113       1     235     137     181            0.00
CTRIA3       114       1     226     214     211            0.00
CTRIA3       115       1     135     236     237            0.00
CTRIA3       116       1     177     145     238            0.00
CTRIA3       117       1     239     240     210            0.00
CTRIA3       118       1     156     143     154            0.00
CTRIA3       119       1     241     195     206            0.00
CTRIA3       120       1     242      97     219            0.00
CTRIA3       121       1     243     218     244            0.00
CTRIA3       122       1     144     245     142            0.00
CTRIA3       123       1     164     163     185            0.00
CTRIA3       124       1      65     246      66            0.00
CTRIA3       125       1      61     247     223            0.00
CTRIA3       126       1     248     249     250            0.00
CTRIA3       127       1     251      98     202            0.00
CTRIA3       128       1     105     252     113            0.00
CTRIA3       129       1     108     253      44            0.00
CTRIA3       130       1     196     254     197            0.00
CTRIA3       131       1     131      48      49            0.00
CTRIA3       132       1     134     220     199            0.00
CTRIA3       133       1      90      89      93            0.00
CTRIA3       134       1     205     255     156            0.00
CTRIA3       135       1     249     154     184            0.00
CTRIA3       136       1     249     207     155            0.00
CTRIA3       137       1     154     256     179            0.00
CTRIA3       138       1     225     257      65            0.00
CTRIA3       139       1     258     259     120            0.00
CTRIA3       140       1      94     251     242            0.00
CTRIA3       141       1      98     260      36            0.00
CTRIA3       142       1     196     195     261            0.00
CTRIA3       143       1     111     241     108            0.00
CTRIA3       144       1      27      28      81            0.00
CTRIA3       145       1     262     263     264            0.00
CTRIA3       146       1       6     259     127            0.00
CTRIA3       147       1     209     125     258            0.00
CTRIA3       148       1       3       4     126            0.00
CTRIA3       149       1     169     265     117            0.00
CTRIA3       150       1      30      89      82            0.00
CTRIA3       151       1     266     267     262            0.00
CTRIA3       152       1     268     226     171            0.00
CTRIA3       153       1     234     269     270            0.00
CTRIA3       154       1     150     162     148            0.00
CTRIA3       155       1     271     272     149            0.00
CTRIA3       156       1     273     133     160            0.00
CTRIA3       157       1      12      52     159            0.00
CTRIA3       158       1      22      72     170            0.00
CTRIA3       159       1      71     274      70            0.00
CTRIA3       160       1     269     234     191            0.00
CTRIA3       161       1     139     270     140            0.00
CTRIA3       162       1      25      80      76            0.00
CTRIA3       163       1     275     274     212            0.00
CTRIA3       164       1      19      55      18            0.00
CTRIA3       165       1      20      67      78            0.00
CTRIA3       166       1     207     276     104            0.00
CTRIA3       167       1     248      99     103            0.00
CTRIA3       168       1     277     217      62            0.00
CTRIA3       169       1     277     278      59            0.00
CTRIA3       170       1     151     279     178            0.00
CTRIA3       171       1     190     157     177            0.00
CTRIA3       172       1     263     280     187            0.00
CTRIA3       173       1     201      90     198            0.00
CTRIA3       174       1     146     194     265            0.00
CTRIA3       175       1     210     281     125            0.00
CTRIA3       176       1      61     278     277            0.00
CTRIA3       177       1     160      52     223            0.00
CTRIA3       178       1     142     282     180            0.00
CTRIA3       179       1     181     243     179            0.00
CTRIA3       180       1     282     283     284            0.00
CTRIA3       181       1     137     235     165            0.00
CTRIA3       182       1     176     245     190            0.00
CTRIA3       183       1     254     285     286            0.00
CTRIA3       184       1     166     175     287            0.00
CTRIA3       185       1     166     287     288            0.00
CTRIA3       186       1     136     135     289            0.00
CTRIA3       187       1     235     181     180            0.00
CTRIA3       188       1      68     192     162            0.00
CTRIA3       189       1     212      73     213            0.00
CTRIA3       190       1     215     217     277            0.00
CTRIA3       191       1     216     173      62            0.00
CTRIA3       192       1     171     172     268            0.00
CTRIA3       193       1     187     280     183            0.00
CTRIA3       194       1     270     269     172            0.00
CTRIA3       195       1     182     164     139            0.00
CTRIA3       196       1     161     150     231            0.00
CTRIA3       197       1     290     230      69            0.00
CTRIA3       198       1     289     291     136            0.00
CTRIA3       199       1     200     199     220            0.00
CTRIA3       200       1     130     292     196            0.00
CTRIA3       201       1     254     157     285            0.00
CTRIA3       202       1     249     155     154            0.00
CTRIA3       203       1     276     293     104            0.00
CTRIA3       204       1     255     205     222            0.00
CTRIA3       205       1     255     294     295            0.00
CTRIA3       206       1     243     181     136            0.00
CTRIA3       207       1     203     244     204            0.00
CTRIA3       208       1     167     188     174            0.00
CTRIA3       209       1     257     225     224            0.00
CTRIA3       210       1     271     234     233            0.00
CTRIA3       211       1     232     186     227            0.00
CTRIA3       212       1     264      83      87            0.00
CTRIA3       213       1     263     262     280            0.00
CTRIA3       214       1     209     208     224            0.00
CTRIA3       215       1     296     288     297            0.00
CTRIA3       216       1     116     115     130            0.00
CTRIA3       217       1     117     265     194            0.00
CTRIA3       218       1     298     267     201            0.00
CTRIA3       219       1      93     198      90            0.00
CTRIA3       220       1     169     299     265            0.00
CTRIA3       221       1     265     281     240            0.00
CTRIA3       222       1     267     298     280            0.00
CTRIA3       223       1     262      87     266            0.00
CTRIA3       224       1     161      58      57            0.00
CTRIA3       225       1     162     161      69            0.00
CTRIA3       226       1      85     214     213            0.00
CTRIA3       227       1      85     263     211            0.00
CTRIA3       228       1       2       3     129            0.00
CTRIA3       229       1     299     169     128            0.00
CTRIA3       230       1      30      82      29            0.00
CTRIA3       231       1      30      31      93            0.00
CTRIA3       232       1     195     241     111            0.00
CTRIA3       233       1     108     252     253            0.00
CTRIA3       234       1     202     204      97            0.00
CTRIA3       235       1      98     251     260            0.00
CTRIA3       236       1     195     111     300            0.00
CTRIA3       237       1     286     221     197            0.00
CTRIA3       238       1      97      96     220            0.00
CTRIA3       239       1      97     251     202            0.00
CTRIA3       240       1     209     258     208            0.00
CTRIA3       241       1      65     257     246            0.00
CTRIA3       242       1     120     301       7            0.00
CTRIA3       243       1     258     125     302            0.00
CTRIA3       244       1      26      27      84            0.00
CTRIA3       245       1      79      83     264            0.00
CTRIA3       246       1     274     275      68            0.00
CTRIA3       247       1      70      75      71            0.00
CTRIA3       248       1     101      99     303            0.00
CTRIA3       249       1      39      99      38            0.00
CTRIA3       250       1     105      43     253            0.00
CTRIA3       251       1     105     104     107            0.00
CTRIA3       252       1     278      54      53            0.00
CTRIA3       253       1      59     304      15            0.00
CTRIA3       254       1      93      89      30            0.00
CTRIA3       255       1      93      31      32            0.00
CTRIA3       256       1     116     130     131            0.00
CTRIA3       257       1       1       2     132            0.00
CTRIA3       258       1     271     149     148            0.00
CTRIA3       259       1     275     268     193            0.00
CTRIA3       260       1      81      28      29            0.00
CTRIA3       261       1     266     305      88            0.00
CTRIA3       262       1     126       4       5            0.00
CTRIA3       263       1     281     299     123            0.00
CTRIA3       264       1     120     259     301            0.00
CTRIA3       265       1     120       7       8            0.00
CTRIA3       266       1     135     237     200            0.00
CTRIA3       267       1     236     135     306            0.00
CTRIA3       268       1     157     254     158            0.00
CTRIA3       269       1     239     287     147            0.00
CTRIA3       270       1      22     170      21            0.00
CTRIA3       271       1      22      23      77            0.00
CTRIA3       272       1      33      34     138            0.00
CTRIA3       273       1     134      92     219            0.00
CTRIA3       274       1     261      51     130            0.00
CTRIA3       275       1     261     110      50            0.00
CTRIA3       276       1      55     307     290            0.00
CTRIA3       277       1      55      57      56            0.00
CTRIA3       278       1      75      74      71            0.00
CTRIA3       279       1      20      78      19            0.00
CTRIA3       280       1      94      35     260            0.00
CTRIA3       281       1     219      92     138            0.00
CTRIA3       282       1     111     110     300            0.00
CTRIA3       283       1      47     110      46            0.00
CTRIA3       284       1      62     173      63            0.00
CTRIA3       285       1     229     228     272            0.00
CTRIA3       286       1     166     288     189            0.00
CTRIA3       287       1     167     174     229            0.00
CTRIA3       288       1     203     101     303            0.00
CTRIA3       289       1     203     308     244            0.00
CTRIA3       290       1     113     112     106            0.00
CTRIA3       291       1     114     252     241            0.00
CTRIA3       292       1     269     191     193            0.00
CTRIA3       293       1     226     268     275            0.00
CTRIA3       294       1     107     293     102            0.00
CTRIA3       295       1     107      41      42            0.00
CTRIA3       296       1     103     293     276            0.00
CTRIA3       297       1     103      99      39            0.00
CTRIA3       298       1     271     309     272            0.00
CTRIA3       299       1     173     216     228            0.00
CTRIA3       300       1     160      66     273            0.00
CTRIA3       301       1      64     174     188            0.00
CTRIA3       302       1     133      11     159            0.00
CTRIA3       303       1     246     119     118            0.00
CTRIA3       304       1       9      10     118            0.00
CTRIA3       305       1     119     246     257            0.00
CTRIA3       306       1     238     287     175            0.00
CTRIA3       307       1     151     227     279            0.00
CTRIA3       308       1      80      79      85            0.00
CTRIA3       309       1      25      76      24            0.00
CTRIA3       310       1      52      12      13            0.00
CTRIA3       311       1      61     223      54            0.00
CTRIA3       312       1     125     281     123            0.00
CTRIA3       313       1     124     259     302            0.00
CTRIA3       314       1      77      72      22            0.00
CTRIA3       315       1      77      23      24            0.00
CTRIA3       316       1     143     255     144            0.00
CTRIA3       317       1     154     143     256            0.00
CTRIA3       318       1     179     256     180            0.00
CTRIA3       319       1     243     308     184            0.00
CTRIA3       320       1      59     278     304            0.00
CTRIA3       321       1      59      15      16            0.00
CTRIA3       322       1     245     283     282            0.00
CTRIA3       323       1     310     186     163            0.00
CTRIA3       324       1     238     145     147            0.00
CTRIA3       325       1     210     297     239            0.00
CTRIA3       326       1     144     295     190            0.00
CTRIA3       327       1     245     176     283            0.00
CTRIA3       328       1      61      54     278            0.00
CTRIA3       329       1      62      61     277            0.00
CTRIA3       330       1     295     144     255            0.00
CTRIA3       331       1     294     286     285            0.00
CTRIA3       332       1     200     311     289            0.00
CTRIA3       333       1     136     291     243            0.00
CTRIA3       334       1     280     262     267            0.00
CTRIA3       335       1     280     298     183            0.00
CTRIA3       336       1     240     239     147            0.00
CTRIA3       337       1     240     146     265            0.00
CTRIA3       338       1     212     226     275            0.00
CTRIA3       339       1     212     274      73            0.00
CTRIA3       340       1     306     182     236            0.00
CTRIA3       341       1     306     135     137            0.00
CTRIA3       342       1     201     200     237            0.00
CTRIA3       343       1     201     267      90            0.00
CTRIA3       344       1     292     194     254            0.00
CTRIA3       345       1     194     292     115            0.00
CTRIA3       346       1     308     203     250            0.00
CTRIA3       347       1     249     248     276            0.00
CTRIA3       348       1      17      60      16            0.00
CTRIA3       349       1      56      17      18            0.00
CTRIA3       350       1     171     226     211            0.00
CTRIA3       351       1     171     187     141            0.00
CTRIA3       352       1     270     185     186            0.00
CTRIA3       353       1     270     232     234            0.00
CTRIA3       354       1     211     214      85            0.00
CTRIA3       355       1     211     263     187            0.00
CTRIA3       356       1     186     310     227            0.00
CTRIA3       357       1     186     232     270            0.00
CTRIA3       358       1      68      70     274            0.00
CTRIA3       359       1      68     275     193            0.00
CTRIA3       360       1      69     161     290            0.00
CTRIA3       361       1     230     307      75            0.00
CTRIA3       362       1     150     217     231            0.00
CTRIA3       363       1     150     149     216            0.00
CTRIA3       364       1     227     153     232            0.00
CTRIA3       365       1     310     283     279            0.00
CTRIA3       366       1     206     195     221            0.00
CTRIA3       367       1     255     222     294            0.00
CTRIA3       368       1     291     218     243            0.00
CTRIA3       369       1     218     291      95            0.00
CTRIA3       370       1     207     106     112            0.00
CTRIA3       371       1     155     312     156            0.00
CTRIA3       372       1     309     153     152            0.00
CTRIA3       373       1     313     229     272            0.00
CTRIA3       374       1     162      69      68            0.00
CTRIA3       375       1     162     192     148            0.00
CTRIA3       376       1     276     207     249            0.00
CTRIA3       377       1     276     248     103            0.00
CTRIA3       378       1      85     264     263            0.00
CTRIA3       379       1     264      85      79            0.00
CTRIA3       380       1     164     182     306            0.00
CTRIA3       381       1     141     140     171            0.00
CTRIA3       382       1     220     219      97            0.00
CTRIA3       383       1     220      96     200            0.00
CTRIA3       384       1     196     261     130            0.00
CTRIA3       385       1     196     292     254            0.00
CTRIA3       386       1     101     202      98            0.00
CTRIA3       387       1     202     101     203            0.00
CTRIA3       388       1     241     206     114            0.00
CTRIA3       389       1     108     241     252            0.00
CTRIA3       390       1     147     146     240            0.00
CTRIA3       391       1     147     287     238            0.00
CTRIA3       392       1     247      64      66            0.00
CTRIA3       393       1      64     247     173            0.00
CTRIA3       394       1     180     256     142            0.00
CTRIA3       395       1     282     284     235            0.00
CTRIA3       396       1     193     192      68            0.00
CTRIA3       397       1     193     268     269            0.00
CTRIA3       398       1     257     224     208            0.00
CTRIA3       399       1     257     122     119            0.00
CTRIA3       400       1      96     311     200            0.00
CTRIA3       401       1     311      96      95            0.00
CTRIA3       402       1     286     294     221            0.00
CTRIA3       403       1     254     286     197            0.00
CTRIA3       404       1     168     167     313            0.00
CTRIA3       405       1     168     151     175            0.00
CTRIA3       406       1     260     251      94            0.00
CTRIA3       407       1      36     260      35            0.00
CTRIA3       408       1      46     109      45            0.00
CTRIA3       409       1     109      46     110            0.00
CTRIA3       410       1     253     252     105            0.00
CTRIA3       411       1      44     253      43            0.00
CTRIA3       412       1     100     101      98            0.00
CTRIA3       413       1      38     100      37            0.00
CTRIA3       414       1     128     126     123            0.00
CTRIA3       415       1     265     299     281            0.00
CTRIA3       416       1      88     305      89            0.00
CTRIA3       417       1     267      88      90            0.00
CTRIA3       418       1     210     209     297            0.00
CTRIA3       419       1     210     240     281            0.00
CTRIA3       420       1     229     313     167            0.00
CTRIA3       421       1     173     229     174            0.00
CTRIA3       422       1     191     148     192            0.00
CTRIA3       423       1     148     191     271            0.00
CTRIA3       424       1     161     231      58            0.00
CTRIA3       425       1     161      57     290            0.00
CTRIA3       426       1     127       5       6            0.00
CTRIA3       427       1     124     127     259            0.00
CTRIA3       428       1      84      79      26            0.00
CTRIA3       429       1      84      27      81            0.00
CTRIA3       430       1     223      52      54            0.00
CTRIA3       431       1     223     247      66            0.00
CTRIA3       432       1     236     183     298            0.00
CTRIA3       433       1     183     236     182            0.00
CTRIA3       434       1     232     153     233            0.00
CTRIA3       435       1     191     234     271            0.00
CTRIA3       436       1     188     296     225            0.00
CTRIA3       437       1     188      65      64            0.00
CTRIA3       438       1     215     277      59            0.00
CTRIA3       439       1     231     215      58            0.00
CTRIA3       440       1     129     132       2            0.00
CTRIA3       441       1     129       3     126            0.00
CTRIA3       442       1     305      82      89            0.00
CTRIA3       443       1      82     305      81            0.00
CTRIA3       444       1      87      81     305            0.00
CTRIA3       445       1      87     262     264            0.00
CTRIA3       446       1     288     287     239            0.00
CTRIA3       447       1     166     189     167            0.00
CTRIA3       448       1     123     299     128            0.00
CTRIA3       449       1     124     123     126            0.00
CTRIA3       450       1     283     176     279            0.00
CTRIA3       451       1     284     283     310            0.00
CTRIA3       452       1     137     165     306            0.00
CTRIA3       453       1     181     137     136            0.00
CTRIA3       454       1      14      53      13            0.00
CTRIA3       455       1      53      14     304            0.00
CTRIA3       456       1     177     157     145            0.00
CTRIA3       457       1     178     177     238            0.00
CTRIA3       458       1     178     175     151            0.00
CTRIA3       459       1     175     178     238            0.00
CTRIA3       460       1     279     227     310            0.00
CTRIA3       461       1     178     279     176            0.00
CTRIA3       462       1     115     117     194            0.00
CTRIA3       463       1     130     115     292            0.00
CTRIA3       464       1     199     198     134            0.00
CTRIA3       465       1     198     199     201            0.00
CTRIA3       466       1      74     170      72            0.00
CTRIA3       467       1     170      74      67            0.00
CTRIA3       468       1     213      73      77            0.00
CTRIA3       469       1     213      86      85            0.00
CTRIA3       470       1     208     258     120            0.00
CTRIA3       471       1     208     122     257            0.00
CTRIA3       472       1      75      70     230            0.00
CTRIA3       473       1      67      75     307            0.00
CTRIA3       474       1     216     149     228            0.00
CTRIA3       475       1     217     216      62            0.00
CTRIA3       476       1     121       8       9            0.00
CTRIA3       477       1     122     121     119            0.00
CTRIA3       478       1      71      74      72            0.00
CTRIA3       479       1     274      71      73            0.00
CTRIA3       480       1     159      11      12            0.00
CTRIA3       481       1     160     159      52            0.00
CTRIA3       482       1      95     291     311            0.00
CTRIA3       483       1      95      97     204            0.00
CTRIA3       484       1     221     195     197            0.00
CTRIA3       485       1     222     221     294            0.00
CTRIA3       486       1     102      41     107            0.00
CTRIA3       487       1     102     293     103            0.00
CTRIA3       488       1      91      32      33            0.00
CTRIA3       489       1     134      91      92            0.00
CTRIA3       490       1     131      51      48            0.00
CTRIA3       491       1     131      49     116            0.00
CTRIA3       492       1     225      65     188            0.00
CTRIA3       493       1     225     296     209            0.00
CTRIA3       494       1     248     303      99            0.00
CTRIA3       495       1     303     248     250            0.00
CTRIA3       496       1     113     252     114            0.00
CTRIA3       497       1     105     113     106            0.00
CTRIA3       498       1     190     245     144            0.00
CTRIA3       499       1     157     190     295            0.00
CTRIA3       500       1     307      78      67            0.00
CTRIA3       501       1      78     307      55            0.00
CTRIA3       502       1     261     300     110            0.00
CTRIA3       503       1     300     261     195            0.00
CTRIA3       504       1     242     251      97            0.00
CTRIA3       505       1      94     242     219            0.00
CTRIA3       506       1     298     237     236            0.00
CTRIA3       507       1     237     298     201            0.00
CTRIA3       508       1     158     254     194            0.00
CTRIA3       509       1     145     158     146            0.00
CTRIA3       510       1     312     112     114            0.00
CTRIA3       511       1     112     312     155            0.00
CTRIA3       512       1     184     179     243            0.00
CTRIA3       513       1     184     308     249            0.00
CTRIA3       514       1     235     180     282            0.00
CTRIA3       515       1     165     235     284            0.00
CTRIA3       516       1     172     140     270            0.00
CTRIA3       517       1     268     172     269            0.00
CTRIA3       518       1     246     273      66            0.00
CTRIA3       519       1     273     246     133            0.00
CTRIA3       520       1     296     189     288            0.00
CTRIA3       521       1     189     296     188            0.00
CTRIA3       522       1     309     233     153            0.00
CTRIA3       523       1     233     309     271            0.00
CTRIA3       524       1      86      76      80            0.00
CTRIA3       525       1      76      86      77            0.00
CTRIA3       526       1     272     309     313            0.00
CTRIA3       527       1     149     272     228            0.00
CTRIA3       528       1      58      60      56            0.00
CTRIA3       529       1      60      58      59            0.00
CTRIA3       530       1     284     163     165            0.00
CTRIA3       531       1     163     284     310            0.00
CTRIA3       532       1     142     245     282            0.00
CTRIA3       533       1     142     256     143            0.00
CTRIA3       534       1     205     312     114            0.00
CTRIA3       535       1     222     205     206            0.00
CTRIA3       536       1     244     308     243            0.00
CTRIA3       537       1     204     244     218            0.00
CTRIA3       538       1     266      87     305            0.00
CTRIA3       539       1     266      88     267            0.00
CTRIA3       540       1     139     185     270            0.00
CTRIA3       541       1     182     139     141            0.00
CTRIA3       542       1     164     185     139            0.00
CTRIA3       543       1     165     164     306            0.00
CTRIA3       544       1     295     285     157            0.00
CTRIA3       545       1     285     295     294            0.00
CTRIA3       546       1     132     169     117            0.00
CTRIA3       547       1     169     132     129            0.00
CTRIA3       548       1     104     106     207            0.00
CTRIA3       549       1     107     104     293            0.00
CTRIA3       550       1     289     135     200            0.00
CTRIA3       551       1     289     311     291            0.00
CTRIA3       552       1     138      94     219            0.00
CTRIA3       553       1     138      92      33            0.00
CTRIA3       554       1      50      51     261            0.00
CTRIA3       555       1      47      50     110            0.00
CTRIA3       556       1     250     249     308            0.00
CTRIA3       557       1     250     203     303            0.00
CTRIA3       558       1     313     152     168            0.00
CTRIA3       559       1     152     313     309            0.00
CTRIA3       560       1       6     301     259            0.00
CTRIA3       561       1       7     301       6            0.00
CTRIA3       562       1     156     312     205            0.00
CTRIA3       563       1     143     156     255            0.00
CTRIA3       564       1     290      57      55            0.00
CTRIA3       565       1     230     290     307            0.00
CTRIA3       566       1     302     125     124            0.00
CTRIA3       567       1     258     302     259            0.00
CTRIA3       568       1     297     209     296            0.00
CTRIA3       569       1     239     297     288            0.00
CTRIA3       570       1     247      63     173            0.00
CTRIA3       571       1      63     247      61            0.00
CTRIA3       572       1     133     118      10            0.00
CTRIA3       573       1     118     133     246            0.00
CTRIA3       574       1     304     278      53            0.00
CTRIA3       575       1      15     304      14            0.00