CTRIA3         1       1      69      70      71            0.00
CTRIA3         2       1      72      73      74            0.00
CTRIA3         3       1      75      76      42            0.00
CTRIA3         4       1      19      77      78            0.00
CTRIA3         5       1      79      80      81            0.00
CTRIA3         6       1      82      83      84            0.00
CTRIA3         7       1       7      85      86            0.00
CTRIA3         8       1      69       2      87            0.00
CTRIA3         9       1       1       2      88            0.00
CTRIA3        10       1      89      90      91            0.00
CTRIA3        11       1      92      93      94            0.00
CTRIA3        12       1      95      96      97            0.00
CTRIA3        13       1      98      99     100            0.00
CTRIA3        14       1      55      56     101            0.00
CTRIA3        15       1     102     103     104            0.00
CTRIA3        16       1     105     106     107            0.00
CTRIA3        17       1      30     108     109            0.00
CTRIA3        18       1     110     106     111            0.00
CTRIA3        19       1     112      60      61            0.00
CTRIA3        20       1     112     113     114            0.00
CTRIA3        21       1     115     116     117            0.00
CTRIA3        22       1     118     119     120            0.00
CTRIA3        23       1     121     122     123            0.00
CTRIA3        24       1      66      67     124            0.00
CTRIA3        25       1       1     125     126            0.00
CTRIA3        26       1     118     127     128            0.00
CTRIA3        27       1     114      59      60            0.00
CTRIA3        28       1     129      86     130            0.00
CTRIA3        29       1     131     132     133            0.00
CTRIA3        30       1     134     135     136            0.00
CTRIA3        31       1     137     138     139            0.00
CTRIA3        32       1      35     140     141            0.00
CTRIA3        33       1     142     143     144            0.00
CTRIA3        34       1       2       3      87            0.00
CTRIA3        35       1      48     145     146            0.00
CTRIA3        36       1      45      46     147            0.00
CTRIA3        37       1     148     149     150            0.00
CTRIA3        38       1      50      51     151            0.00
CTRIA3        39       1     152     153     154            0.00
CTRIA3        40       1     155     156     157            0.00
CTRIA3        41       1     158     111     159            0.00
CTRIA3        42       1     160      90     161            0.00
CTRIA3        43       1      99     162      96            0.00
CTRIA3        44       1     163     164     165            0.00
CTRIA3        45       1     166     167     168            0.00
CTRIA3        46       1      62     123     169            0.00
CTRIA3        47       1     170     171     172            0.00
CTRIA3        48       1     173     153     172            0.00
CTRIA3        49       1     174     175     139            0.00
CTRIA3        50       1     155     176     177            0.00
CTRIA3        51       1      99      98     178            0.00
CTRIA3        52       1     179     180     181            0.00
CTRIA3        53       1     182      98     183            0.00
CTRIA3        54       1     142     184     185            0.00
CTRIA3        55       1     117     186     143            0.00
CTRIA3        56       1     115     185     158            0.00
CTRIA3        57       1     187     166     186            0.00
CTRIA3        58       1     168     167     188            0.00
CTRIA3        59       1      89     189     190            0.00
CTRIA3        60       1     174      90      89            0.00
CTRIA3        61       1     191     192     193            0.00
CTRIA3        62       1     102     194     101            0.00
CTRIA3        63       1     116     115     195            0.00
CTRIA3        64       1     119     121     196            0.00
CTRIA3        65       1     184     142     197            0.00
CTRIA3        66       1      91     198      89            0.00
CTRIA3        67       1      95     100      99            0.00
CTRIA3        68       1      51      52     199            0.00
CTRIA3        69       1     143     115     117            0.00
CTRIA3        70       1     144     143     168            0.00
CTRIA3        71       1     200     201     116            0.00
CTRIA3        72       1     159     195     158            0.00
CTRIA3        73       1     117     201      70            0.00
CTRIA3        74       1     117     202     186            0.00
CTRIA3        75       1     142     115     143            0.00
CTRIA3        76       1     142     144     197            0.00
CTRIA3        77       1     203     204     205            0.00
CTRIA3        78       1     206     184     193            0.00
CTRIA3        79       1     102     104     207            0.00
CTRIA3        80       1     185     115     142            0.00
CTRIA3        81       1     191     208     100            0.00
CTRIA3        82       1     206     193     209            0.00
CTRIA3        83       1     210     200     211            0.00
CTRIA3        84       1      62     212     123            0.00
CTRIA3        85       1     200     210     213            0.00
CTRIA3        86       1     117     116     201            0.00
CTRIA3        87       1     158     206     111            0.00
CTRIA3        88       1     214      92     215            0.00
CTRIA3        89       1     151     216      50            0.00
CTRIA3        90       1     193     217      93            0.00
CTRIA3        91       1     158     185     206            0.00
CTRIA3        92       1     105     195     159            0.00
CTRIA3        93       1      59     114     218            0.00
CTRIA3        94       1     195     105     219            0.00
CTRIA3        95       1     210     119     213            0.00
CTRIA3        96       1       1      88     125            0.00
CTRIA3        97       1      64      65     120            0.00
CTRIA3        98       1     213     201     200            0.00
CTRIA3        99       1     206     185     184            0.00
CTRIA3       100       1     209     214     206            0.00
CTRIA3       101       1     195     219     116            0.00
CTRIA3       102       1     158     195     115            0.00
CTRIA3       103       1     122     121     210            0.00
CTRIA3       104       1     220     221     113            0.00
CTRIA3       105       1     219     200     116            0.00
CTRIA3       106       1     221     211     219            0.00
CTRIA3       107       1      56      57     102            0.00
CTRIA3       108       1     222     103      58            0.00
CTRIA3       109       1      53     203     223            0.00
CTRIA3       110       1      53     224     203            0.00
CTRIA3       111       1     204     225     215            0.00
CTRIA3       112       1     224      53      54            0.00
CTRIA3       113       1     118     226     119            0.00
CTRIA3       114       1     226      71     213            0.00
CTRIA3       115       1     206     214     225            0.00
CTRIA3       116       1     106     110     104            0.00
CTRIA3       117       1     211     221     220            0.00
CTRIA3       118       1     107     227     218            0.00
CTRIA3       119       1     105     159     106            0.00
CTRIA3       120       1     105     107     221            0.00
CTRIA3       121       1      63      64     196            0.00
CTRIA3       122       1     210     121     119            0.00
CTRIA3       123       1     206     225     111            0.00
CTRIA3       124       1     214     209      92            0.00
CTRIA3       125       1     211     200     219            0.00
CTRIA3       126       1     211     220     122            0.00
CTRIA3       127       1     207     104     110            0.00
CTRIA3       128       1     228     204     229            0.00
CTRIA3       129       1     216      94      93            0.00
CTRIA3       130       1     216     150     149            0.00
CTRIA3       131       1     128     226     118            0.00
CTRIA3       132       1      65      66     230            0.00
CTRIA3       133       1     220     112     169            0.00
CTRIA3       134       1      62      63     212            0.00
CTRIA3       135       1     106     159     111            0.00
CTRIA3       136       1     106     104     227            0.00
CTRIA3       137       1      59     218     222            0.00
CTRIA3       138       1     227     107     106            0.00
CTRIA3       139       1     221     219     105            0.00
CTRIA3       140       1     113     221     107            0.00
CTRIA3       141       1     207     231     228            0.00
CTRIA3       142       1     207     228     194            0.00
CTRIA3       143       1      92     232     215            0.00
CTRIA3       144       1     232     151     205            0.00
CTRIA3       145       1     120     119     196            0.00
CTRIA3       146       1     120      65     230            0.00
CTRIA3       147       1     196     121     212            0.00
CTRIA3       148       1     196      64     120            0.00
CTRIA3       149       1     218     113     107            0.00
CTRIA3       150       1      59     222      58            0.00
CTRIA3       151       1      51     199     151            0.00
CTRIA3       152       1     216     151      94            0.00
CTRIA3       153       1     220     169     123            0.00
CTRIA3       154       1     113     112     220            0.00
CTRIA3       155       1     122     210     211            0.00
CTRIA3       156       1     123     122     220            0.00
CTRIA3       157       1     103      57      58            0.00
CTRIA3       158       1     104     103     227            0.00
CTRIA3       159       1     233      54      55            0.00
CTRIA3       160       1     228     233     194            0.00
CTRIA3       161       1     212      63     196            0.00
CTRIA3       162       1     123     212     121            0.00
CTRIA3       163       1     127     118     230            0.00
CTRIA3       164       1     126     124      67            0.00
CTRIA3       165       1     230      66     127            0.00
CTRIA3       166       1     230     118     120            0.00
CTRIA3       167       1     102      57     103            0.00
CTRIA3       168       1     102     207     194            0.00
CTRIA3       169       1      61     169     112            0.00
CTRIA3       170       1     169      61      62            0.00
CTRIA3       171       1     114      60     112            0.00
CTRIA3       172       1     218     114     113            0.00
CTRIA3       173       1      87     187     202            0.00
CTRIA3       174       1       4     234     187            0.00
CTRIA3       175       1       4       5     235            0.00
CTRIA3       176       1     236     235     237            0.00
CTRIA3       177       1     236     237     129            0.00
CTRIA3       178       1       8       9     238            0.00
CTRIA3       179       1     239      84      83            0.00
CTRIA3       180       1     240      10      11            0.00
CTRIA3       181       1     241      12     242            0.00
CTRIA3       182       1      12     241      11            0.00
CTRIA3       183       1     243     244     245            0.00
CTRIA3       184       1     136     246     247            0.00
CTRIA3       185       1      15     248     243            0.00
CTRIA3       186       1      17     247     246            0.00
CTRIA3       187       1     249      84     238            0.00
CTRIA3       188       1     250     251     252            0.00
CTRIA3       189       1     253      21     250            0.00
CTRIA3       190       1      21      22     131            0.00
CTRIA3       191       1      21     253      20            0.00
CTRIA3       192       1     254     255     133            0.00
CTRIA3       193       1     256     257     258            0.00
CTRIA3       194       1     132      24     254            0.00
CTRIA3       195       1     259      27     260            0.00
CTRIA3       196       1     261     256     262            0.00
CTRIA3       197       1      27     263     260            0.00
CTRIA3       198       1     262     264     265            0.00
CTRIA3       199       1     108      30      31            0.00
CTRIA3       200       1     266     267     109            0.00
CTRIA3       201       1     108     268     269            0.00
CTRIA3       202       1      34     270      33            0.00
CTRIA3       203       1     182     271     270            0.00
CTRIA3       204       1     179     140     272            0.00
CTRIA3       205       1     273     272      36            0.00
CTRIA3       206       1      37     274     273            0.00
CTRIA3       207       1      37     275     274            0.00
CTRIA3       208       1      38      39     276            0.00
CTRIA3       209       1     164     274     277            0.00
CTRIA3       210       1     278     279     280            0.00
CTRIA3       211       1      75      42      43            0.00
CTRIA3       212       1      75     278      76            0.00
CTRIA3       213       1     281     282     283            0.00
CTRIA3       214       1      43      44     283            0.00
CTRIA3       215       1     147      46      47            0.00
CTRIA3       216       1      47     284     147            0.00
CTRIA3       217       1      47     146     284            0.00
CTRIA3       218       1      49      50     285            0.00
CTRIA3       219       1     216     286     150            0.00
CTRIA3       220       1     237     287     129            0.00
CTRIA3       221       1      17     288     247            0.00
CTRIA3       222       1     132     131      23            0.00
CTRIA3       223       1      29     267     289            0.00
CTRIA3       224       1     141     270      34            0.00
CTRIA3       225       1     290     276      40            0.00
CTRIA3       226       1      44      45     281            0.00
CTRIA3       227       1     291     292     255            0.00
CTRIA3       228       1     293     294     295            0.00
CTRIA3       229       1     257     254     296            0.00
CTRIA3       230       1     297     155     177            0.00
CTRIA3       231       1     239     130     298            0.00
CTRIA3       232       1     295     299     293            0.00
CTRIA3       233       1      12     245     242            0.00
CTRIA3       234       1      84     300      82            0.00
CTRIA3       235       1     301     302     134            0.00
CTRIA3       236       1      78      18      19            0.00
CTRIA3       237       1     295     303     304            0.00
CTRIA3       238       1     176     157     305            0.00
CTRIA3       239       1     190     171     297            0.00
CTRIA3       240       1     306     173     167            0.00
CTRIA3       241       1     139     307     308            0.00
CTRIA3       242       1     109      29      30            0.00
CTRIA3       243       1     309     310     303            0.00
CTRIA3       244       1      23     131      22            0.00
CTRIA3       245       1     265     261     262            0.00
CTRIA3       246       1     308     266     139            0.00
CTRIA3       247       1     272     273     180            0.00
CTRIA3       248       1     276     277     275            0.00
CTRIA3       249       1     256     311     304            0.00
CTRIA3       250       1     259     296      26            0.00
CTRIA3       251       1     191      91     208            0.00
CTRIA3       252       1      32      33     312            0.00
CTRIA3       253       1      82     313      79            0.00
CTRIA3       254       1     309     294      81            0.00
CTRIA3       255       1     245      12      13            0.00
CTRIA3       256       1      13      14     243            0.00
CTRIA3       257       1      81      80     302            0.00
CTRIA3       258       1     250     131     292            0.00
CTRIA3       259       1     314     135     315            0.00
CTRIA3       260       1     302     301     316            0.00
CTRIA3       261       1     175     174     190            0.00
CTRIA3       262       1     108     137     266            0.00
CTRIA3       263       1     257     256     317            0.00
CTRIA3       264       1     261     176     318            0.00
CTRIA3       265       1     153     152     156            0.00
CTRIA3       266       1     177     307     297            0.00
CTRIA3       267       1     319     301     134            0.00
CTRIA3       268       1     288      17      18            0.00
CTRIA3       269       1     237       5       6            0.00
CTRIA3       270       1     129     154     320            0.00
CTRIA3       271       1     277     276     321            0.00
CTRIA3       272       1     290      41      76            0.00
CTRIA3       273       1      84     298     238            0.00
CTRIA3       274       1     298     130      86            0.00
CTRIA3       275       1     322      83     293            0.00
CTRIA3       276       1     295     318     305            0.00
CTRIA3       277       1      27     259      26            0.00
CTRIA3       278       1      27      28     263            0.00
CTRIA3       279       1     140      35     272            0.00
CTRIA3       280       1     162     181     323            0.00
CTRIA3       281       1     324     279     325            0.00
CTRIA3       282       1     146     325     284            0.00
CTRIA3       283       1      10     240     249            0.00
CTRIA3       284       1     240     315     300            0.00
CTRIA3       285       1      81     316     309            0.00
CTRIA3       286       1     303     310     304            0.00
CTRIA3       287       1     165     324      74            0.00
CTRIA3       288       1     181      99     179            0.00
CTRIA3       289       1     198     189      89            0.00
CTRIA3       290       1     171     170     297            0.00
CTRIA3       291       1     322     299     152            0.00
CTRIA3       292       1     173     320     153            0.00
CTRIA3       293       1     281     284     326            0.00
CTRIA3       294       1     279     278     327            0.00
CTRIA3       295       1     279     327     328            0.00
CTRIA3       296       1     278     280     290            0.00
CTRIA3       297       1     281     326     282            0.00
CTRIA3       298       1      47      48     146            0.00
CTRIA3       299       1     315     329      80            0.00
CTRIA3       300       1     294      79      81            0.00
CTRIA3       301       1      15      16     246            0.00
CTRIA3       302       1     248     136     135            0.00
CTRIA3       303       1      24      25     296            0.00
CTRIA3       304       1     254     317     255            0.00
CTRIA3       305       1     176     305     318            0.00
CTRIA3       306       1     177     330     265            0.00
CTRIA3       307       1     108      31     268            0.00
CTRIA3       308       1     108     269     137            0.00
CTRIA3       309       1     322     293     299            0.00
CTRIA3       310       1      84     239     298            0.00
CTRIA3       311       1     177     331     308            0.00
CTRIA3       312       1     177     176     330            0.00
CTRIA3       313       1     177     265     331            0.00
CTRIA3       314       1     308     332     267            0.00
CTRIA3       315       1     267     266     308            0.00
CTRIA3       316       1     332     263     289            0.00
CTRIA3       317       1      86     129     287            0.00
CTRIA3       318       1       7       8      85            0.00
CTRIA3       319       1     251     291     316            0.00
CTRIA3       320       1     250     252      77            0.00
CTRIA3       321       1     138     269     161            0.00
CTRIA3       322       1      90     160     183            0.00
CTRIA3       323       1     135     314     244            0.00
CTRIA3       324       1     315     240     241            0.00
CTRIA3       325       1     183     160     182            0.00
CTRIA3       326       1     140     178     333            0.00
CTRIA3       327       1     319      78     252            0.00
CTRIA3       328       1     253      19      20            0.00
CTRIA3       329       1     271     160     161            0.00
CTRIA3       330       1     271     269     268            0.00
CTRIA3       331       1     162     163     165            0.00
CTRIA3       332       1      95     286     217            0.00
CTRIA3       333       1     173     306     236            0.00
CTRIA3       334       1     334     189     188            0.00
CTRIA3       335       1     335     165      74            0.00
CTRIA3       336       1      73      72     145            0.00
CTRIA3       337       1     311     318     295            0.00
CTRIA3       338       1     318     311     261            0.00
CTRIA3       339       1     155     170     156            0.00
CTRIA3       340       1     155     157     176            0.00
CTRIA3       341       1     250     292     251            0.00
CTRIA3       342       1     131     250      21            0.00
CTRIA3       343       1     316     301     251            0.00
CTRIA3       344       1     309     303     294            0.00
CTRIA3       345       1     273     323     180            0.00
CTRIA3       346       1      37      38     275            0.00
CTRIA3       347       1     187       3       4            0.00
CTRIA3       348       1     166     168     186            0.00
CTRIA3       349       1     317     304     310            0.00
CTRIA3       350       1     291     251     292            0.00
CTRIA3       351       1     296     254      24            0.00
CTRIA3       352       1     296      25      26            0.00
CTRIA3       353       1     238     298      85            0.00
CTRIA3       354       1       9      10     249            0.00
CTRIA3       355       1     152     154     322            0.00
CTRIA3       356       1     157     152     299            0.00
CTRIA3       357       1     259     262     258            0.00
CTRIA3       358       1     311     256     261            0.00
CTRIA3       359       1     134     329     135            0.00
CTRIA3       360       1     134     136     319            0.00
CTRIA3       361       1     235     236     306            0.00
CTRIA3       362       1     235     234       4            0.00
CTRIA3       363       1     294     336      79            0.00
CTRIA3       364       1     295     294     303            0.00
CTRIA3       365       1     173     334     167            0.00
CTRIA3       366       1     173     236     320            0.00
CTRIA3       367       1     136     247     319            0.00
CTRIA3       368       1     136     248     246            0.00
CTRIA3       369       1     139     138     174            0.00
CTRIA3       370       1     139     175     307            0.00
CTRIA3       371       1     135     329     315            0.00
CTRIA3       372       1     135     244     248            0.00
CTRIA3       373       1     271     182     160            0.00
CTRIA3       374       1     270     271     312            0.00
CTRIA3       375       1     140     179     178            0.00
CTRIA3       376       1      35     141      34            0.00
CTRIA3       377       1     144     168     188            0.00
CTRIA3       378       1     190     189     334            0.00
CTRIA3       379       1     276      39      40            0.00
CTRIA3       380       1     279     321     280            0.00
CTRIA3       381       1     237     235       5            0.00
CTRIA3       382       1     237       6     287            0.00
CTRIA3       383       1     300      84     240            0.00
CTRIA3       384       1     313     300     315            0.00
CTRIA3       385       1     132      23      24            0.00
CTRIA3       386       1     133     132     254            0.00
CTRIA3       387       1     336     293      83            0.00
CTRIA3       388       1     293     336     294            0.00
CTRIA3       389       1     279     328     325            0.00
CTRIA3       390       1     279     324     321            0.00
CTRIA3       391       1     332     289     267            0.00
CTRIA3       392       1     263     332     264            0.00
CTRIA3       393       1     259     260     262            0.00
CTRIA3       394       1     259     258     296            0.00
CTRIA3       395       1      78      77     252            0.00
CTRIA3       396       1      78     319     288            0.00
CTRIA3       397       1      32     268      31            0.00
CTRIA3       398       1     268      32     312            0.00
CTRIA3       399       1     100     192     191            0.00
CTRIA3       400       1     100     208     183            0.00
CTRIA3       401       1     243      14      15            0.00
CTRIA3       402       1     244     243     248            0.00
CTRIA3       403       1     335      96     162            0.00
CTRIA3       404       1      96     337     148            0.00
CTRIA3       405       1     161      90     138            0.00
CTRIA3       406       1     161     269     271            0.00
CTRIA3       407       1     165     335     162            0.00
CTRIA3       408       1     274     164     163            0.00
CTRIA3       409       1     307     175     297            0.00
CTRIA3       410       1     308     307     177            0.00
CTRIA3       411       1     156     170     172            0.00
CTRIA3       412       1     157     156     152            0.00
CTRIA3       413       1     249     240      84            0.00
CTRIA3       414       1     249     238       9            0.00
CTRIA3       415       1     262     256     258            0.00
CTRIA3       416       1     262     260     264            0.00
CTRIA3       417       1     299     305     157            0.00
CTRIA3       418       1     305     299     295            0.00
CTRIA3       419       1      91     197     198            0.00
CTRIA3       420       1     208      91      90            0.00
CTRIA3       421       1      48      49     145            0.00
CTRIA3       422       1     146      72     325            0.00
CTRIA3       423       1     154     130     322            0.00
CTRIA3       424       1     130     154     129            0.00
CTRIA3       425       1     174     138      90            0.00
CTRIA3       426       1     190     174      89            0.00
CTRIA3       427       1     304     317     256            0.00
CTRIA3       428       1     304     311     295            0.00
CTRIA3       429       1     290     280     276            0.00
CTRIA3       430       1      41     290      40            0.00
CTRIA3       431       1     320     236     129            0.00
CTRIA3       432       1     153     320     154            0.00
CTRIA3       433       1     334     171     190            0.00
CTRIA3       434       1     334     173     172            0.00
CTRIA3       435       1     245      13     243            0.00
CTRIA3       436       1     245     244     314            0.00
CTRIA3       437       1     281     147     284            0.00
CTRIA3       438       1     147     281      45            0.00
CTRIA3       439       1     246     248      15            0.00
CTRIA3       440       1     246      16      17            0.00
CTRIA3       441       1     137     269     138            0.00
CTRIA3       442       1     266     137     139            0.00
CTRIA3       443       1     188     167     334            0.00
CTRIA3       444       1     188     189     144            0.00
CTRIA3       445       1     109     108     266            0.00
CTRIA3       446       1     109     267      29            0.00
CTRIA3       447       1     181     180     323            0.00
CTRIA3       448       1     181     162      99            0.00
CTRIA3       449       1     241     242     315            0.00
CTRIA3       450       1      11     241     240            0.00
CTRIA3       451       1     133     292     131            0.00
CTRIA3       452       1     292     133     255            0.00
CTRIA3       453       1     322     239      83            0.00
CTRIA3       454       1     239     322     130            0.00
CTRIA3       455       1     183      98     100            0.00
CTRIA3       456       1     183     208      90            0.00
CTRIA3       457       1     273      36      37            0.00
CTRIA3       458       1     273     274     323            0.00
CTRIA3       459       1     257     317     254            0.00
CTRIA3       460       1     258     257     296            0.00
CTRIA3       461       1       7     287       6            0.00
CTRIA3       462       1     287       7      86            0.00
CTRIA3       463       1     272      35      36            0.00
CTRIA3       464       1     272     180     179            0.00
CTRIA3       465       1      74     324      72            0.00
CTRIA3       466       1      74      73     337            0.00
CTRIA3       467       1     325      72     324            0.00
CTRIA3       468       1     325     328     326            0.00
CTRIA3       469       1     197     191     184            0.00
CTRIA3       470       1     191     197      91            0.00
CTRIA3       471       1      96     335     337            0.00
CTRIA3       472       1     337     285     148            0.00
CTRIA3       473       1     297     175     190            0.00
CTRIA3       474       1     155     297     170            0.00
CTRIA3       475       1      80     313     315            0.00
CTRIA3       476       1      80     329     302            0.00
CTRIA3       477       1     326     284     325            0.00
CTRIA3       478       1     326     328     327            0.00
CTRIA3       479       1      82     300     313            0.00
CTRIA3       480       1      82     336      83            0.00
CTRIA3       481       1      77     253     250            0.00
CTRIA3       482       1     253      77      19            0.00
CTRIA3       483       1      87       3     187            0.00
CTRIA3       484       1      71      88      69            0.00
CTRIA3       485       1     144     198     197            0.00
CTRIA3       486       1     198     144     189            0.00
CTRIA3       487       1      79     336      82            0.00
CTRIA3       488       1      79     313      80            0.00
CTRIA3       489       1      28     289     263            0.00
CTRIA3       490       1     289      28      29            0.00
CTRIA3       491       1      75      43     283            0.00
CTRIA3       492       1      75     282     327            0.00
CTRIA3       493       1     321     324     164            0.00
CTRIA3       494       1     280     321     276            0.00
CTRIA3       495       1     302     316      81            0.00
CTRIA3       496       1     134     302     329            0.00
CTRIA3       497       1     275      38     276            0.00
CTRIA3       498       1     274     275     277            0.00
CTRIA3       499       1     288      18      78            0.00
CTRIA3       500       1     247     288     319            0.00
CTRIA3       501       1      85       8     238            0.00
CTRIA3       502       1      86      85     298            0.00
CTRIA3       503       1     291     309     316            0.00
CTRIA3       504       1     309     291     310            0.00
CTRIA3       505       1     234     306     167            0.00
CTRIA3       506       1     306     234     235            0.00
CTRIA3       507       1     234     166     187            0.00
CTRIA3       508       1     166     234     167            0.00
CTRIA3       509       1      95     192     100            0.00
CTRIA3       510       1      96      95      99            0.00
CTRIA3       511       1     261     330     176            0.00
CTRIA3       512       1     265     330     261            0.00
CTRIA3       513       1     178     179      99            0.00
CTRIA3       514       1     178      98     182            0.00
CTRIA3       515       1      76     278     290            0.00
CTRIA3       516       1      42      76      41            0.00
CTRIA3       517       1     264     260     263            0.00
CTRIA3       518       1     264     332     331            0.00
CTRIA3       519       1     327     278      75            0.00
CTRIA3       520       1     327     282     326            0.00
CTRIA3       521       1     164     277     321            0.00
CTRIA3       522       1     165     164     324            0.00
CTRIA3       523       1     242     314     315            0.00
CTRIA3       524       1     314     242     245            0.00
CTRIA3       525       1     283      44     281            0.00
CTRIA3       526       1     283     282      75            0.00
CTRIA3       527       1     163     323     274            0.00
CTRIA3       528       1     323     163     162            0.00
CTRIA3       529       1     333     141     140            0.00
CTRIA3       530       1     141     333     270            0.00
CTRIA3       531       1     301     252     251            0.00
CTRIA3       532       1     252     301     319            0.00
CTRIA3       533       1     186     202     187            0.00
CTRIA3       534       1     143     186     168            0.00
CTRIA3       535       1     172     171     334            0.00
CTRIA3       536       1     172     153     156            0.00
CTRIA3       537       1     331     265     264            0.00
CTRIA3       538       1     308     331     332            0.00
CTRIA3       539       1     255     310     291            0.00
CTRIA3       540       1     310     255     317            0.00
CTRIA3       541       1     312      33     270            0.00
CTRIA3       542       1     312     271     268            0.00
CTRIA3       543       1     333     182     270            0.00
CTRIA3       544       1     182     333     178            0.00
CTRIA3       545       1     145      49     285            0.00
CTRIA3       546       1     146     145      72            0.00
CTRIA3       547       1     148     285     149            0.00
CTRIA3       548       1     285      73     145            0.00
CTRIA3       549       1     202      69      87            0.00
CTRIA3       550       1      71     201     213            0.00
CTRIA3       551       1     193     184     191            0.00
CTRIA3       552       1     193     192     217            0.00
CTRIA3       553       1      88       2      69            0.00
CTRIA3       554       1     126      67      68            0.00
CTRIA3       555       1     337     335      74            0.00
CTRIA3       556       1     337      73     285            0.00
CTRIA3       557       1      97     286      95            0.00
CTRIA3       558       1     148      97      96            0.00
CTRIA3       559       1     217     286      93            0.00
CTRIA3       560       1      95     217     192            0.00
CTRIA3       561       1     202      70      69            0.00
CTRIA3       562       1      70     202     117            0.00
CTRIA3       563       1      50     149     285            0.00
CTRIA3       564       1     149      50     216            0.00
CTRIA3       565       1      93     209     193            0.00
CTRIA3       566       1      93     286     216            0.00
CTRIA3       567       1      97     150     286            0.00
CTRIA3       568       1     150      97     148            0.00
CTRIA3       569       1      71      70     201            0.00
CTRIA3       570       1      71     338      88            0.00
CTRIA3       571       1      92     209      93            0.00
CTRIA3       572       1      92      94     232            0.00
CTRIA3       573       1     338     125      88            0.00
CTRIA3       574       1     128     338     226            0.00
CTRIA3       575       1     226     338      71            0.00
CTRIA3       576       1     119     226     213            0.00
CTRIA3       577       1     225     214     215            0.00
CTRIA3       578       1     225     231     110            0.00
CTRIA3       579       1     232      94     151            0.00
CTRIA3       580       1     215     232     205            0.00
CTRIA3       581       1     204     231     225            0.00
CTRIA3       582       1     204     215     205            0.00
CTRIA3       583       1     110     111     225            0.00
CTRIA3       584       1     110     231     207            0.00
CTRIA3       585       1     128     127     124            0.00
CTRIA3       586       1     338     128     125            0.00
CTRIA3       587       1     203     229     204            0.00
CTRIA3       588       1     205     199     223            0.00
CTRIA3       589       1     228     231     204            0.00
CTRIA3       590       1     228     229     233            0.00
CTRIA3       591       1     126      68       1            0.00
CTRIA3       592       1     126     125     128            0.00
CTRIA3       593       1     205     223     203            0.00
CTRIA3       594       1     151     199     205            0.00
CTRIA3       595       1     233     229     224            0.00
CTRIA3       596       1     233      55     101            0.00
CTRIA3       597       1     227     222     218            0.00
CTRIA3       598       1     222     227     103            0.00
CTRIA3       599       1      52     223     199            0.00
CTRIA3       600       1     223      52      53            0.00
CTRIA3       601       1     124     126     128            0.00
CTRIA3       602       1     124     127      66            0.00
CTRIA3       603       1     101      56     102            0.00
CTRIA3       604       1     101     194     233            0.00
CTRIA3       605       1     224      54     233            0.00
CTRIA3       606       1     203     224     229            0.00