2.500000000000000e-01 1.020408163265306e-02 0.000000000000000e+00
2.500000000000000e-01 2.040816326530612e-02 0.000000000000000e+00
2.500000000000000e-01 3.061224489795918e-02 0.000000000000000e+00
2.500000000000000e-01 4.081632653061224e-02 0.000000000000000e+00
2.500000000000000e-01 5.102040816326530e-02 0.000000000000000e+00
2.500000000000000e-01 6.122448979591837e-02 0.000000000000000e+00
2.500000000000000e-01 7.142857142857143e-02 0.000000000000000e+00
2.500000000000000e-01 8.163265306122448e-02 0.000000000000000e+00
2.500000000000000e-01 9.183673469387754e-02 0.000000000000000e+00
2.500000000000000e-01 1.020408163265306e-01 0.000000000000000e+00
2.500000000000000e-01 1.122448979591837e-01 0.000000000000000e+00
2.500000000000000e-01 1.224489795918367e-01 0.000000000000000e+00
2.500000000000000e-01 1.326530612244898e-01 0.000000000000000e+00
2.500000000000000e-01 1.428571428571429e-01 0.000000000000000e+00
2.500000000000000e-01 1.530612244897959e-01 0.000000000000000e+00
2.500000000000000e-01 1.632653061224490e-01 0.000000000000000e+00
2.500000000000000e-01 1.734693877551020e-01 0.000000000000000e+00
2.500000000000000e-01 1.836734693877551e-01 0.000000000000000e+00
2.500000000000000e-01 1.938775510204082e-01 0.000000000000000e+00
2.500000000000000e-01 2.040816326530612e-01 0.000000000000000e+00
2.500000000000000e-01 2.142857142857143e-01 0.000000000000000e+00
2.500000000000000e-01 2.244897959183673e-01 0.000000000000000e+00
2.500000000000000e-01 2.346938775510204e-01 0.000000000000000e+00
2.500000000000000e-01 2.448979591836735e-01 0.000000000000000e+00
2.500000000000000e-01 2.551020408163265e-01 0.000000000000000e+00
2.500000000000000e-01 2.653061224489796e-01 0.000000000000000e+00
2.500000000000000e-01 2.755102040816326e-01 0.000000000000000e+00
2.500000000000000e-01 2.857142857142857e-01 0.000000000000000e+00
2.500000000000000e-01 2.959183673469388e-01 0.000000000000000e+00
2.500000000000000e-01 3.061224489795918e-01 0.000000000000000e+00
2.500000000000000e-01 3.163265306122449e-01 0.000000000000000e+00
2.500000000000000e-01 3.265306122448979e-01 0.000000000000000e+00
2.500000000000000e-01 3.367346938775510e-01 0.000000000000000e+00
2.500000000000000e-01 3.469387755102041e-01 0.000000000000000e+00
2.500000000000000e-01 3.571428571428571e-01 0.000000000000000e+00
2.500000000000000e-01 3.673469387755102e-01 0.000000000000000e+00
2.500000000000000e-01 3.775510204081632e-01 0.000000000000000e+00
2.500000000000000e-01 3.877551020408163e-01 0.000000000000000e+00
2.500000000000000e-01 3.979591836734693e-01 0.000000000000000e+00
2.500000000000000e-01 4.081632653061224e-01 0.000000000000000e+00
2.500000000000000e-01 4.183673469387755e-01 0.000000000000000e+00
2.500000000000000e-01 4.285714285714286e-01 0.000000000000000e+00
2.500000000000000e-01 4.387755102040816e-01 0.000000000000000e+00
2.500000000000000e-01 4.489795918367346e-01 0.000000000000000e+00
2.500000000000000e-01 4.591836734693877e-01 0.000000000000000e+00
2.500000000000000e-01 4.693877551020408e-01 0.000000000000000e+00
2.500000000000000e-01 4.795918367346939e-01 0.000000000000000e+00
2.500000000000000e-01 4.897959183673469e-01 0.000000000000000e+00
2.500000000000000e-01 0.000000000000000e+00 0.000000000000000e+00
2.500000000000000e-01 5.000000000000000e-01 0.000000000000000e+00
2.380952380952381e-01 5.000000000000000e-01 0.000000000000000e+00
2.261904761904762e-01 5.000000000000000e-01 0.000000000000000e+00
2.142857142857143e-01 5.000000000000000e-01 0.000000000000000e+00
2.023809523809524e-01 5.000000000000000e-01 0.000000000000000e+00
1.904761904761905e-01 5.000000000000000e-01 0.000000000000000e+00
1.785714285714286e-01 5.000000000000000e-01 0.000000000000000e+00
1.666666666666667e-01 5.000000000000000e-01 0.000000000000000e+00
1.547619047619048e-01 5.000000000000000e-01 0.000000000000000e+00
1.428571428571429e-01 5.000000000000000e-01 0.000000000000000e+00
1.309523809523810e-01 5.000000000000000e-01 0.000000000000000e+00
1.190476190476191e-01 5.000000000000000e-01 0.000000000000000e+00
1.071428571428572e-01 5.000000000000000e-01 0.000000000000000e+00
9.523809523809523e-02 5.000000000000000e-01 0.000000000000000e+00
8.333333333333334e-02 5.000000000000000e-01 0.000000000000000e+00
7.142857142857145e-02 5.000000000000000e-01 0.000000000000000e+00
5.952380952380953e-02 5.000000000000000e-01 0.000000000000000e+00
4.761904761904762e-02 5.000000000000000e-01 0.000000000000000e+00
3.571428571428573e-02 5.000000000000000e-01 0.000000000000000e+00
2.380952380952384e-02 5.000000000000000e-01 0.000000000000000e+00
1.190476190476192e-02 5.000000000000000e-01 0.000000000000000e+00
0.000000000000000e+00 5.000000000000000e-01 0.000000000000000e+00
0.000000000000000e+00 4.897959183673469e-01 0.000000000000000e+00
0.000000000000000e+00 4.795918367346939e-01 0.000000000000000e+00
0.000000000000000e+00 4.693877551020408e-01 0.000000000000000e+00
0.000000000000000e+00 4.591836734693878e-01 0.000000000000000e+00
0.000000000000000e+00 4.489795918367347e-01 0.000000000000000e+00
0.000000000000000e+00 4.387755102040816e-01 0.000000000000000e+00
0.000000000000000e+00 4.285714285714286e-01 0.000000000000000e+00
0.000000000000000e+00 4.183673469387755e-01 0.000000000000000e+00
0.000000000000000e+00 4.081632653061225e-01 0.000000000000000e+00
0.000000000000000e+00 3.979591836734694e-01 0.000000000000000e+00
0.000000000000000e+00 3.877551020408163e-01 0.000000000000000e+00
0.000000000000000e+00 3.775510204081632e-01 0.000000000000000e+00
0.000000000000000e+00 3.673469387755102e-01 0.000000000000000e+00
0.000000000000000e+00 3.571428571428572e-01 0.000000000000000e+00
0.000000000000000e+00 3.469387755102041e-01 0.000000000000000e+00
0.000000000000000e+00 3.367346938775511e-01 0.000000000000000e+00
0.000000000000000e+00 3.265306122448980e-01 0.000000000000000e+00
0.000000000000000e+00 3.163265306122449e-01 0.000000000000000e+00
0.000000000000000e+00 3.061224489795918e-01 0.000000000000000e+00
0.000000000000000e+00 2.959183673469388e-01 0.000000000000000e+00
0.000000000000000e+00 2.857142857142857e-01 0.000000000000000e+00
0.000000000000000e+00 2.755102040816327e-01 0.000000000000000e+00
0.000000000000000e+00 2.653061224489796e-01 0.000000000000000e+00
0.000000000000000e+00 2.551020408163265e-01 0.000000000000000e+00
0.000000000000000e+00 2.448979591836735e-01 0.000000000000000e+00
0.000000000000000e+00 2.346938775510205e-01 0.000000000000000e+00
0.000000000000000e+00 2.244897959183674e-01 0.000000000000000e+00
0.000000000000000e+00 2.142857142857143e-01 0.000000000000000e+00
0.000000000000000e+00 2.040816326530612e-01 0.000000000000000e+00
0.000000000000000e+00 1.938775510204082e-01 0.000000000000000e+00
0.000000000000000e+00 1.836734693877551e-01 0.000000000000000e+00
0.000000000000000e+00 1.734693877551021e-01 0.000000000000000e+00
0.000000000000000e+00 1.632653061224490e-01 0.000000000000000e+00
0.000000000000000e+00 1.530612244897959e-01 0.000000000000000e+00
0.000000000000000e+00 1.428571428571429e-01 0.000000000000000e+00
0.000000000000000e+00 1.326530612244898e-01 0.000000000000000e+00
0.000000000000000e+00 1.224489795918368e-01 0.000000000000000e+00
0.000000000000000e+00 1.122448979591837e-01 0.000000000000000e+00
0.000000000000000e+00 1.020408163265307e-01 0.000000000000000e+00
0.000000000000000e+00 9.183673469387760e-02 0.000000000000000e+00
0.000000000000000e+00 8.163265306122453e-02 0.000000000000000e+00
0.000000000000000e+00 7.142857142857145e-02 0.000000000000000e+00
0.000000000000000e+00 6.122448979591838e-02 0.000000000000000e+00
0.000000000000000e+00 5.102040816326536e-02 0.000000000000000e+00
0.000000000000000e+00 4.081632653061229e-02 0.000000000000000e+00
0.000000000000000e+00 3.061224489795922e-02 0.000000000000000e+00
0.000000000000000e+00 2.040816326530615e-02 0.000000000000000e+00
0.000000000000000e+00 1.020408163265307e-02 0.000000000000000e+00
0.000000000000000e+00 0.000000000000000e+00 0.000000000000000e+00
2.380952380952381e-01 0.000000000000000e+00 0.000000000000000e+00
2.261904761904762e-01 0.000000000000000e+00 0.000000000000000e+00
2.142857142857143e-01 0.000000000000000e+00 0.000000000000000e+00
2.023809523809524e-01 0.000000000000000e+00 0.000000000000000e+00
1.904761904761905e-01 0.000000000000000e+00 0.000000000000000e+00
1.785714285714286e-01 0.000000000000000e+00 0.000000000000000e+00
1.666666666666667e-01 0.000000000000000e+00 0.000000000000000e+00
1.547619047619048e-01 0.000000000000000e+00 0.000000000000000e+00
1.428571428571429e-01 0.000000000000000e+00 0.000000000000000e+00
1.309523809523810e-01 0.000000000000000e+00 0.000000000000000e+00
1.190476190476191e-01 0.000000000000000e+00 0.000000000000000e+00
1.071428571428572e-01 0.000000000000000e+00 0.000000000000000e+00
9.523809523809523e-02 0.000000000000000e+00 0.000000000000000e+00
8.333333333333334e-02 0.000000000000000e+00 0.000000000000000e+00
7.142857142857145e-02 0.000000000000000e+00 0.000000000000000e+00
5.952380952380953e-02 0.000000000000000e+00 0.000000000000000e+00
4.761904761904762e-02 0.000000000000000e+00 0.000000000000000e+00
3.571428571428573e-02 0.000000000000000e+00 0.000000000000000e+00
2.380952380952384e-02 0.000000000000000e+00 0.000000000000000e+00
1.190476190476192e-02 0.000000000000000e+00 0.000000000000000e+00
5.091860156567529e-02 4.378987784003120e-01 0.000000000000000e+00
5.067109829921300e-02 4.294814800706340e-01 0.000000000000000e+00
5.116610483213760e-02 4.463160767299900e-01 0.000000000000000e+00
5.042359503275070e-02 4.210641817409560e-01 0.000000000000000e+00
6.044747732447330e-02 4.210641817409560e-01 0.000000000000000e+00
7.047135961619590e-02 4.210641817409560e-01 0.000000000000000e+00
7.047135961619590e-02 4.294814800706340e-01 0.000000000000000e+00
7.047135961619590e-02 4.378987784003120e-01 0.000000000000000e+00
7.047135961619590e-02 4.463160767299900e-01 0.000000000000000e+00
6.081873222416675e-02 4.463160767299900e-01 0.000000000000000e+00
1.257883396705175e-01 4.333187778385755e-01 0.000000000000000e+00
1.254170847708240e-01 4.440879683486050e-01 0.000000000000000e+00
1.261595945702110e-01 4.225495873285460e-01 0.000000000000000e+00
1.372972415610135e-01 4.225495873285460e-01 0.000000000000000e+00
1.484348885518160e-01 4.225495873285460e-01 0.000000000000000e+00
1.484348885518160e-01 4.336901292354730e-01 0.000000000000000e+00
1.484348885518160e-01 4.448306711424000e-01 0.000000000000000e+00
1.369259866613200e-01 4.444593197455025e-01 0.000000000000000e+00
5.339363423029820e-02 3.519928219180080e-01 0.000000000000000e+00
5.339363423029820e-02 3.616479582373450e-01 0.000000000000000e+00
5.339363423029820e-02 3.423376855986710e-01 0.000000000000000e+00
6.341751652202085e-02 3.423376855986710e-01 0.000000000000000e+00
7.344139881374349e-02 3.423376855986710e-01 0.000000000000000e+00
7.344139881374349e-02 3.512501191242125e-01 0.000000000000000e+00
7.344139881374349e-02 3.601625526497540e-01 0.000000000000000e+00
6.341751652202085e-02 3.609052554435495e-01 0.000000000000000e+00
1.261595945702110e-01 3.549636330931885e-01 0.000000000000000e+00
1.261595945702110e-01 3.638760666187300e-01 0.000000000000000e+00
1.261595945702110e-01 3.460511995676470e-01 0.000000000000000e+00
1.339559474637730e-01 3.460511995676470e-01 0.000000000000000e+00
1.417523003573350e-01 3.460511995676470e-01 0.000000000000000e+00
1.413810454576415e-01 3.560776872838810e-01 0.000000000000000e+00
1.410097905579480e-01 3.661041750001150e-01 0.000000000000000e+00
1.335846925640795e-01 3.649901208094225e-01 0.000000000000000e+00
4.720605256874103e-02 2.574219995080936e-01 0.000000000000000e+00
4.695854930227877e-02 2.490047011784153e-01 0.000000000000000e+00
4.745355583520330e-02 2.658392978377720e-01 0.000000000000000e+00
4.671104603581650e-02 2.405874028487370e-01 0.000000000000000e+00
5.661117669430797e-02 2.403398352508053e-01 0.000000000000000e+00
6.651130735279943e-02 2.400922676528737e-01 0.000000000000000e+00
7.641143801129090e-02 2.398447000549420e-01 0.000000000000000e+00
7.641143801129091e-02 2.472717279928934e-01 0.000000000000000e+00
7.641143801129090e-02 2.546987559308447e-01 0.000000000000000e+00
7.641143801129090e-02 2.621257838687960e-01 0.000000000000000e+00
6.675881061926170e-02 2.633636218584547e-01 0.000000000000000e+00
5.710618322723250e-02 2.646014598481133e-01 0.000000000000000e+00
1.293771370342203e-01 2.646014598481137e-01 0.000000000000000e+00
1.288821305012957e-01 2.544511883329134e-01 0.000000000000000e+00
1.298721435671450e-01 2.747517313633140e-01 0.000000000000000e+00
1.283871239683710e-01 2.443009168177130e-01 0.000000000000000e+00
1.391535160594805e-01 2.443009168177130e-01 0.000000000000000e+00
1.499199081505900e-01 2.443009168177130e-01 0.000000000000000e+00
1.501674114170523e-01 2.542036207349817e-01 0.000000000000000e+00
1.504149146835147e-01 2.641063246522503e-01 0.000000000000000e+00
1.506624179499770e-01 2.740090285695190e-01 0.000000000000000e+00
1.402672807585610e-01 2.743803799664165e-01 0.000000000000000e+00
5.339363423029820e-02 1.747344217989020e-01 0.000000000000000e+00
5.339363423029820e-02 1.660695558712920e-01 0.000000000000000e+00
5.339363423029820e-02 1.833992877265120e-01 0.000000000000000e+00
5.339363423029820e-02 1.574046899436820e-01 0.000000000000000e+00
6.378877142171427e-02 1.576522575416137e-01 0.000000000000000e+00
7.418390861313033e-02 1.578998251395453e-01 0.000000000000000e+00
8.457904580454639e-02 1.581473927374770e-01 0.000000000000000e+00
8.457904580454639e-02 1.673073938609503e-01 0.000000000000000e+00
8.457904580454639e-02 1.764673949844237e-01 0.000000000000000e+00
8.457904580454639e-02 1.856273961078970e-01 0.000000000000000e+00
7.418390861313033e-02 1.848846933141020e-01 0.000000000000000e+00
6.378877142171427e-02 1.841419905203070e-01 0.000000000000000e+00
1.306146533665320e-01 1.774576653761510e-01 0.000000000000000e+00
1.306146533665320e-01 1.670598262630190e-01 0.000000000000000e+00
1.306146533665320e-01 1.878555044892830e-01 0.000000000000000e+00
1.306146533665320e-01 1.566619871498870e-01 0.000000000000000e+00
1.395247709591743e-01 1.561668519540237e-01 0.000000000000000e+00
1.484348885518167e-01 1.556717167581603e-01 0.000000000000000e+00
1.573450061444590e-01 1.551765815622970e-01 0.000000000000000e+00
1.573450061444590e-01 1.660695558712924e-01 0.000000000000000e+00
1.573450061444590e-01 1.769625301802877e-01 0.000000000000000e+00
1.573450061444590e-01 1.878555044892830e-01 0.000000000000000e+00
1.484348885518167e-01 1.878555044892830e-01 0.000000000000000e+00
1.395247709591743e-01 1.878555044892830e-01 0.000000000000000e+00
6.067023026428942e-02 8.699646509190324e-02 0.000000000000000e+00
6.052172830441203e-02 7.748986933132550e-02 0.000000000000000e+00
6.037322634453466e-02 6.798327357074772e-02 0.000000000000000e+00
6.022472438465727e-02 5.847667781016996e-02 0.000000000000000e+00
6.081873222416680e-02 9.650306085248100e-02 0.000000000000000e+00
6.007622242477990e-02 4.897008204959220e-02 0.000000000000000e+00
7.084261451588940e-02 4.897008204959220e-02 0.000000000000000e+00
8.160900660699889e-02 4.897008204959220e-02 0.000000000000000e+00
8.116350072736678e-02 5.921938060396517e-02 0.000000000000000e+00
8.071799484773465e-02 6.946867915833813e-02 0.000000000000000e+00
8.027248896810255e-02 7.971797771271108e-02 0.000000000000000e+00
7.982698308847042e-02 8.996727626708405e-02 0.000000000000000e+00
7.938147720883830e-02 1.002165748214570e-01 0.000000000000000e+00
7.010010471650255e-02 9.835981783696901e-02 0.000000000000000e+00
1.353172154293153e-01 7.620251782208054e-02 0.000000000000000e+00
1.348222088963907e-01 6.481440831722177e-02 0.000000000000000e+00
1.358122219622400e-01 8.759062732693930e-02 0.000000000000000e+00
1.343272023634660e-01 5.342629881236300e-02 0.000000000000000e+00
1.432373199561083e-01 5.293116361649961e-02 0.000000000000000e+00
1.521474375487507e-01 5.243602842063620e-02 0.000000000000000e+00
1.610575551413930e-01 5.194089322477280e-02 0.000000000000000e+00
1.613050584078553e-01 6.308143513169984e-02 0.000000000000000e+00
1.615525616743177e-01 7.422197703862687e-02 0.000000000000000e+00
1.618000649407800e-01 8.536251894555390e-02 0.000000000000000e+00
1.531374506146000e-01 8.610522173934904e-02 0.000000000000000e+00
1.444748362884200e-01 8.684792453314416e-02 0.000000000000000e+00
5.406860018230191e-02 4.407307384463299e-02 0.000000000000000e+00
4.806097793982392e-02 3.917606563967377e-02 0.000000000000000e+00
4.205335569734593e-02 3.427905743471454e-02 0.000000000000000e+00
3.604573345486794e-02 2.938204922975532e-02 0.000000000000000e+00
3.003811121238995e-02 2.448504102479610e-02 0.000000000000000e+00
2.403048896991195e-02 1.958803281983688e-02 0.000000000000000e+00
1.802286672743397e-02 1.469102461487766e-02 0.000000000000000e+00
1.201524448495598e-02 9.794016409918439e-03 0.000000000000000e+00
6.007622242477995e-03 4.897008204959225e-03 0.000000000000000e+00
9.039537256641006e-02 4.971278484338734e-02 0.000000000000000e+00
9.918173852582127e-02 5.045548763718247e-02 0.000000000000000e+00
1.079681044852325e-01 5.119819043097761e-02 0.000000000000000e+00
1.167544704446436e-01 5.194089322477274e-02 0.000000000000000e+00
1.255408364040548e-01 5.268359601856787e-02 0.000000000000000e+00
1.699517996272537e-01 4.674680390229552e-02 0.000000000000000e+00
1.788460441131144e-01 4.155271457981824e-02 0.000000000000000e+00
1.877402885989751e-01 3.635862525734096e-02 0.000000000000000e+00
1.966345330848358e-01 3.116453593486368e-02 0.000000000000000e+00
2.055287775706965e-01 2.597044661238640e-02 0.000000000000000e+00
2.144230220565572e-01 2.077635728990912e-02 0.000000000000000e+00
2.233172665424179e-01 1.558226796743184e-02 0.000000000000000e+00
2.322115110282786e-01 1.038817864495456e-02 0.000000000000000e+00
2.411057555141393e-01 5.194089322477279e-03 0.000000000000000e+00
1.610575551413932e-01 9.699819604834442e-02 0.000000000000000e+00
1.603150453420064e-01 1.086338731511349e-01 0.000000000000000e+00
1.595725355426195e-01 1.202695502539254e-01 0.000000000000000e+00
1.588300257432327e-01 1.319052273567160e-01 0.000000000000000e+00
1.580875159438459e-01 1.435409044595065e-01 0.000000000000000e+00
1.561074898121475e-01 1.972630732106880e-01 0.000000000000000e+00
1.548699734798360e-01 2.066706419320930e-01 0.000000000000000e+00
1.536324571475245e-01 2.160782106534980e-01 0.000000000000000e+00
1.523949408152130e-01 2.254857793749030e-01 0.000000000000000e+00
1.511574244829015e-01 2.348933480963080e-01 0.000000000000000e+00
1.491773983512033e-01 2.860160570692070e-01 0.000000000000000e+00
1.476923787524297e-01 2.980230855688950e-01 0.000000000000000e+00
1.462073591536560e-01 3.100301140685830e-01 0.000000000000000e+00
1.447223395548823e-01 3.220371425682710e-01 0.000000000000000e+00
1.432373199561087e-01 3.340441710679590e-01 0.000000000000000e+00
1.422473068902593e-01 3.755117437215202e-01 0.000000000000000e+00
1.434848232225707e-01 3.849193124429253e-01 0.000000000000000e+00
1.447223395548820e-01 3.943268811643305e-01 0.000000000000000e+00
1.459598558871933e-01 4.037344498857356e-01 0.000000000000000e+00
1.471973722195047e-01 4.131420186071408e-01 0.000000000000000e+00
1.162594639117193e-01 4.444593197455025e-01 0.000000000000000e+00
1.071018430526146e-01 4.448306711424000e-01 0.000000000000000e+00
9.794422219350994e-02 4.452020225392975e-01 0.000000000000000e+00
8.878660133440526e-02 4.455733739361950e-01 0.000000000000000e+00
7.962898047530058e-02 4.459447253330925e-01 0.000000000000000e+00
7.096636614912050e-02 4.109139102257557e-01 0.000000000000000e+00
7.146137268204510e-02 4.007636387105554e-01 0.000000000000000e+00
7.195637921496970e-02 3.906133671953550e-01 0.000000000000000e+00
7.245138574789430e-02 3.804630956801547e-01 0.000000000000000e+00
7.294639228081890e-02 3.703128241649543e-01 0.000000000000000e+00
7.393640534666807e-02 3.289690353103585e-01 0.000000000000000e+00
7.443141187959262e-02 3.156003850220460e-01 0.000000000000000e+00
7.492641841251720e-02 3.022317347337335e-01 0.000000000000000e+00
7.542142494544177e-02 2.888630844454210e-01 0.000000000000000e+00
7.591643147836634e-02 2.754944341571085e-01 0.000000000000000e+00
7.777270597683347e-02 2.308084827304345e-01 0.000000000000000e+00
7.913397394237606e-02 2.217722654059270e-01 0.000000000000000e+00
8.049524190791865e-02 2.127360480814195e-01 0.000000000000000e+00
8.185650987346123e-02 2.036998307569120e-01 0.000000000000000e+00
8.321777783900380e-02 1.946636134324045e-01 0.000000000000000e+00
8.371278437192838e-02 1.484922564181403e-01 0.000000000000000e+00
8.284652293931036e-02 1.388371200988037e-01 0.000000000000000e+00
8.198026150669235e-02 1.291819837794670e-01 0.000000000000000e+00
8.111400007407432e-02 1.195268474601303e-01 0.000000000000000e+00
8.024773864145632e-02 1.098717111407937e-01 0.000000000000000e+00
1.623440433451438e-01 4.009671585981026e-02 0.000000000000000e+00
1.543881810529307e-01 3.842627763152733e-02 0.000000000000000e+00
1.555152151963800e-01 4.545185716784328e-02 0.000000000000000e+00
1.959992262019367e-02 7.708670684179000e-03 0.000000000000000e+00
2.216378286958871e-01 7.294492662667228e-03 0.000000000000000e+00
2.121841754325487e-01 1.050201670094974e-02 0.000000000000000e+00
2.029171418499550e-01 1.182353696548410e-02 0.000000000000000e+00
1.982351546965649e-01 2.034079214510720e-02 0.000000000000000e+00
1.945111305292346e-01 1.046638006193853e-02 0.000000000000000e+00
1.902169622852646e-01 1.877196618781046e-02 0.000000000000000e+00
1.837119201206225e-01 2.455048883279362e-02 0.000000000000000e+00
1.833025434170221e-01 1.207316879878789e-02 0.000000000000000e+00
1.728159955204492e-01 2.153873801959540e-02 0.000000000000000e+00
2.946191599342849e-02 1.666846161972734e-02 0.000000000000000e+00
2.377414110929604e-02 1.328718553949454e-02 0.000000000000000e+00
2.807299768519028e-02 8.479797540783353e-03 0.000000000000000e+00
3.665232468048309e-02 1.311791015654828e-02 0.000000000000000e+00
3.420343230329963e-02 2.105280263690490e-02 0.000000000000000e+00
3.901050091991214e-02 2.137933035790358e-02 0.000000000000000e+00
4.560506427338925e-02 1.800044118832125e-02 0.000000000000000e+00
1.913240626628786e-01 2.642900110042508e-02 0.000000000000000e+00
1.705573404263348e-01 9.621472692431451e-03 0.000000000000000e+00
1.645350956932266e-01 2.449811330093888e-02 0.000000000000000e+00
1.611593759271644e-01 1.757554608916054e-02 0.000000000000000e+00
1.455890256844718e-01 2.709755560440186e-02 0.000000000000000e+00
1.412711228570804e-01 1.712794051101881e-02 0.000000000000000e+00
1.358723021170684e-01 2.635059113338638e-02 0.000000000000000e+00
4.232646921283941e-02 2.603264832467661e-02 0.000000000000000e+00
4.369281244303479e-02 7.860730470455463e-03 0.000000000000000e+00
5.467222507358913e-02 3.762197305437306e-02 0.000000000000000e+00
5.904617552322938e-02 4.181181538590000e-02 0.000000000000000e+00
4.866901583948246e-02 2.680990902299744e-02 0.000000000000000e+00
5.691992562770081e-02 2.050314184905386e-02 0.000000000000000e+00
6.482149098754554e-02 2.730802819912284e-02 0.000000000000000e+00
6.180926520266785e-02 3.590442764058786e-02 0.000000000000000e+00
7.139425779336713e-02 3.639543784971065e-02 0.000000000000000e+00
6.460456473280814e-02 4.248952034031392e-02 0.000000000000000e+00
9.642158283911574e-02 4.397627137583426e-02 0.000000000000000e+00
6.645661239220282e-02 9.118689970942473e-03 0.000000000000000e+00
7.414051422549368e-02 1.491012674942313e-02 0.000000000000000e+00
7.769786219383876e-02 7.641644557232466e-03 0.000000000000000e+00
7.613758545836098e-02 2.426759993790045e-02 0.000000000000000e+00
8.314624236560020e-02 1.579864992765589e-02 0.000000000000000e+00
5.614536081579247e-02 3.025210438402488e-02 0.000000000000000e+00
1.066442815767355e-01 2.263858799718471e-02 0.000000000000000e+00
1.028726298278939e-01 3.157024412705076e-02 0.000000000000000e+00
1.118539777401122e-01 3.405668065355792e-02 0.000000000000000e+00
8.707455902713525e-02 7.593950141754079e-03 0.000000000000000e+00
9.528291676691596e-02 1.535529587328195e-02 0.000000000000000e+00
1.104873768819925e-01 4.421425724588168e-02 0.000000000000000e+00
1.194942017737673e-01 4.181975374734021e-02 0.000000000000000e+00
1.176331612545700e-01 2.553902332326680e-02 0.000000000000000e+00
1.226582541749739e-01 3.345174640928485e-02 0.000000000000000e+00
1.296289722087505e-01 4.043998618288400e-02 0.000000000000000e+00
1.311553007754323e-01 3.237758324277842e-02 0.000000000000000e+00
1.244358063270757e-01 4.690015876930612e-02 0.000000000000000e+00
1.060606940633639e-01 1.009902740653256e-02 0.000000000000000e+00
1.144778330673034e-01 7.318106846163961e-03 0.000000000000000e+00
1.476589777548472e-01 4.376896194013338e-02 0.000000000000000e+00
1.518210798723167e-01 1.124468354314529e-02 0.000000000000000e+00
1.513513914131131e-01 2.039812344689851e-02 0.000000000000000e+00
1.488575188493648e-01 3.480634736407182e-02 0.000000000000000e+00
1.397350570300419e-01 3.579405015753045e-02 0.000000000000000e+00
1.375580133528960e-01 4.566283756372937e-02 0.000000000000000e+00
1.244282161555215e-01 1.030443911268878e-02 0.000000000000000e+00
1.340016421387890e-01 1.043763991042475e-02 0.000000000000000e+00
1.424223831626243e-01 6.400776396664349e-03 0.000000000000000e+00
1.711724663445918e-01 3.841592467801461e-02 0.000000000000000e+00
1.302981661312486e-01 4.782257546937007e-02 0.000000000000000e+00
1.031879386908526e-01 3.916315172489642e-02 0.000000000000000e+00
1.035059236437929e-01 4.598536924746959e-02 0.000000000000000e+00
1.569163527245323e-01 2.894489148676604e-02 0.000000000000000e+00
1.674067333289250e-01 3.075036292745219e-02 0.000000000000000e+00
1.773338301696875e-01 3.234261735836042e-02 0.000000000000000e+00
7.881749420244620e-02 4.234263367993565e-02 0.000000000000000e+00
6.109472404668841e-02 1.436212468188200e-02 0.000000000000000e+00
6.659323782548553e-02 1.811882213874944e-02 0.000000000000000e+00
1.230794092966095e-01 1.938912829632244e-02 0.000000000000000e+00
1.153872659023507e-01 1.588138549702654e-02 0.000000000000000e+00
9.751787323420950e-02 2.585777472457105e-02 0.000000000000000e+00
9.424552147764552e-02 3.470146331899455e-02 0.000000000000000e+00
4.998024216376903e-02 3.336514653801421e-02 0.000000000000000e+00
5.440912034136445e-02 9.707844768782208e-03 0.000000000000000e+00
1.268657468152513e-01 2.606137118196958e-02 0.000000000000000e+00
8.286719334316720e-02 3.451631850721590e-02 0.000000000000000e+00
8.744433836694240e-02 4.247505822867382e-02 0.000000000000000e+00
8.854401652185658e-02 2.502328230634330e-02 0.000000000000000e+00
1.609861071834423e-01 7.358468566263529e-03 0.000000000000000e+00
2.068102022163263e-01 1.820442864378943e-02 0.000000000000000e+00
1.309341075663378e-01 1.835504353175179e-02 0.000000000000000e+00
1.443890570853930e-01 1.505049441717347e-01 0.000000000000000e+00
1.374691028949039e-01 1.473000414090543e-01 0.000000000000000e+00
1.427384142346763e-01 2.801879946564003e-01 0.000000000000000e+00
1.537358648670768e-01 9.389275937384439e-02 0.000000000000000e+00
1.471968747148772e-01 1.941168560281029e-01 0.000000000000000e+00
1.409164342635410e-01 4.145819924657056e-01 0.000000000000000e+00
8.835121186079878e-02 5.696353815058139e-02 0.000000000000000e+00
7.487828064902155e-02 4.419301532061615e-01 0.000000000000000e+00
1.178188907360898e-01 4.363797592644378e-01 0.000000000000000e+00
1.506926916819147e-01 1.496978020224842e-01 0.000000000000000e+00
1.352874407373726e-01 3.381124611709632e-01 0.000000000000000e+00
1.297090597172464e-01 5.827726801279028e-02 0.000000000000000e+00
1.251208383133212e-01 6.161061185212652e-02 0.000000000000000e+00
1.422993589575071e-01 2.369082903659050e-01 0.000000000000000e+00
1.286941746055919e-01 3.699647927576618e-01 0.000000000000000e+00
1.355456405591355e-01 3.706902150889773e-01 0.000000000000000e+00
1.395273462664707e-01 9.534839635902587e-02 0.000000000000000e+00
1.474348444660500e-01 9.222325391319765e-02 0.000000000000000e+00
1.406933120896691e-01 1.066267853844095e-01 0.000000000000000e+00
1.319135323358680e-01 1.022157476949429e-01 0.000000000000000e+00
1.388787342087967e-01 3.029184005922334e-01 0.000000000000000e+00
1.412288874600340e-01 2.938600132115385e-01 0.000000000000000e+00
1.327603981221214e-01 2.959878724358391e-01 0.000000000000000e+00
1.356749896890382e-01 2.804461211885389e-01 0.000000000000000e+00
1.274974547454367e-01 2.861460730844547e-01 0.000000000000000e+00
1.381795904337516e-01 2.871073552743297e-01 0.000000000000000e+00
1.240298459214163e-01 4.017660900843371e-01 0.000000000000000e+00
1.361842509471065e-01 3.987166366723534e-01 0.000000000000000e+00
1.298487997547255e-01 3.920205225205130e-01 0.000000000000000e+00
1.341858544997660e-01 4.082701918032582e-01 0.000000000000000e+00
1.379602372725950e-01 3.909145610176158e-01 0.000000000000000e+00
1.176346512102817e-01 8.218172920758055e-02 0.000000000000000e+00
1.063045410154319e-01 8.333042988391101e-02 0.000000000000000e+00
1.128273939161663e-01 9.293236789218196e-02 0.000000000000000e+00
1.304255406261112e-01 3.200677353706845e-01 0.000000000000000e+00
1.360325488006779e-01 3.294749637492080e-01 0.000000000000000e+00
1.314821434539514e-01 1.970479878133166e-01 0.000000000000000e+00
1.378527411718416e-01 1.938108921689279e-01 0.000000000000000e+00
1.191682692237657e-01 2.101728304988769e-01 0.000000000000000e+00
1.303955776026230e-01 2.069788867469031e-01 0.000000000000000e+00
1.235051934541852e-01 1.995703490237000e-01 0.000000000000000e+00
1.174582871961413e-01 2.240593006783128e-01 0.000000000000000e+00
1.099854499316716e-01 2.169803799461683e-01 0.000000000000000e+00
8.845170101928201e-02 6.700249124848944e-02 0.000000000000000e+00
9.935041175778653e-02 7.085970564145785e-02 0.000000000000000e+00
9.111692479604992e-02 7.599573701121692e-02 0.000000000000000e+00
8.538207201058605e-02 7.520346142626226e-02 0.000000000000000e+00
1.007430054986640e-01 9.484522417609466e-02 0.000000000000000e+00
9.089162059368322e-02 4.377159723280860e-01 0.000000000000000e+00
8.482365521802190e-02 4.397090605520161e-01 0.000000000000000e+00
9.726703774676973e-02 4.315124606171527e-01 0.000000000000000e+00
9.792289690114636e-02 4.402272461643825e-01 0.000000000000000e+00
7.851831800297901e-02 4.378796693220574e-01 0.000000000000000e+00
7.607798563456619e-02 4.301877052601915e-01 0.000000000000000e+00
8.541018404245251e-02 4.319425212463605e-01 0.000000000000000e+00
1.240063750054305e-01 7.205241480601402e-02 0.000000000000000e+00
1.170401657928205e-01 6.414448260171765e-02 0.000000000000000e+00
1.196063840639842e-01 5.769150135644750e-02 0.000000000000000e+00
1.139393047458555e-01 5.751767197886137e-02 0.000000000000000e+00
1.002506098595089e-01 5.879463166898022e-02 0.000000000000000e+00
1.083273989425967e-01 6.261329228039134e-02 0.000000000000000e+00
8.676719112531729e-02 1.026911664531813e-01 0.000000000000000e+00
8.902089068603247e-02 9.366121200576644e-02 0.000000000000000e+00
9.297145314060976e-02 1.172455649183149e-01 0.000000000000000e+00
9.122604055700953e-02 1.090847147578612e-01 0.000000000000000e+00
8.674586612391572e-02 1.159365101319163e-01 0.000000000000000e+00
9.030797400140059e-02 1.326236660038727e-01 0.000000000000000e+00
8.860471506284337e-02 1.233639277520051e-01 0.000000000000000e+00
1.187860419015019e-01 4.281442991180742e-01 0.000000000000000e+00
1.014120724355581e-01 4.197293055367207e-01 0.000000000000000e+00
1.152135808592768e-01 4.203128260368750e-01 0.000000000000000e+00
1.113087791895331e-01 4.090932519141963e-01 0.000000000000000e+00
1.241896726847579e-01 4.131866014448637e-01 0.000000000000000e+00
1.110264246496351e-01 4.383941169202693e-01 0.000000000000000e+00
1.048388620044009e-01 4.371060997437458e-01 0.000000000000000e+00
8.832583882525161e-02 4.143009411204789e-01 0.000000000000000e+00
9.028874997080393e-02 4.016027176664163e-01 0.000000000000000e+00
7.958406282835646e-02 4.066969578400036e-01 0.000000000000000e+00
1.076968475842002e-01 3.923585458453823e-01 0.000000000000000e+00
1.187403073036030e-01 3.914948362718862e-01 0.000000000000000e+00
1.119823858630595e-01 3.859353760893398e-01 0.000000000000000e+00
1.056054179255841e-01 2.289879842464867e-01 0.000000000000000e+00
1.414391782589642e-01 2.226250668061400e-01 0.000000000000000e+00
1.445267542270121e-01 2.299277760037894e-01 0.000000000000000e+00
1.472997302847485e-01 2.095077831070143e-01 0.000000000000000e+00
1.465500792077563e-01 2.172236074900329e-01 0.000000000000000e+00
1.220105849212828e-01 3.753006001008616e-01 0.000000000000000e+00
1.318885222271408e-01 3.767245803879020e-01 0.000000000000000e+00
8.013479459929854e-02 3.965544264142094e-01 0.000000000000000e+00
1.031189370087415e-01 3.845816592165922e-01 0.000000000000000e+00
1.111045709544456e-01 3.773739656035493e-01 0.000000000000000e+00
7.986988218427840e-02 3.655369057785028e-01 0.000000000000000e+00
8.795659810599212e-02 3.595586851762752e-01 0.000000000000000e+00
7.937545035020498e-02 3.569462487583519e-01 0.000000000000000e+00
1.212908273305430e-01 3.486546922391370e-01 0.000000000000000e+00
1.171352626547813e-01 3.540146708890396e-01 0.000000000000000e+00
9.083547214931723e-02 3.408027700618367e-01 0.000000000000000e+00
9.954924770111395e-02 3.344247119969163e-01 0.000000000000000e+00
8.894577491262634e-02 3.287289320375197e-01 0.000000000000000e+00
1.003083884090515e-01 3.571445366052324e-01 0.000000000000000e+00
9.199939010782851e-02 3.501359008489530e-01 0.000000000000000e+00
8.262002419768799e-02 3.483376447050008e-01 0.000000000000000e+00
8.176958101643476e-02 3.377322512396844e-01 0.000000000000000e+00
9.894542358355067e-02 1.043999887015077e-01 0.000000000000000e+00
9.974596064911602e-02 1.132117303204376e-01 0.000000000000000e+00
1.519379250425180e-01 1.252270088696275e-01 0.000000000000000e+00
1.488707501265354e-01 1.341460250969434e-01 0.000000000000000e+00
1.378489701277333e-01 3.126375119146939e-01 0.000000000000000e+00
1.268507982444294e-01 3.323982686959344e-01 0.000000000000000e+00
1.197120836813114e-01 3.125403916810795e-01 0.000000000000000e+00
1.119602438697816e-01 3.058205989591996e-01 0.000000000000000e+00
1.072896997744878e-01 3.164274673357153e-01 0.000000000000000e+00
1.088655641247822e-01 3.284792885634447e-01 0.000000000000000e+00
1.101451784157705e-01 3.397619377765939e-01 0.000000000000000e+00
1.173406815089288e-01 3.331361126326706e-01 0.000000000000000e+00
8.649085111069031e-02 3.062424730884277e-01 0.000000000000000e+00
8.704751837006750e-02 2.844234290480384e-01 0.000000000000000e+00
1.203891425695275e-01 2.521509318655711e-01 0.000000000000000e+00
8.681159934205761e-02 2.712935936926418e-01 0.000000000000000e+00
1.200791843997365e-01 2.420317774038419e-01 0.000000000000000e+00
9.421889575399579e-02 2.633770715685703e-01 0.000000000000000e+00
1.008079679349077e-01 2.526203444787525e-01 0.000000000000000e+00
9.023372784755319e-02 2.522003559887131e-01 0.000000000000000e+00
8.397721468691827e-02 2.602474855452521e-01 0.000000000000000e+00
8.090535115594513e-02 2.670417838094240e-01 0.000000000000000e+00
1.106956403651094e-01 2.444428652202773e-01 0.000000000000000e+00
1.158922922836690e-01 2.346128846165967e-01 0.000000000000000e+00
8.248358482049628e-02 2.501371574757839e-01 0.000000000000000e+00
8.089919563206248e-02 2.431951258122296e-01 0.000000000000000e+00
8.696849473386191e-02 2.432094935847701e-01 0.000000000000000e+00
9.253643192021074e-02 2.167669320206280e-01 0.000000000000000e+00
9.018767918768017e-02 2.240571289615220e-01 0.000000000000000e+00
9.613612518568673e-02 2.237858972373663e-01 0.000000000000000e+00
1.007261785968767e-01 2.408193497802991e-01 0.000000000000000e+00
1.342488974234995e-01 2.377851046332129e-01 0.000000000000000e+00
1.362397901896643e-01 2.301065504142243e-01 0.000000000000000e+00
9.557589415203190e-02 2.077202896461509e-01 0.000000000000000e+00
8.920429385320310e-02 2.011891906145695e-01 0.000000000000000e+00
8.744430970008223e-02 2.100372502605828e-01 0.000000000000000e+00
8.543797399749011e-02 2.186994082849462e-01 0.000000000000000e+00
8.974536854640511e-02 1.934337236401719e-01 0.000000000000000e+00
9.443286571486567e-02 1.880521214386452e-01 0.000000000000000e+00
9.668731079162106e-02 1.695588218553562e-01 0.000000000000000e+00
1.071425350961555e-01 1.761864275871711e-01 0.000000000000000e+00
1.072820625186024e-01 1.646664207695408e-01 0.000000000000000e+00
1.175542724030375e-01 1.696268997591962e-01 0.000000000000000e+00
1.068497086872214e-01 1.900541632883473e-01 0.000000000000000e+00
1.161894982133744e-01 1.815023208156767e-01 0.000000000000000e+00
9.819040744169073e-02 1.591746554938421e-01 0.000000000000000e+00
9.096395527845717e-02 1.619630910314420e-01 0.000000000000000e+00
1.086576858453309e-01 1.427018913455458e-01 0.000000000000000e+00
9.930461077565675e-02 1.365255507737508e-01 0.000000000000000e+00
9.674299231973596e-02 1.483546732891697e-01 0.000000000000000e+00
1.159476801340704e-01 1.584994308784957e-01 0.000000000000000e+00
1.069861806513980e-01 1.536964486986325e-01 0.000000000000000e+00
9.083783704327172e-02 1.552264137940142e-01 0.000000000000000e+00
1.352822283582010e-01 1.355357085014202e-01 0.000000000000000e+00
1.210118462222867e-01 1.383524306441391e-01 0.000000000000000e+00
1.278986721539887e-01 1.458758439536837e-01 0.000000000000000e+00
9.056279286501920e-02 1.409824114138152e-01 0.000000000000000e+00
1.520461649159070e-01 1.034787808467425e-01 0.000000000000000e+00
1.458238313391555e-01 1.436883087149511e-01 0.000000000000000e+00
1.282393636143687e-01 1.138991574195926e-01 0.000000000000000e+00
1.177158560518744e-01 1.203287816163145e-01 0.000000000000000e+00
1.243050705290978e-01 1.272492947008959e-01 0.000000000000000e+00
8.779746038889920e-02 3.723485026106184e-01 0.000000000000000e+00
9.928816789669130e-02 3.754985195175485e-01 0.000000000000000e+00
9.596054747687204e-02 3.665414913394378e-01 0.000000000000000e+00
9.761686416115323e-02 2.774266016767089e-01 0.000000000000000e+00
9.541495724432067e-02 2.864791086470970e-01 0.000000000000000e+00
8.346090715922892e-02 3.189411308171267e-01 0.000000000000000e+00
1.001288149602118e-01 3.454571795429463e-01 0.000000000000000e+00
9.439561083133578e-02 3.162266526046464e-01 0.000000000000000e+00
1.110215363122897e-01 1.298597209607473e-01 0.000000000000000e+00
1.219998035319311e-01 9.058486367880675e-02 0.000000000000000e+00
1.276420605999685e-01 8.350240881395628e-02 0.000000000000000e+00
1.155362930601365e-01 2.883705429172470e-01 0.000000000000000e+00
1.033089916048239e-01 2.894484962219353e-01 0.000000000000000e+00
1.106504127751029e-01 2.974510973857734e-01 0.000000000000000e+00
1.200273359197330e-01 2.774237267020084e-01 0.000000000000000e+00
1.228903964412585e-01 2.681614686541906e-01 0.000000000000000e+00
1.146466188039409e-01 2.683057015148728e-01 0.000000000000000e+00
7.883711833051781e-02 3.736306336987301e-01 0.000000000000000e+00
1.149577267080385e-01 1.992519464213082e-01 0.000000000000000e+00
1.186472524021306e-01 1.911876874433798e-01 0.000000000000000e+00
1.238524315496845e-01 1.760010509399683e-01 0.000000000000000e+00
1.242890803989465e-01 1.843585424857983e-01 0.000000000000000e+00
1.496771700449642e-01 1.155776498105062e-01 0.000000000000000e+00
1.391666132566593e-01 1.169740456410298e-01 0.000000000000000e+00
1.432629743322594e-01 1.249789926794394e-01 0.000000000000000e+00
1.010770655399774e-01 2.164070824549283e-01 0.000000000000000e+00
1.048195089004316e-01 2.664735104578104e-01 0.000000000000000e+00
1.117557394617018e-01 2.578518818201985e-01 0.000000000000000e+00
1.096359895123409e-01 4.298740736156002e-01 0.000000000000000e+00
1.325656984751728e-01 4.163439648164002e-01 0.000000000000000e+00
1.086184837143705e-01 1.179468483443543e-01 0.000000000000000e+00
1.169708691113352e-01 1.119044558276466e-01 0.000000000000000e+00
1.086142964454062e-01 1.053725389407571e-01 0.000000000000000e+00
9.443440706592778e-02 5.551884562744639e-02 0.000000000000000e+00
1.056991622836269e-01 3.676859230766175e-01 0.000000000000000e+00
1.209218719199711e-01 3.410446850754700e-01 0.000000000000000e+00
1.288685829417024e-01 3.405687680273535e-01 0.000000000000000e+00
9.963029635013501e-02 3.245831155364568e-01 0.000000000000000e+00
9.314522069942505e-02 2.944751443520710e-01 0.000000000000000e+00
1.012226883205468e-01 3.035857827342504e-01 0.000000000000000e+00
1.026816051646362e-01 4.004825583729232e-01 0.000000000000000e+00
1.128598051829578e-01 3.991078678383505e-01 0.000000000000000e+00
9.099969440151379e-02 3.834395635638325e-01 0.000000000000000e+00
8.765991833573314e-02 3.923717775354534e-01 0.000000000000000e+00
9.679804498220350e-02 3.925489772832022e-01 0.000000000000000e+00
1.238485693530544e-01 1.611109474654543e-01 0.000000000000000e+00
9.767336138598393e-02 1.801982910269094e-01 0.000000000000000e+00
9.077651412870012e-02 1.749901240689981e-01 0.000000000000000e+00
8.213762110419640e-02 3.794439043221409e-01 0.000000000000000e+00
8.060244665215691e-02 3.873377260573690e-01 0.000000000000000e+00
8.336232337244476e-02 2.953146963850689e-01 0.000000000000000e+00
1.180574344372277e-01 3.828496627826132e-01 0.000000000000000e+00
1.114112997108907e-01 3.600508031797194e-01 0.000000000000000e+00
1.090029062179382e-01 3.505817730726779e-01 0.000000000000000e+00
1.300313223816300e-01 3.071400651955198e-01 0.000000000000000e+00
1.209263347974592e-01 2.990982556591795e-01 0.000000000000000e+00
9.247216906267364e-02 2.335935272582329e-01 0.000000000000000e+00
8.435569577233960e-02 2.274398800064366e-01 0.000000000000000e+00
8.287636712604524e-02 2.361842490320450e-01 0.000000000000000e+00
1.256229315317736e-01 2.335424955340646e-01 0.000000000000000e+00
1.491174121136814e-01 2.018860203851291e-01 0.000000000000000e+00
1.297403087191200e-01 2.199970773972118e-01 0.000000000000000e+00
1.171946414746193e-01 1.487002587081435e-01 0.000000000000000e+00
9.553170614408746e-02 8.383528208956369e-02 0.000000000000000e+00
1.353920774745598e-01 3.841174127029571e-01 0.000000000000000e+00
1.216680657952829e-01 1.012794214659417e-01 0.000000000000000e+00
1.297517631714570e-01 9.346872297283382e-02 0.000000000000000e+00
9.853468331016417e-02 1.246309416293541e-01 0.000000000000000e+00
1.391831963950198e-01 2.130096101566786e-01 0.000000000000000e+00
1.095765049730821e-01 2.783511958403995e-01 0.000000000000000e+00
1.404452633646731e-01 2.021786080246541e-01 0.000000000000000e+00
1.257135825425301e-01 1.922060941950245e-01 0.000000000000000e+00
1.339602462020351e-01 1.237876429112010e-01 0.000000000000000e+00
9.738590300823431e-02 1.975804359511947e-01 0.000000000000000e+00
1.066182097728897e-01 2.052747018522370e-01 0.000000000000000e+00
1.245115874950999e-01 1.537065932766734e-01 0.000000000000000e+00
9.040816656772850e-02 1.810670655253747e-01 0.000000000000000e+00
9.404969769610860e-02 2.444520276977461e-01 0.000000000000000e+00
8.686873304850754e-02 8.307774465031140e-02 0.000000000000000e+00
1.118852969236704e-01 7.263825008962865e-02 0.000000000000000e+00
1.188102271274385e-01 2.615724256146292e-01 0.000000000000000e+00
1.184404717630096e-01 3.239667418841352e-01 0.000000000000000e+00
1.226270259179299e-01 3.679262674067417e-01 0.000000000000000e+00
1.200160426314666e-01 3.616510066013848e-01 0.000000000000000e+00
8.112533291337795e-02 4.228596007808292e-01 0.000000000000000e+00
9.075763873780604e-02 4.239920056851730e-01 0.000000000000000e+00
9.877487207812845e-02 4.090675140853035e-01 0.000000000000000e+00
7.809459206646048e-02 4.151671183416047e-01 0.000000000000000e+00
9.348170373347411e-02 1.008250816774352e-01 0.000000000000000e+00
1.156020300366676e-01 3.684023020534695e-01 0.000000000000000e+00
1.320037573739398e-01 1.519422635486644e-01 0.000000000000000e+00
1.261003362699761e-01 3.838626297140935e-01 0.000000000000000e+00
1.157974404282126e-01 3.467418165889540e-01 0.000000000000000e+00
1.466109135515910e-01 9.846571268771368e-02 0.000000000000000e+00
1.241139521630394e-01 2.604054678494248e-01 0.000000000000000e+00
9.399310251709991e-02 6.166778583710053e-02 0.000000000000000e+00
1.869259863155585e-01 6.782883809499878e-02 0.000000000000000e+00
1.960945584692941e-01 5.736556223978240e-02 0.000000000000000e+00
1.962983022895206e-01 6.915236495409927e-02 0.000000000000000e+00
6.530187179753895e-02 2.712920326366724e-01 0.000000000000000e+00
6.895501210688768e-02 3.655881919709176e-01 0.000000000000000e+00
7.638875473690965e-02 1.504398483204288e-01 0.000000000000000e+00
7.898002278419665e-02 1.897828014894794e-01 0.000000000000000e+00
8.111291879972126e-03 4.878367921233466e-01 0.000000000000000e+00
2.417866526955053e-01 4.919979214251251e-01 0.000000000000000e+00
6.541761474887972e-02 3.332502995471249e-01 0.000000000000000e+00
6.257782479957902e-02 4.122627527837139e-01 0.000000000000000e+00
6.891769076623915e-03 1.549442061590121e-02 0.000000000000000e+00
1.710092669520863e-02 2.138819274746883e-02 0.000000000000000e+00
1.305771402999454e-02 1.657860313629105e-02 0.000000000000000e+00
6.968131495039762e-02 2.319223915210318e-01 0.000000000000000e+00
6.162065195773823e-02 2.310652687472066e-01 0.000000000000000e+00
7.409534349961347e-02 1.063565715398984e-01 0.000000000000000e+00
7.262184034825370e-02 1.154970698121363e-01 0.000000000000000e+00
6.812555658301649e-02 1.078376840881361e-01 0.000000000000000e+00
1.474526857861228e-02 2.942388425082481e-02 0.000000000000000e+00
1.161952676560427e-02 2.160672858523335e-02 0.000000000000000e+00
2.403619018998832e-01 1.443096320712172e-02 0.000000000000000e+00
2.374730639415011e-01 2.265019606934819e-02 0.000000000000000e+00
6.608618780450322e-02 2.832223111386198e-01 0.000000000000000e+00
6.593524453361987e-02 2.958736864366697e-01 0.000000000000000e+00
5.689857675548988e-02 3.045564646154664e-01 0.000000000000000e+00
5.445126161000778e-02 2.888669290632391e-01 0.000000000000000e+00
4.473080769652396e-02 3.424495353636694e-01 0.000000000000000e+00
4.873376082466809e-02 3.374026533727978e-01 0.000000000000000e+00
4.491726039980110e-02 3.221342850118240e-01 0.000000000000000e+00
4.586898862004116e-02 3.094909791270597e-01 0.000000000000000e+00
5.356183739083049e-02 3.153560355259314e-01 0.000000000000000e+00
7.460956376083459e-02 2.076743786688410e-01 0.000000000000000e+00
7.623419936489737e-02 2.004970984753758e-01 0.000000000000000e+00
6.737502337836135e-02 2.124243478553499e-01 0.000000000000000e+00
6.763155576777760e-02 2.015375648496591e-01 0.000000000000000e+00
7.426263236073075e-02 1.938083391801429e-01 0.000000000000000e+00
6.571054235190610e-02 1.917261887835713e-01 0.000000000000000e+00
1.964360029460772e-02 3.748400224755975e-02 0.000000000000000e+00
2.930701998726057e-02 4.011341459786915e-02 0.000000000000000e+00
1.918013001684863e-02 4.700938517462990e-02 0.000000000000000e+00
2.207456780084978e-02 2.528298394546300e-02 0.000000000000000e+00
2.445804354812610e-02 3.152976888438839e-02 0.000000000000000e+00
3.103061974220678e-02 3.205606592702785e-02 0.000000000000000e+00
6.385409908142628e-03 3.314195010803867e-02 0.000000000000000e+00
1.125891773370833e-02 3.946027149673284e-02 0.000000000000000e+00
2.908646291953587e-02 5.037408299431225e-02 0.000000000000000e+00
3.592722504014356e-02 5.806378950261784e-02 0.000000000000000e+00
2.396204041339244e-02 5.921012623627944e-02 0.000000000000000e+00
3.856807631444816e-02 4.015901534966714e-02 0.000000000000000e+00
3.565647668071722e-02 3.513525025335993e-02 0.000000000000000e+00
4.887988004214378e-02 4.636304671056676e-02 0.000000000000000e+00
4.354570574179015e-02 4.433838535090399e-02 0.000000000000000e+00
1.710979826382410e-01 5.635394282595112e-02 0.000000000000000e+00
1.788149843103765e-01 4.979711436128183e-02 0.000000000000000e+00
1.823170854887685e-01 5.826775709567587e-02 0.000000000000000e+00
2.316702872093421e-01 3.252886979505498e-02 0.000000000000000e+00
2.422955557652967e-01 2.867519887471386e-02 0.000000000000000e+00
2.423344276756402e-01 3.717652034590081e-02 0.000000000000000e+00
2.137605850279118e-01 4.929794296149555e-01 0.000000000000000e+00
2.247061727834880e-01 4.863170410548423e-01 0.000000000000000e+00
2.436451407583348e-01 4.847386156231774e-01 0.000000000000000e+00
2.418862611530261e-01 4.771835673374507e-01 0.000000000000000e+00
2.209523491796008e-01 4.754803090578410e-01 0.000000000000000e+00
2.316559762116546e-01 4.747258793994604e-01 0.000000000000000e+00
2.442489909910244e-01 4.548616044994324e-02 0.000000000000000e+00
2.323994281252916e-01 1.718213598678230e-02 0.000000000000000e+00
2.292273709029559e-01 2.270420944915480e-02 0.000000000000000e+00
2.365591492862067e-01 4.515796061221055e-02 0.000000000000000e+00
2.426385933022823e-01 5.360704657512105e-02 0.000000000000000e+00
2.218748962559495e-01 6.147250011288364e-02 0.000000000000000e+00
2.273509063643119e-01 7.411502286870683e-02 0.000000000000000e+00
2.161663535988928e-01 6.686807029349326e-02 0.000000000000000e+00
2.323541987043308e-01 5.767738425295160e-02 0.000000000000000e+00
2.428335958293304e-01 6.253330574918671e-02 0.000000000000000e+00
2.386812130038249e-01 6.874527998708926e-02 0.000000000000000e+00
2.429689818727286e-01 8.650839013029441e-02 0.000000000000000e+00
2.198294738896455e-01 3.539647385367904e-02 0.000000000000000e+00
2.141847591256292e-01 2.869114968541199e-02 0.000000000000000e+00
2.219443639894744e-01 2.580994412744962e-02 0.000000000000000e+00
2.408673641211516e-01 7.797211563602979e-02 0.000000000000000e+00
2.403370087654173e-01 4.694784259771219e-01 0.000000000000000e+00
4.579632067015883e-02 3.659260948215714e-01 0.000000000000000e+00
5.672922822569528e-02 3.690432764225508e-01 0.000000000000000e+00
5.008010267445217e-02 3.769958064039779e-01 0.000000000000000e+00
6.601474081096749e-02 3.709721356254127e-01 0.000000000000000e+00
6.388433759612223e-02 3.955589574584435e-01 0.000000000000000e+00
5.635486260167139e-02 4.025966297089062e-01 0.000000000000000e+00
5.383102031163615e-02 4.132179884015088e-01 0.000000000000000e+00
4.455319648321322e-02 4.147918005368307e-01 0.000000000000000e+00
4.603769348618462e-02 3.969424270315160e-01 0.000000000000000e+00
3.783275816977375e-02 4.054949514352038e-01 0.000000000000000e+00
3.564885989542732e-02 3.929875818542200e-01 0.000000000000000e+00
2.022750846426230e-01 4.897869946787971e-01 0.000000000000000e+00
2.278220548972510e-01 4.445700228549110e-01 0.000000000000000e+00
2.357799168277959e-01 4.378038307837463e-01 0.000000000000000e+00
2.371753619764810e-01 4.501807611202834e-01 0.000000000000000e+00
7.028817901485514e-02 1.439745794344954e-01 0.000000000000000e+00
6.920905113700536e-02 1.514306493352775e-01 0.000000000000000e+00
6.275472626153983e-02 1.474777285881238e-01 0.000000000000000e+00
6.292130561162951e-02 1.366287192427884e-01 0.000000000000000e+00
5.447309120236243e-02 1.441629092532971e-01 0.000000000000000e+00
5.640476249502856e-02 1.515156831807298e-01 0.000000000000000e+00
4.767179291587581e-02 1.587522559291257e-01 0.000000000000000e+00
4.442777095785737e-02 1.638445237066358e-01 0.000000000000000e+00
7.366121162660314e-02 1.347133041756654e-01 0.000000000000000e+00
5.344994987214820e-02 5.156890084846165e-02 0.000000000000000e+00
4.527416647465470e-02 5.265880786916144e-02 0.000000000000000e+00
5.176176582389253e-02 5.776592722420485e-02 0.000000000000000e+00
5.377990917366447e-02 6.381839483864193e-02 0.000000000000000e+00
3.902445873360916e-02 6.897511061548740e-02 0.000000000000000e+00
4.608007921433797e-02 6.230685475458926e-02 0.000000000000000e+00
1.349837368157566e-02 5.646746070373906e-02 0.000000000000000e+00
8.243566815654782e-03 6.171154223963997e-02 0.000000000000000e+00
5.991973064421569e-03 5.569508315631039e-02 0.000000000000000e+00
5.363059412270726e-02 9.483547530661114e-02 0.000000000000000e+00
8.343080530101358e-03 7.784899739098902e-02 0.000000000000000e+00
1.998610624285921e-02 7.915319328391499e-02 0.000000000000000e+00
1.278375776704502e-02 8.810027497931849e-02 0.000000000000000e+00
5.230147852341563e-02 8.072361938683745e-02 0.000000000000000e+00
4.878230874632193e-02 8.815142854745053e-02 0.000000000000000e+00
2.417997194295578e-02 6.949982735303334e-02 0.000000000000000e+00
1.519638619689469e-02 6.738629464169881e-02 0.000000000000000e+00
5.220332225408201e-02 1.058493575684490e-01 0.000000000000000e+00
4.567837712467612e-02 9.667706447277193e-02 0.000000000000000e+00
1.764300971600474e-02 1.327650819201952e-01 0.000000000000000e+00
1.308107869733218e-02 1.227368981703030e-01 0.000000000000000e+00
2.454827907534727e-02 1.233372097503031e-01 0.000000000000000e+00
2.151364324485323e-02 1.014387443396714e-01 0.000000000000000e+00
1.021808050771832e-02 1.050884372025768e-01 0.000000000000000e+00
1.458856204233665e-02 9.642579595665345e-02 0.000000000000000e+00
1.102701502652263e-02 4.690425816821259e-01 0.000000000000000e+00
7.030784359650555e-03 4.768025975580934e-01 0.000000000000000e+00
2.590904862496442e-02 4.558216332029702e-01 0.000000000000000e+00
2.094382217392594e-02 4.676334013991688e-01 0.000000000000000e+00
1.505150529184067e-02 4.595565065902141e-01 0.000000000000000e+00
2.165420096111832e-02 4.886894622412041e-01 0.000000000000000e+00
5.985872445565594e-02 2.200589760498651e-01 0.000000000000000e+00
5.157317949209374e-02 2.272678272877284e-01 0.000000000000000e+00
4.652505698063314e-02 2.338913997672972e-01 0.000000000000000e+00
7.035227339854643e-02 2.226713477709063e-01 0.000000000000000e+00
4.740181680189336e-02 2.133015982152049e-01 0.000000000000000e+00
3.924060262698653e-02 2.251956237032176e-01 0.000000000000000e+00
6.758425723575846e-02 1.254995242646228e-01 0.000000000000000e+00
6.156583282629850e-02 1.153317293561529e-01 0.000000000000000e+00
7.737949053792133e-02 1.432914216895067e-01 0.000000000000000e+00
1.581047735736658e-02 1.440369379575294e-01 0.000000000000000e+00
8.111956846572087e-03 1.381100758132804e-01 0.000000000000000e+00
7.724951920855278e-03 1.296897550495823e-01 0.000000000000000e+00
1.386729740456040e-02 1.549417610901656e-01 0.000000000000000e+00
7.493302085205922e-03 1.466584758707430e-01 0.000000000000000e+00
2.534310820502823e-02 1.724517275958317e-01 0.000000000000000e+00
1.446639352192042e-02 1.786745330445311e-01 0.000000000000000e+00
1.591570450635820e-02 1.664329443940220e-01 0.000000000000000e+00
2.611698743710353e-02 1.813387132932176e-01 0.000000000000000e+00
3.267204164712564e-02 1.776788368663342e-01 0.000000000000000e+00
3.564579573020043e-02 1.881084370240324e-01 0.000000000000000e+00
7.705328285655890e-03 1.614110323765266e-01 0.000000000000000e+00
4.854646824743286e-02 1.921214462705329e-01 0.000000000000000e+00
4.533456781076835e-02 1.839866506650456e-01 0.000000000000000e+00
5.149319247507160e-03 1.841604501670505e-01 0.000000000000000e+00
1.128020271561538e-02 1.911073096274558e-01 0.000000000000000e+00
2.245759808124294e-02 1.897800319353585e-01 0.000000000000000e+00
2.842384484449218e-02 1.997646700114090e-01 0.000000000000000e+00
7.709405654455875e-03 1.991226955758873e-01 0.000000000000000e+00
9.975985577132040e-03 2.089354701535331e-01 0.000000000000000e+00
5.774338390554665e-02 1.895516972046940e-01 0.000000000000000e+00
1.018720624457829e-02 2.355235178545093e-01 0.000000000000000e+00
6.379280537470127e-03 2.281600879817029e-01 0.000000000000000e+00
1.437718126825847e-02 2.263597555486161e-01 0.000000000000000e+00
3.314071282098790e-02 2.525540470849122e-01 0.000000000000000e+00
2.317224397707140e-02 2.479086156714596e-01 0.000000000000000e+00
3.153921182920709e-02 2.414540468520555e-01 0.000000000000000e+00
1.414704370380450e-02 2.562882802604066e-01 0.000000000000000e+00
1.376694952217412e-02 2.445439805938233e-01 0.000000000000000e+00
3.906467364681407e-02 2.618622190333182e-01 0.000000000000000e+00
6.150075823339529e-03 2.698964763646433e-01 0.000000000000000e+00
1.387376707699482e-02 2.684556017029657e-01 0.000000000000000e+00
1.043004037689455e-02 2.769213620854679e-01 0.000000000000000e+00
4.101331737621407e-02 2.724342951968655e-01 0.000000000000000e+00
3.552194793369397e-02 2.807459207316377e-01 0.000000000000000e+00
3.160676556762768e-02 2.702477463325922e-01 0.000000000000000e+00
3.041721334544460e-02 2.613032835341284e-01 0.000000000000000e+00
2.317852918028921e-02 2.651392170671532e-01 0.000000000000000e+00
2.509538551150413e-02 2.567131881526663e-01 0.000000000000000e+00
6.827675521079928e-03 2.632858290874634e-01 0.000000000000000e+00
5.516438542782096e-02 2.719817018198374e-01 0.000000000000000e+00
6.613533799550841e-03 2.830635696291083e-01 0.000000000000000e+00
8.663088889894805e-03 2.917382874793593e-01 0.000000000000000e+00
5.262656109614959e-02 2.787412933009014e-01 0.000000000000000e+00
4.837876665618506e-02 2.739116607004960e-01 0.000000000000000e+00
6.678195863079214e-02 3.236836337509673e-01 0.000000000000000e+00
6.287119418827296e-02 3.153503313567594e-01 0.000000000000000e+00
3.338130341301775e-02 3.134114703996447e-01 0.000000000000000e+00
1.853832677857201e-02 3.115152520569572e-01 0.000000000000000e+00
2.623460581523300e-02 3.016329011740356e-01 0.000000000000000e+00
1.513790985928426e-02 3.005000728932137e-01 0.000000000000000e+00
6.808845374563010e-03 3.001016076711634e-01 0.000000000000000e+00
7.927103580236487e-03 3.138306305754263e-01 0.000000000000000e+00
5.791693223057581e-03 3.213094827847219e-01 0.000000000000000e+00
1.626312845226059e-02 3.333092494501819e-01 0.000000000000000e+00
2.699685270813943e-02 3.413163537245452e-01 0.000000000000000e+00
1.601557471274537e-02 3.466370371502467e-01 0.000000000000000e+00
4.754282103499029e-02 3.574256351828481e-01 0.000000000000000e+00
6.334046132327042e-03 3.331704623750749e-01 0.000000000000000e+00
8.184349091460340e-03 3.273198827072450e-01 0.000000000000000e+00
3.879409292476720e-02 3.752085963320768e-01 0.000000000000000e+00
2.661530824784395e-02 3.748766282566709e-01 0.000000000000000e+00
3.332173330753614e-02 3.651885853979517e-01 0.000000000000000e+00
7.671403147829347e-03 3.411583231384253e-01 0.000000000000000e+00
7.415669589643086e-03 3.501597204672933e-01 0.000000000000000e+00
6.687782916007885e-03 3.649049976498611e-01 0.000000000000000e+00
1.337277060379588e-02 3.584542044281419e-01 0.000000000000000e+00
2.685755305041037e-02 3.544698392331738e-01 0.000000000000000e+00
2.288884588152068e-02 3.645995362083861e-01 0.000000000000000e+00
6.085318381828633e-02 3.786621664776786e-01 0.000000000000000e+00
1.635292209691084e-02 3.985725770610977e-01 0.000000000000000e+00
7.173888432333462e-03 4.036541739861888e-01 0.000000000000000e+00
6.978053283119145e-03 3.950605221482039e-01 0.000000000000000e+00
1.136345588635142e-02 3.873615739794475e-01 0.000000000000000e+00
1.323690622945785e-02 4.199997235567041e-01 0.000000000000000e+00
7.026463872749931e-03 4.118774591642730e-01 0.000000000000000e+00
1.472152470195835e-02 4.092027860335745e-01 0.000000000000000e+00
1.595662823824649e-02 4.480585322349960e-01 0.000000000000000e+00
1.085842498793375e-02 4.386964182191030e-01 0.000000000000000e+00
1.947387229435176e-02 4.395776592741034e-01 0.000000000000000e+00
2.491297122783122e-02 4.245515518721412e-01 0.000000000000000e+00
1.738307161866416e-02 4.314105921277458e-01 0.000000000000000e+00
4.139737584922193e-02 4.346686022059374e-01 0.000000000000000e+00
3.533719527207518e-02 4.457738005501415e-01 0.000000000000000e+00
2.849651679037457e-02 4.353540335983740e-01 0.000000000000000e+00
4.907150103269697e-02 4.559489725291012e-01 0.000000000000000e+00
4.374497946109016e-02 4.498607049093495e-01 0.000000000000000e+00
6.682511669339864e-03 4.293958199606790e-01 0.000000000000000e+00
1.601561489175801e-02 4.781540221482599e-01 0.000000000000000e+00
2.687351238142566e-02 4.766249315012097e-01 0.000000000000000e+00
6.917829705119570e-03 4.623060589564635e-01 0.000000000000000e+00
7.828858505703171e-03 4.539677233925603e-01 0.000000000000000e+00
3.116973284317823e-02 4.931614822404349e-01 0.000000000000000e+00
3.847111046602691e-02 4.585222998843840e-01 0.000000000000000e+00
4.709702416318930e-02 4.651039078729509e-01 0.000000000000000e+00
3.880555576588155e-02 4.729369784654630e-01 0.000000000000000e+00
6.784882300951337e-02 4.561356717900157e-01 0.000000000000000e+00
7.588713047714371e-02 4.515236923526884e-01 0.000000000000000e+00
6.939644639564972e-02 4.800036251414930e-01 0.000000000000000e+00
7.397200764241113e-02 4.908223048379561e-01 0.000000000000000e+00
6.304281756316375e-02 4.900497360024875e-01 0.000000000000000e+00
8.639052230994156e-02 4.630198764968971e-01 0.000000000000000e+00
7.555691413764656e-02 4.630297257030416e-01 0.000000000000000e+00
7.788459276325123e-02 4.570533030577736e-01 0.000000000000000e+00
6.803976792892026e-02 4.678877281011434e-01 0.000000000000000e+00
5.716795183007806e-02 4.635329577665885e-01 0.000000000000000e+00
7.807704761172050e-02 4.721234580242848e-01 0.000000000000000e+00
8.359807412787489e-02 4.526765704304229e-01 0.000000000000000e+00
8.265886949133740e-02 4.840581630458002e-01 0.000000000000000e+00
9.256778751669355e-02 4.903368152259576e-01 0.000000000000000e+00
1.010531450388722e-01 4.517777199798834e-01 0.000000000000000e+00
1.078523248678855e-01 4.561086096631244e-01 0.000000000000000e+00
9.767526974446456e-02 4.727633336550484e-01 0.000000000000000e+00
8.758633940590993e-02 4.748968959622138e-01 0.000000000000000e+00
1.080052435181389e-01 4.667420870843189e-01 0.000000000000000e+00
1.173240792711674e-01 4.613039914948558e-01 0.000000000000000e+00
1.164059925268937e-01 4.715819583612869e-01 0.000000000000000e+00
1.142498631566181e-01 4.516617589750438e-01 0.000000000000000e+00
1.008826313291189e-01 4.930562470233199e-01 0.000000000000000e+00
1.089550775314964e-01 4.906437896273648e-01 0.000000000000000e+00
1.334065567386522e-01 4.524899275942069e-01 0.000000000000000e+00
1.226942403049586e-01 4.526158947280842e-01 0.000000000000000e+00
1.258564582704509e-01 4.900943653099351e-01 0.000000000000000e+00
1.208136407663889e-01 4.802751186385770e-01 0.000000000000000e+00
1.303607529339224e-01 4.807186946628390e-01 0.000000000000000e+00
1.432336047894329e-01 4.617373055247068e-01 0.000000000000000e+00
1.295083939807704e-01 4.616924022102911e-01 0.000000000000000e+00
1.167664984502484e-01 4.880139930402665e-01 0.000000000000000e+00
1.438176083233290e-01 4.740858546596693e-01 0.000000000000000e+00
1.352687778571260e-01 4.714094823453305e-01 0.000000000000000e+00
1.360619034302290e-01 4.892025389194669e-01 0.000000000000000e+00
1.547559284470167e-01 4.727368220860472e-01 0.000000000000000e+00
1.611423379479368e-01 4.935882208652119e-01 0.000000000000000e+00
1.739435963151998e-01 4.655022418119775e-01 0.000000000000000e+00
1.674200563276389e-01 4.575689537376251e-01 0.000000000000000e+00
1.772832275486970e-01 4.565895714657478e-01 0.000000000000000e+00
1.713221627849507e-01 4.899160502914463e-01 0.000000000000000e+00
1.916591773163509e-01 4.858694170937580e-01 0.000000000000000e+00
2.347783280920598e-01 4.625484905201701e-01 0.000000000000000e+00
2.430202431295253e-01 4.570034677637974e-01 0.000000000000000e+00
2.433644783703458e-01 4.635464375264873e-01 0.000000000000000e+00
1.548605072918390e-01 4.139814993433306e-01 0.000000000000000e+00
2.338695962798927e-01 4.259665379496287e-01 0.000000000000000e+00
2.359786132615131e-01 4.144336095940133e-01 0.000000000000000e+00
2.425537794725163e-01 4.217911681888980e-01 0.000000000000000e+00
1.539670433055673e-01 4.060187864050099e-01 0.000000000000000e+00
2.412346934009172e-01 4.299309566427741e-01 0.000000000000000e+00
2.439949917697440e-01 4.354782762706587e-01 0.000000000000000e+00
1.855589777710427e-01 4.628857715806896e-01 0.000000000000000e+00
1.865386063738704e-01 4.506938108248317e-01 0.000000000000000e+00
1.921168291304811e-01 4.574749432816012e-01 0.000000000000000e+00
1.964380124393558e-01 4.397041975362635e-01 0.000000000000000e+00
2.100143814081692e-01 4.361211197754427e-01 0.000000000000000e+00
2.071837782017661e-01 4.477227889152484e-01 0.000000000000000e+00
1.599915870379900e-01 3.980900425640404e-01 0.000000000000000e+00
1.639504471025804e-01 4.090451350383147e-01 0.000000000000000e+00
1.986583039597018e-01 4.091067194312520e-01 0.000000000000000e+00
2.090428262508130e-01 4.082503420835486e-01 0.000000000000000e+00
2.055239968611712e-01 4.172192251122772e-01 0.000000000000000e+00
1.538826677550615e-01 3.892591911776614e-01 0.000000000000000e+00
1.733618520857472e-01 3.700195047590873e-01 0.000000000000000e+00
1.803698761600005e-01 3.794417844453696e-01 0.000000000000000e+00
1.693538669592938e-01 3.799272414730648e-01 0.000000000000000e+00
2.412735684925784e-01 4.034764052345568e-01 0.000000000000000e+00
2.433545412686183e-01 3.930793457279355e-01 0.000000000000000e+00
1.495446792842857e-01 3.536185531029752e-01 0.000000000000000e+00
1.475827269785584e-01 3.613214833079813e-01 0.000000000000000e+00
2.293564041186317e-01 3.835907751629910e-01 0.000000000000000e+00
2.409655215309801e-01 3.835054203426653e-01 0.000000000000000e+00
2.343953469464461e-01 3.939293807698679e-01 0.000000000000000e+00
1.713745817162120e-01 3.534316855843154e-01 0.000000000000000e+00
1.603691806838911e-01 3.510553425731661e-01 0.000000000000000e+00
1.717847628562362e-01 3.430229184534543e-01 0.000000000000000e+00
2.175632991540595e-01 3.348423181480122e-01 0.000000000000000e+00
2.272502228052586e-01 3.372816035037081e-01 0.000000000000000e+00
2.189023868984017e-01 3.458288545189169e-01 0.000000000000000e+00
2.260948436002854e-01 3.558123110154307e-01 0.000000000000000e+00
2.148672954914723e-01 3.576136435376518e-01 0.000000000000000e+00
1.806166415171202e-01 3.301454792281189e-01 0.000000000000000e+00
1.659247675055894e-01 3.306451613223475e-01 0.000000000000000e+00
2.223609759800180e-01 3.645075817517731e-01 0.000000000000000e+00
1.542197895826008e-01 3.294571183690110e-01 0.000000000000000e+00
1.598623132659893e-01 3.205799456850725e-01 0.000000000000000e+00
2.329706885015680e-01 3.650247616920940e-01 0.000000000000000e+00
2.424315595232732e-01 3.612336670302317e-01 0.000000000000000e+00
2.408095525088395e-01 3.688229389568603e-01 0.000000000000000e+00
1.552975130338267e-01 3.114540994709429e-01 0.000000000000000e+00
2.441488984298060e-01 3.403696172858796e-01 0.000000000000000e+00
2.405562482310203e-01 3.470986738933204e-01 0.000000000000000e+00
1.557559056836986e-01 2.929853461262640e-01 0.000000000000000e+00
2.421887049827806e-01 3.116194453109489e-01 0.000000000000000e+00
2.323257100698609e-01 3.138545055159931e-01 0.000000000000000e+00
2.382520892144005e-01 3.041759448474412e-01 0.000000000000000e+00
2.342339121129236e-01 3.268086928643203e-01 0.000000000000000e+00
2.435808464568899e-01 3.240280899901906e-01 0.000000000000000e+00
2.431503513149492e-01 3.322985590187101e-01 0.000000000000000e+00
1.662165799782633e-01 2.883526353218925e-01 0.000000000000000e+00
1.571967640829550e-01 2.813465141586389e-01 0.000000000000000e+00
1.786507428039146e-01 2.893093958621201e-01 0.000000000000000e+00
1.898682274084223e-01 2.913723760531996e-01 0.000000000000000e+00
1.815201216304040e-01 2.984001862276154e-01 0.000000000000000e+00
1.854842213572470e-01 3.162730986618781e-01 0.000000000000000e+00
1.725912029945882e-01 3.195425459899386e-01 0.000000000000000e+00
1.771854337372525e-01 2.638001246227210e-01 0.000000000000000e+00
1.861394523551729e-01 2.692824719534573e-01 0.000000000000000e+00
1.752769106946316e-01 2.766687505165412e-01 0.000000000000000e+00
2.430009573602627e-01 2.980766443331314e-01 0.000000000000000e+00
2.434791602380062e-01 2.770527841420881e-01 0.000000000000000e+00
2.391302447185446e-01 2.832268043505952e-01 0.000000000000000e+00
1.832039000897856e-01 2.435004690440326e-01 0.000000000000000e+00
1.890833515570241e-01 2.524477496707054e-01 0.000000000000000e+00
1.796465958521985e-01 2.534794922164257e-01 0.000000000000000e+00
2.419775284620746e-01 2.619933940463050e-01 0.000000000000000e+00
2.344762334837174e-01 2.711958384619798e-01 0.000000000000000e+00
2.328668188696056e-01 2.567137090189947e-01 0.000000000000000e+00
1.574205607690609e-01 2.407806735164531e-01 0.000000000000000e+00
2.211850705443213e-01 2.541835120144451e-01 0.000000000000000e+00
2.099215363196592e-01 2.500566616813532e-01 0.000000000000000e+00
2.185722648389316e-01 2.436646854813596e-01 0.000000000000000e+00
1.634193333825012e-01 2.475732808318545e-01 0.000000000000000e+00
1.558749286271707e-01 2.488203831756957e-01 0.000000000000000e+00
1.656555501704891e-01 2.371685541735357e-01 0.000000000000000e+00
1.584063671329789e-01 2.327465605376847e-01 0.000000000000000e+00
1.654033594272302e-01 2.254044475272237e-01 0.000000000000000e+00
2.188870135636636e-01 2.815844883120054e-01 0.000000000000000e+00
2.115358051144657e-01 2.735034595457700e-01 0.000000000000000e+00
2.235726743281155e-01 2.750253159927361e-01 0.000000000000000e+00
1.785781157709737e-01 2.212111653583087e-01 0.000000000000000e+00
1.893666996588271e-01 2.322544579044605e-01 0.000000000000000e+00
1.759487904207355e-01 2.336874505383906e-01 0.000000000000000e+00
2.425077995285172e-01 2.531519075907303e-01 0.000000000000000e+00
1.588506285781641e-01 2.169802657597058e-01 0.000000000000000e+00
1.679524120210168e-01 2.112622493108115e-01 0.000000000000000e+00
2.436679204232062e-01 2.219123753705622e-01 0.000000000000000e+00
2.390703671510878e-01 2.150852326323510e-01 0.000000000000000e+00
1.941419203762727e-01 1.990440277664943e-01 0.000000000000000e+00
2.031749107644824e-01 2.011617355805321e-01 0.000000000000000e+00
1.982551849385124e-01 2.085667990877733e-01 0.000000000000000e+00
1.644318591109350e-01 1.818424433806178e-01 0.000000000000000e+00
1.677215815127900e-01 1.892662702139193e-01 0.000000000000000e+00
2.433505224184638e-01 2.076634705442066e-01 0.000000000000000e+00
2.005058902935577e-01 1.809718452247837e-01 0.000000000000000e+00
1.900884898919569e-01 1.874871396102052e-01 0.000000000000000e+00
1.924527262765860e-01 1.759477552417416e-01 0.000000000000000e+00
2.020220567844603e-01 1.695519268814158e-01 0.000000000000000e+00
2.150874621249221e-01 1.679786843898893e-01 0.000000000000000e+00
2.085194465515170e-01 1.760441210952126e-01 0.000000000000000e+00
1.896814044944062e-01 1.650102497480940e-01 0.000000000000000e+00
1.807456423272744e-01 1.768181879910565e-01 0.000000000000000e+00
1.772259115186454e-01 1.636683420886016e-01 0.000000000000000e+00
2.422209240966834e-01 1.988779796894691e-01 0.000000000000000e+00
1.663134031975032e-01 1.596183726681545e-01 0.000000000000000e+00
2.332591772723532e-01 1.821299515439532e-01 0.000000000000000e+00
2.423149825415670e-01 1.781117923123383e-01 0.000000000000000e+00
2.418432765793444e-01 1.883519124742780e-01 0.000000000000000e+00
1.685537018164862e-01 1.408567218273255e-01 0.000000000000000e+00
2.434582401306389e-01 1.696986437362719e-01 0.000000000000000e+00
1.665491603644358e-01 1.298022179539394e-01 0.000000000000000e+00
1.702189522970466e-01 1.238087405336703e-01 0.000000000000000e+00
2.207000401267846e-01 1.429424414701338e-01 0.000000000000000e+00
2.263400179309736e-01 1.348199264182504e-01 0.000000000000000e+00
2.309264071975482e-01 1.431967474542675e-01 0.000000000000000e+00
2.260904970820808e-01 1.511037761717207e-01 0.000000000000000e+00
2.277417018338699e-01 1.620917631529817e-01 0.000000000000000e+00
2.160810966615848e-01 1.542003067012827e-01 0.000000000000000e+00
1.756827383008690e-01 1.316000628113425e-01 0.000000000000000e+00
2.358745362521616e-01 1.340347547666469e-01 0.000000000000000e+00
2.439930990696314e-01 1.303706187696844e-01 0.000000000000000e+00
2.439867229066826e-01 1.365406430510133e-01 0.000000000000000e+00
2.396803088224263e-01 1.251610678348443e-01 0.000000000000000e+00
1.697521686468236e-01 9.756793249824922e-02 0.000000000000000e+00
1.749802458907772e-01 1.083850940749581e-01 0.000000000000000e+00
2.394511270566082e-01 1.155045703017027e-01 0.000000000000000e+00
2.174095592485304e-01 9.555400401816741e-02 0.000000000000000e+00
2.185204697473543e-01 8.471319269622477e-02 0.000000000000000e+00
2.273600279120513e-01 8.961099370458885e-02 0.000000000000000e+00
1.934605692326371e-01 1.211116320383977e-01 0.000000000000000e+00
2.068118728151590e-01 1.179356611208424e-01 0.000000000000000e+00
2.024565417895426e-01 1.290329483998224e-01 0.000000000000000e+00
1.908354810973328e-01 7.671308323977552e-02 0.000000000000000e+00
1.833400452128815e-01 8.437202126340457e-02 0.000000000000000e+00
1.814172906301325e-01 7.571817724171684e-02 0.000000000000000e+00
2.426285987160709e-01 1.064978160471200e-01 0.000000000000000e+00
2.383899493463949e-01 9.612843083053624e-02 0.000000000000000e+00
1.736622098178117e-01 6.807430932782715e-02 0.000000000000000e+00
2.355875958960964e-01 8.497201642980398e-02 0.000000000000000e+00
1.934108161940698e-01 4.489102797953461e-02 0.000000000000000e+00
1.872397925842005e-01 5.081034502601681e-02 0.000000000000000e+00
1.852189248496426e-01 4.458061101224757e-02 0.000000000000000e+00
1.561941382339279e-01 4.281198582820095e-01 0.000000000000000e+00
1.582142685342832e-01 4.370271949378687e-01 0.000000000000000e+00
1.994666968683853e-01 3.645421572641180e-02 0.000000000000000e+00
4.047027405392800e-02 1.329816870085342e-01 0.000000000000000e+00
4.880345273373278e-02 1.217072232028086e-01 0.000000000000000e+00
5.152596201410253e-02 1.341736563976360e-01 0.000000000000000e+00
8.421350800099266e-03 1.152248085118440e-01 0.000000000000000e+00
2.200643596703379e-02 4.064593626475695e-01 0.000000000000000e+00
5.030270423650144e-03 3.828557795752055e-01 0.000000000000000e+00
2.296143260838545e-01 4.054717106377490e-01 0.000000000000000e+00
1.519391479016892e-01 3.785515161992436e-01 0.000000000000000e+00
2.367466605352179e-01 3.384454631737352e-01 0.000000000000000e+00
1.780774898197949e-01 3.078439135281692e-01 0.000000000000000e+00
1.911539528566016e-01 3.029215506947476e-01 0.000000000000000e+00
1.850311766982311e-01 3.694978667298976e-01 0.000000000000000e+00
1.778721014213411e-01 3.607371741901135e-01 0.000000000000000e+00
1.897526456422035e-01 3.601322948952943e-01 0.000000000000000e+00
1.505013081215919e-01 3.447234998719226e-01 0.000000000000000e+00
2.429927693859577e-01 2.911877165049667e-01 0.000000000000000e+00
1.590342864711832e-01 2.581719038420443e-01 0.000000000000000e+00
1.669975965692610e-01 2.670692735014952e-01 0.000000000000000e+00
1.577801074776269e-01 2.703450961898856e-01 0.000000000000000e+00
2.270740462772599e-01 2.155647269735732e-01 0.000000000000000e+00
2.349385172365710e-01 2.058782992038858e-01 0.000000000000000e+00
1.628740483787161e-01 2.021528283491246e-01 0.000000000000000e+00
1.720011076813757e-01 1.993575284468611e-01 0.000000000000000e+00
2.095332502041223e-01 3.912569479833994e-01 0.000000000000000e+00
2.218077201840135e-01 3.944526275133096e-01 0.000000000000000e+00
2.127440948517262e-01 4.004616094015814e-01 0.000000000000000e+00
2.101848520757981e-01 1.850084437499688e-01 0.000000000000000e+00
2.223325937771734e-01 1.864642662032380e-01 0.000000000000000e+00
2.139781340755969e-01 1.975163626790946e-01 0.000000000000000e+00
1.648773318543082e-01 1.504362512519999e-01 0.000000000000000e+00
2.284478622027214e-01 2.826525827679779e-01 0.000000000000000e+00
2.207613726083952e-01 2.916411781531997e-01 0.000000000000000e+00
2.342113978077167e-01 2.933326465783268e-01 0.000000000000000e+00
2.522832992453494e-02 2.221358357834924e-01 0.000000000000000e+00
2.134416047475068e-02 2.358981510848934e-01 0.000000000000000e+00
1.556008082533151e-02 2.170531854850578e-01 0.000000000000000e+00
7.715421368032025e-03 2.198806682288319e-01 0.000000000000000e+00
6.702560818990071e-02 3.068302860211524e-01 0.000000000000000e+00
1.332548189188234e-02 3.217840060587404e-01 0.000000000000000e+00
2.353911965510260e-01 2.252068094161639e-01 0.000000000000000e+00
2.228991172411262e-01 2.311317697658825e-01 0.000000000000000e+00
1.729770176121148e-01 2.451233290401363e-01 0.000000000000000e+00
1.697743031836655e-01 2.558118580973099e-01 0.000000000000000e+00
1.798949505135596e-01 4.723589294047101e-01 0.000000000000000e+00
1.895519570270787e-01 4.740651617212033e-01 0.000000000000000e+00
1.809806982843374e-01 4.820075070086348e-01 0.000000000000000e+00
1.826019314866516e-01 4.915585948787678e-01 0.000000000000000e+00
3.396326961163803e-02 4.847177888812013e-01 0.000000000000000e+00
2.322570207004441e-01 1.943333820271683e-01 0.000000000000000e+00
1.835897441298670e-01 1.986752858511575e-01 0.000000000000000e+00
1.804695999826407e-01 2.090943625268719e-01 0.000000000000000e+00
2.291032257398414e-01 1.244294364561027e-01 0.000000000000000e+00
1.978041388897322e-01 1.396489078551956e-01 0.000000000000000e+00
1.929369864889387e-01 1.528918317500111e-01 0.000000000000000e+00
1.826717824968826e-01 1.438452286714342e-01 0.000000000000000e+00
2.118027034678347e-01 5.620097066016436e-02 0.000000000000000e+00
2.215250301748484e-01 5.295274170227186e-02 0.000000000000000e+00
2.261083978346204e-01 4.447178225429163e-02 0.000000000000000e+00
2.119875577418675e-01 3.696536232378644e-01 0.000000000000000e+00
2.251154024045173e-01 3.734558323703865e-01 0.000000000000000e+00
2.171215435544084e-01 3.822154653302802e-01 0.000000000000000e+00
1.916446883399513e-01 3.796502758111056e-01 0.000000000000000e+00
1.977237011821940e-01 3.698842531963030e-01 0.000000000000000e+00
2.007519688738754e-01 3.312982554251622e-01 0.000000000000000e+00
1.977688946976867e-01 3.410968891128440e-01 0.000000000000000e+00
1.913170199997506e-01 3.336562739371839e-01 0.000000000000000e+00
1.616235300130814e-01 3.012884917128670e-01 0.000000000000000e+00
1.972940864161149e-01 1.079000813700884e-01 0.000000000000000e+00
1.849744448098637e-01 9.753472746953468e-02 0.000000000000000e+00
1.978839742193769e-01 9.657163450104539e-02 0.000000000000000e+00
1.747035255870589e-01 8.930623019982059e-02 0.000000000000000e+00
1.757786421167879e-01 3.889783602811507e-01 0.000000000000000e+00
1.870980378720507e-01 3.894557066154584e-01 0.000000000000000e+00
1.816728032990569e-01 3.990194571948554e-01 0.000000000000000e+00
2.014911468977711e-01 4.268242350747905e-01 0.000000000000000e+00
2.133281406648196e-01 4.247091304679376e-01 0.000000000000000e+00
2.353019171773516e-01 1.065703648176468e-01 0.000000000000000e+00
2.108585844178719e-01 2.267949591889438e-01 0.000000000000000e+00
2.014710623898548e-01 2.283525109512694e-01 0.000000000000000e+00
2.041038686752042e-01 2.181908707987487e-01 0.000000000000000e+00
3.779395932116351e-02 3.010424389216843e-01 0.000000000000000e+00
3.942889495815890e-02 3.565731564108877e-01 0.000000000000000e+00
4.592614155602423e-02 3.496787386240916e-01 0.000000000000000e+00
2.014888067168651e-02 1.129555541980567e-01 0.000000000000000e+00
3.057715992955014e-02 1.156591450681143e-01 0.000000000000000e+00
5.267821424641634e-03 8.689390079682589e-02 0.000000000000000e+00
2.433130554966177e-02 1.404674050002139e-01 0.000000000000000e+00
2.931597517144016e-02 1.330066588236384e-01 0.000000000000000e+00
3.813984784635352e-02 1.548499893994041e-01 0.000000000000000e+00
4.900407731457176e-02 1.515925207246144e-01 0.000000000000000e+00
1.935370840803730e-02 2.913998237874855e-01 0.000000000000000e+00
2.209675720703180e-02 2.788525512590611e-01 0.000000000000000e+00
1.912907433961527e-01 2.174927534042065e-01 0.000000000000000e+00
1.717715913257949e-01 1.821870001880871e-01 0.000000000000000e+00
2.438798763154796e-01 1.529335208386389e-01 0.000000000000000e+00
2.398295228588008e-01 1.436169006832243e-01 0.000000000000000e+00
2.151163243446431e-01 1.304792726558527e-01 0.000000000000000e+00
1.666562777090461e-01 3.614344874618880e-01 0.000000000000000e+00
1.559514843003003e-01 3.615089983727126e-01 0.000000000000000e+00
2.042388051491788e-01 3.806579471957957e-01 0.000000000000000e+00
2.363273844129028e-01 3.550833921156756e-01 0.000000000000000e+00
1.500266352926166e-01 3.692980027802227e-01 0.000000000000000e+00
1.927191447475612e-01 3.993717354675047e-01 0.000000000000000e+00
1.975875189645492e-01 3.129977080568657e-01 0.000000000000000e+00
2.040468289525426e-01 3.214278798600816e-01 0.000000000000000e+00
1.928785219908281e-01 3.241873944734287e-01 0.000000000000000e+00
2.768793593843909e-02 4.003264502081624e-01 0.000000000000000e+00
4.257806404085253e-02 4.241573816718124e-01 0.000000000000000e+00
2.103277352841469e-01 2.950351687954257e-01 0.000000000000000e+00
2.153860868510845e-01 3.026051121578567e-01 0.000000000000000e+00
1.986448808017842e-01 2.517799651967352e-01 0.000000000000000e+00
2.044908138018527e-01 2.618427387045116e-01 0.000000000000000e+00
1.935120329106186e-01 2.613110304800799e-01 0.000000000000000e+00
3.371821794600427e-02 3.830892261765918e-01 0.000000000000000e+00
2.413630264057121e-02 3.876692767064418e-01 0.000000000000000e+00
2.123887113212206e-01 4.674582909985250e-01 0.000000000000000e+00
1.979506835106205e-01 4.641153926168516e-01 0.000000000000000e+00
2.059481684256072e-01 4.575467831535881e-01 0.000000000000000e+00
3.977279691737670e-02 2.454454274088672e-01 0.000000000000000e+00
3.396440523083363e-02 2.113603303857574e-01 0.000000000000000e+00
4.048022471576215e-02 2.009018261554405e-01 0.000000000000000e+00
1.889623671767723e-01 4.277077396969554e-01 0.000000000000000e+00
1.767317856766239e-01 4.279803345980578e-01 0.000000000000000e+00
1.824087314305706e-01 4.179782745014165e-01 0.000000000000000e+00
1.737527869836550e-01 4.478703996341277e-01 0.000000000000000e+00
1.821119986164251e-01 4.383492858728857e-01 0.000000000000000e+00
2.243149678040009e-01 4.185224934097174e-01 0.000000000000000e+00
2.233556069126129e-01 4.333171690786232e-01 0.000000000000000e+00
1.979607841065763e-01 3.899406541301684e-01 0.000000000000000e+00
1.940206027476496e-01 3.508964328605498e-01 0.000000000000000e+00
1.815338749633343e-01 3.518555886134765e-01 0.000000000000000e+00
1.642188392673431e-01 4.666086240744743e-01 0.000000000000000e+00
1.692429781102124e-01 4.763078895565613e-01 0.000000000000000e+00
1.098758659648690e-01 4.791887015243056e-01 0.000000000000000e+00
1.005093392164524e-01 4.843006302632767e-01 0.000000000000000e+00
4.039519609209114e-02 1.128544530703286e-01 0.000000000000000e+00
3.010446712551286e-02 4.662086787242442e-01 0.000000000000000e+00
2.438853424971175e-01 4.131995518187772e-01 0.000000000000000e+00
8.216882565203868e-03 4.834098810704633e-02 0.000000000000000e+00
1.533997247892155e-01 3.028749013576702e-01 0.000000000000000e+00
2.429629393018766e-01 2.302230632145987e-01 0.000000000000000e+00
2.151257532302302e-01 2.182216214990818e-01 0.000000000000000e+00
2.083931133133110e-01 2.088533045520308e-01 0.000000000000000e+00
2.179518963965715e-01 2.086132553261467e-01 0.000000000000000e+00
1.765007341871653e-01 4.085221297142002e-01 0.000000000000000e+00
1.875983858691508e-01 4.088944911040333e-01 0.000000000000000e+00
3.183691198890648e-02 1.058394952627382e-01 0.000000000000000e+00
4.167004027347033e-02 1.039867157339278e-01 0.000000000000000e+00
1.993775130112955e-01 2.831932522516731e-01 0.000000000000000e+00
1.878467203244310e-01 2.803938619120563e-01 0.000000000000000e+00
1.974359551792919e-01 2.720243559039735e-01 0.000000000000000e+00
2.101335157695550e-01 3.286847810193203e-01 0.000000000000000e+00
2.179074545502845e-01 3.269533995574753e-01 0.000000000000000e+00
2.041105138425885e-01 1.517043210677714e-01 0.000000000000000e+00
2.073532891214426e-01 1.607154917209649e-01 0.000000000000000e+00
1.994653161936571e-01 1.601422195644653e-01 0.000000000000000e+00
2.389556477883371e-01 1.622780731803500e-01 0.000000000000000e+00
4.503084059929334e-02 4.836395287128020e-01 0.000000000000000e+00
5.155725782257679e-02 4.918565352420239e-01 0.000000000000000e+00
4.070738411932526e-02 4.924001600797693e-01 0.000000000000000e+00
5.696413509870447e-02 4.534258138789102e-01 0.000000000000000e+00
2.004922625083330e-01 2.405501633151830e-01 0.000000000000000e+00
1.922009454378135e-01 2.440103348940771e-01 0.000000000000000e+00
2.248671256847493e-01 4.553147560506178e-01 0.000000000000000e+00
2.359371143739279e-01 4.847169772650714e-01 0.000000000000000e+00
1.655634389752463e-01 4.283093409889245e-01 0.000000000000000e+00
1.601215152842005e-01 4.199020681740604e-01 0.000000000000000e+00
1.710730761196461e-01 4.186785097318841e-01 0.000000000000000e+00
2.353012003737963e-01 2.361189933144110e-01 0.000000000000000e+00
2.387085876357544e-01 2.458649169410398e-01 0.000000000000000e+00
2.282305492148386e-01 2.448580434229466e-01 0.000000000000000e+00
2.439865844367596e-01 2.702116686361970e-01 0.000000000000000e+00
2.154849546115068e-01 4.494107123106805e-02 0.000000000000000e+00
1.832693749186236e-01 1.556841334152520e-01 0.000000000000000e+00
1.775518454977332e-01 1.890945787938828e-01 0.000000000000000e+00
5.725316699054735e-02 3.252481175185474e-01 0.000000000000000e+00
4.927495638448790e-02 3.309685789495024e-01 0.000000000000000e+00
2.152234350509317e-02 9.092013470625851e-02 0.000000000000000e+00
4.118274854236007e-02 7.980960504516770e-02 0.000000000000000e+00
3.079825943022721e-02 7.474123924549120e-02 0.000000000000000e+00
1.646935917605476e-01 2.767564539376907e-01 0.000000000000000e+00
4.199114511846295e-02 2.901976611455570e-01 0.000000000000000e+00
3.049830374165746e-02 2.908338552491081e-01 0.000000000000000e+00
3.779186796096808e-02 9.836651145878951e-02 0.000000000000000e+00
6.882332431197034e-03 2.487609109076297e-01 0.000000000000000e+00
2.042706752107905e-01 4.557362158553533e-02 0.000000000000000e+00
2.014613764939652e-01 7.718142356545549e-02 0.000000000000000e+00
1.946615141614512e-01 8.673757778696324e-02 0.000000000000000e+00
3.362750047069817e-02 1.427798738476560e-01 0.000000000000000e+00
2.525956503279919e-02 1.497484724520505e-01 0.000000000000000e+00
4.792379770466394e-02 1.781059736552378e-01 0.000000000000000e+00
4.610819458590260e-02 1.714173966928674e-01 0.000000000000000e+00
1.871946770598391e-01 1.311637559239871e-01 0.000000000000000e+00
1.689160942366905e-01 1.162478583413329e-01 0.000000000000000e+00
3.905707127973134e-02 3.347032419754355e-01 0.000000000000000e+00
2.141290449051952e-01 3.201153044960812e-01 0.000000000000000e+00
2.204468222119840e-01 3.118924965789860e-01 0.000000000000000e+00
2.236798072601948e-01 3.214649177721445e-01 0.000000000000000e+00
2.269586658501663e-01 3.028439860273317e-01 0.000000000000000e+00
2.371553973946692e-02 3.230873932874285e-01 0.000000000000000e+00
9.682437118531154e-03 3.064140024352705e-01 0.000000000000000e+00
2.016316603424073e-01 1.918582964023199e-01 0.000000000000000e+00
1.951655770296172e-01 1.303540697364273e-01 0.000000000000000e+00
1.632280793164421e-01 1.952605659847843e-01 0.000000000000000e+00
2.440400649918280e-01 3.536069182016365e-01 0.000000000000000e+00
2.083670318328894e-01 3.387363141481145e-01 0.000000000000000e+00
1.612805585725634e-01 3.719581790685568e-01 0.000000000000000e+00
1.576030603263388e-01 3.388482330478657e-01 0.000000000000000e+00
2.067654226046262e-01 1.088867483893969e-01 0.000000000000000e+00
2.159727812362992e-01 1.080343029623639e-01 0.000000000000000e+00
1.471190158667518e-01 4.845784059128330e-01 0.000000000000000e+00
1.595846711590795e-01 4.850250522186386e-01 0.000000000000000e+00
1.530675910297444e-01 4.925401266526163e-01 0.000000000000000e+00
1.727890637939549e-01 7.986804282857886e-02 0.000000000000000e+00
1.387107146563174e-01 4.799672574294289e-01 0.000000000000000e+00
2.060805607077761e-01 3.489702235269624e-01 0.000000000000000e+00
1.427686419801705e-02 3.700084237259925e-01 0.000000000000000e+00
1.706861226654397e-02 3.796309996987341e-01 0.000000000000000e+00
8.951130359936230e-03 3.782390958251177e-01 0.000000000000000e+00
1.566693291534222e-01 4.600066199397749e-01 0.000000000000000e+00
2.189321293951262e-01 4.072455570528278e-01 0.000000000000000e+00
9.219952107497156e-02 4.812711676304594e-01 0.000000000000000e+00
2.144815927332092e-01 4.556270362046700e-01 0.000000000000000e+00
2.434868132801358e-01 3.744197888086569e-01 0.000000000000000e+00
2.174058106364271e-02 2.094768343740379e-01 0.000000000000000e+00
4.422771351730243e-02 1.435891473858904e-01 0.000000000000000e+00
2.251884350864596e-01 2.029102609269530e-01 0.000000000000000e+00
2.234390459099185e-01 1.953060679591135e-01 0.000000000000000e+00
3.372944910505667e-02 4.171381813110148e-01 0.000000000000000e+00
2.290490418087800e-02 4.145170905457499e-01 0.000000000000000e+00
2.883229667223626e-02 4.087872072295401e-01 0.000000000000000e+00
9.899785381441828e-02 4.605593463808605e-01 0.000000000000000e+00
5.812218704106745e-02 2.076335118367403e-01 0.000000000000000e+00
5.048518245786344e-02 2.022640522935322e-01 0.000000000000000e+00
2.188360256054631e-01 4.612718099002091e-01 0.000000000000000e+00
2.073726026753605e-01 8.815998240670596e-02 0.000000000000000e+00
2.276348746297536e-01 1.125375655068226e-01 0.000000000000000e+00
2.270705380728287e-01 1.015978096914259e-01 0.000000000000000e+00
6.928782346376681e-03 4.456955551774951e-01 0.000000000000000e+00
2.025571525785567e-01 3.596492069836976e-01 0.000000000000000e+00
1.602592087398974e-01 4.481521604358671e-01 0.000000000000000e+00
1.696680184004653e-01 4.377846558111238e-01 0.000000000000000e+00
1.939010632677090e-01 4.183478928703059e-01 0.000000000000000e+00
2.008898334941889e-01 2.935746199507488e-01 0.000000000000000e+00
2.105110378434422e-01 2.860534020630735e-01 0.000000000000000e+00
2.142126743299845e-01 2.612457954339235e-01 0.000000000000000e+00
2.229819632180158e-01 2.657483506555160e-01 0.000000000000000e+00
2.239130860157914e-01 4.661332559878039e-01 0.000000000000000e+00
2.180057591107034e-01 4.452494706909885e-01 0.000000000000000e+00
5.504533219194043e-02 3.889407751992774e-01 0.000000000000000e+00
4.322071651979600e-02 3.856940688329433e-01 0.000000000000000e+00
3.435862561826254e-02 4.273156727402279e-01 0.000000000000000e+00
3.045731241521190e-02 8.508074753598398e-02 0.000000000000000e+00
1.718310185649486e-01 2.994231687449447e-01 0.000000000000000e+00
2.109108935290101e-01 2.369629681413915e-01 0.000000000000000e+00
2.433945454622855e-01 2.383597620409487e-01 0.000000000000000e+00
1.794936921110031e-01 1.201420336929757e-01 0.000000000000000e+00
1.738119633190046e-01 1.524336162207498e-01 0.000000000000000e+00
1.707729233353321e-01 3.984038193878482e-01 0.000000000000000e+00
2.064144183905286e-01 1.354402299474220e-01 0.000000000000000e+00
1.678849473744499e-01 1.725332866174665e-01 0.000000000000000e+00
3.100008162162851e-02 2.320127998116260e-01 0.000000000000000e+00
2.092628077125301e-01 3.117019135386878e-01 0.000000000000000e+00
4.749542806148616e-02 2.989868539947778e-01 0.000000000000000e+00
1.250826830517827e-01 4.710749193197705e-01 0.000000000000000e+00
6.487427046425846e-02 3.866542023787231e-01 0.000000000000000e+00
3.595653181971930e-02 1.233090130591447e-01 0.000000000000000e+00
6.256270972081326e-02 1.047763299404376e-01 0.000000000000000e+00
2.041005345612246e-01 3.028719698463733e-01 0.000000000000000e+00
3.712880012983355e-02 3.467500452056900e-01 0.000000000000000e+00
6.167297639589888e-03 2.416840492181313e-01 0.000000000000000e+00
3.899134833728837e-02 2.363995746714171e-01 0.000000000000000e+00
2.033265533788308e-01 3.998133843292610e-01 0.000000000000000e+00
2.131092525365171e-01 7.612596048295475e-02 0.000000000000000e+00
6.301955447581969e-03 2.514854217568088e-02 0.000000000000000e+00
2.095840805673001e-01 3.593602602879800e-02 0.000000000000000e+00
2.587648192091369e-02 1.609236789308234e-01 0.000000000000000e+00
3.655496021729082e-02 1.683545449254733e-01 0.000000000000000e+00
2.058220911426708e-01 6.714905869932492e-02 0.000000000000000e+00
1.343142573628186e-02 2.843951188480964e-01 0.000000000000000e+00
5.433076912125859e-02 4.842142561716031e-01 0.000000000000000e+00
5.994699248145596e-02 4.805253309639840e-01 0.000000000000000e+00
6.494917715513615e-02 4.044877317939558e-01 0.000000000000000e+00
1.894054768964582e-01 2.065671927898863e-01 0.000000000000000e+00
3.705589914003413e-02 4.747369946016493e-02 0.000000000000000e+00
4.309685200368699e-02 3.954226955629495e-02 0.000000000000000e+00
2.330424229455312e-01 4.927360172951552e-01 0.000000000000000e+00
6.531101135381985e-03 6.778438290053322e-02 0.000000000000000e+00
2.102806685381966e-01 1.425997908788172e-01 0.000000000000000e+00
2.190219549139287e-01 1.185701463586464e-01 0.000000000000000e+00
5.196900172126304e-02 4.745783307192177e-01 0.000000000000000e+00
6.100860118594230e-02 4.732341895771341e-01 0.000000000000000e+00
1.859715038282820e-01 1.107784840876694e-01 0.000000000000000e+00
1.664182669244486e-01 3.103436063899239e-01 0.000000000000000e+00
3.030649283021215e-02 9.547387708991810e-02 0.000000000000000e+00
6.854126795052602e-03 9.528844312609755e-02 0.000000000000000e+00
5.787521548316137e-02 1.973618789897427e-01 0.000000000000000e+00
2.142284121951862e-01 4.151893496252617e-01 0.000000000000000e+00
2.252379031706082e-01 1.746667610695440e-01 0.000000000000000e+00
2.070952463692681e-01 1.011581856512458e-01 0.000000000000000e+00
2.357422376985961e-01 3.747995073283742e-01 0.000000000000000e+00
5.641352242769162e-02 3.353545968689071e-01 0.000000000000000e+00
2.353292012670655e-01 1.713473889766692e-01 0.000000000000000e+00
5.881673827901639e-02 1.264706787519568e-01 0.000000000000000e+00
3.365056088610705e-02 3.249172770377155e-01 0.000000000000000e+00
2.240316056624180e-01 3.296596763518184e-01 0.000000000000000e+00
4.563601354553739e-02 2.805617153471036e-01 0.000000000000000e+00
1.602373759657729e-01 3.815144076585023e-01 0.000000000000000e+00
1.649609103082299e-01 3.892926052230905e-01 0.000000000000000e+00
2.012672547665610e-01 4.771539526225757e-01 0.000000000000000e+00
2.127251098842173e-01 4.817725419560938e-01 0.000000000000000e+00
1.977360763612193e-01 4.528104070326456e-01 0.000000000000000e+00
2.784318071038909e-02 3.315331321931576e-01 0.000000000000000e+00
5.044131322318705e-02 7.173597806505444e-02 0.000000000000000e+00
1.518424902942963e-01 3.981195729914971e-01 0.000000000000000e+00
1.860427312919545e-01 3.420965812030907e-01 0.000000000000000e+00
7.617485262786902e-03 1.686506407385262e-01 0.000000000000000e+00
3.894792394051957e-02 9.038643584515338e-02 0.000000000000000e+00
7.519510409700206e-02 1.248864931868412e-01 0.000000000000000e+00
1.501283373492044e-01 4.532358537799289e-01 0.000000000000000e+00
2.433605608337060e-01 4.423398016063929e-01 0.000000000000000e+00
2.404658347244910e-01 3.185274528587396e-01 0.000000000000000e+00
1.693126965609685e-02 1.996978352796136e-01 0.000000000000000e+00
5.789279778226498e-03 3.715725641768039e-01 0.000000000000000e+00
2.500933074280041e-02 4.448063337504520e-01 0.000000000000000e+00
9.301061740720701e-02 4.529444514058907e-01 0.000000000000000e+00
2.164585300228548e-01 1.778683053524724e-01 0.000000000000000e+00
7.439321527760742e-02 2.154556775564887e-01 0.000000000000000e+00
2.311403303173498e-01 3.468156324764726e-01 0.000000000000000e+00
1.425707615493544e-01 4.514232751317531e-01 0.000000000000000e+00
6.537824119058455e-02 2.264294960222525e-01 0.000000000000000e+00
2.344940872457399e-01 1.525224776988716e-01 0.000000000000000e+00
4.467898570251416e-02 4.427423748531306e-01 0.000000000000000e+00
4.787150440811281e-02 4.066550273042708e-01 0.000000000000000e+00
4.059085671251453e-02 1.776692490670412e-01 0.000000000000000e+00
1.851133732824533e-01 2.600641737886779e-01 0.000000000000000e+00
5.894093596481317e-02 2.787954465268172e-01 0.000000000000000e+00
4.122855705123969e-02 2.532576788427213e-01 0.000000000000000e+00
3.046077221632627e-02 6.608077658726913e-02 0.000000000000000e+00