1    2.500000000000000e-01   2.500000000000000e-01   0.000000000000000e+00 
2    2.500000000000000e-01   2.400000000000000e-01   0.000000000000000e+00 
3    2.500000000000000e-01   2.300000000000000e-01   0.000000000000000e+00 
4    2.500000000000000e-01   2.200000000000000e-01   0.000000000000000e+00 
5    2.500000000000000e-01   2.100000000000000e-01   0.000000000000000e+00 
6    2.500000000000000e-01   2.000000000000000e-01   0.000000000000000e+00 
7    2.500000000000000e-01   1.900000000000000e-01   0.000000000000000e+00 
8    2.500000000000000e-01   1.800000000000000e-01   0.000000000000000e+00 
9    2.500000000000000e-01   1.700000000000000e-01   0.000000000000000e+00 
10    2.500000000000000e-01   1.600000000000000e-01   0.000000000000000e+00 
11    2.500000000000000e-01   1.500000000000000e-01   0.000000000000000e+00 
12    2.500000000000000e-01   1.400000000000000e-01   0.000000000000000e+00 
13    2.500000000000000e-01   1.300000000000000e-01   0.000000000000000e+00 
14    2.500000000000000e-01   1.200000000000000e-01   0.000000000000000e+00 
15    2.500000000000000e-01   1.100000000000000e-01   0.000000000000000e+00 
16    2.500000000000000e-01   1.000000000000000e-01   0.000000000000000e+00 
17    2.500000000000000e-01   9.000000000000000e-02   0.000000000000000e+00 
18    2.500000000000000e-01   7.999999999999999e-02   0.000000000000000e+00 
19    2.500000000000000e-01   7.000000000000001e-02   0.000000000000000e+00 
20    2.500000000000000e-01   6.000000000000000e-02   0.000000000000000e+00 
21    2.500000000000000e-01   4.999999999999999e-02   0.000000000000000e+00 
22    2.500000000000000e-01   4.000000000000001e-02   0.000000000000000e+00 
23    2.500000000000000e-01   3.000000000000000e-02   0.000000000000000e+00 
24    2.500000000000000e-01   1.999999999999999e-02   0.000000000000000e+00 
25    2.500000000000000e-01   1.000000000000001e-02   0.000000000000000e+00 
26    2.500000000000000e-01   0.000000000000000e+00   0.000000000000000e+00 
27    2.400000000000000e-01   0.000000000000000e+00   0.000000000000000e+00 
28    2.300000000000000e-01   0.000000000000000e+00   0.000000000000000e+00 
29    2.200000000000000e-01   0.000000000000000e+00   0.000000000000000e+00 
30    2.100000000000000e-01   0.000000000000000e+00   0.000000000000000e+00 
31    2.000000000000000e-01   0.000000000000000e+00   0.000000000000000e+00 
32    1.900000000000000e-01   0.000000000000000e+00   0.000000000000000e+00 
33    1.800000000000000e-01   0.000000000000000e+00   0.000000000000000e+00 
34    1.700000000000000e-01   0.000000000000000e+00   0.000000000000000e+00 
35    1.600000000000000e-01   0.000000000000000e+00   0.000000000000000e+00 
36    1.500000000000000e-01   0.000000000000000e+00   0.000000000000000e+00 
37    1.400000000000000e-01   0.000000000000000e+00   0.000000000000000e+00 
38    1.300000000000000e-01   0.000000000000000e+00   0.000000000000000e+00 
39    1.200000000000000e-01   0.000000000000000e+00   0.000000000000000e+00 
40    1.100000000000000e-01   0.000000000000000e+00   0.000000000000000e+00 
41    1.000000000000000e-01   0.000000000000000e+00   0.000000000000000e+00 
42    9.000000000000000e-02   0.000000000000000e+00   0.000000000000000e+00 
43    7.999999999999999e-02   0.000000000000000e+00   0.000000000000000e+00 
44    7.000000000000001e-02   0.000000000000000e+00   0.000000000000000e+00 
45    6.000000000000000e-02   0.000000000000000e+00   0.000000000000000e+00 
46    4.999999999999999e-02   0.000000000000000e+00   0.000000000000000e+00 
47    4.000000000000001e-02   0.000000000000000e+00   0.000000000000000e+00 
48    3.000000000000000e-02   0.000000000000000e+00   0.000000000000000e+00 
49    1.999999999999999e-02   0.000000000000000e+00   0.000000000000000e+00 
50    1.000000000000001e-02   0.000000000000000e+00   0.000000000000000e+00 
51    0.000000000000000e+00   0.000000000000000e+00   0.000000000000000e+00 
52    0.000000000000000e+00   1.000000000000000e-02   0.000000000000000e+00 
53    0.000000000000000e+00   2.000000000000000e-02   0.000000000000000e+00 
54    0.000000000000000e+00   3.000000000000000e-02   0.000000000000000e+00 
55    0.000000000000000e+00   4.000000000000000e-02   0.000000000000000e+00 
56    0.000000000000000e+00   5.000000000000000e-02   0.000000000000000e+00 
57    0.000000000000000e+00   6.000000000000000e-02   0.000000000000000e+00 
58    0.000000000000000e+00   7.000000000000001e-02   0.000000000000000e+00 
59    0.000000000000000e+00   8.000000000000000e-02   0.000000000000000e+00 
60    0.000000000000000e+00   9.000000000000000e-02   0.000000000000000e+00 
61    0.000000000000000e+00   1.000000000000000e-01   0.000000000000000e+00 
62    0.000000000000000e+00   1.100000000000000e-01   0.000000000000000e+00 
63    0.000000000000000e+00   1.200000000000000e-01   0.000000000000000e+00 
64    0.000000000000000e+00   1.300000000000000e-01   0.000000000000000e+00 
65    0.000000000000000e+00   1.400000000000000e-01   0.000000000000000e+00 
66    0.000000000000000e+00   1.500000000000000e-01   0.000000000000000e+00 
67    0.000000000000000e+00   1.600000000000000e-01   0.000000000000000e+00 
68    0.000000000000000e+00   1.700000000000000e-01   0.000000000000000e+00 
69    0.000000000000000e+00   1.800000000000000e-01   0.000000000000000e+00 
70    0.000000000000000e+00   1.900000000000000e-01   0.000000000000000e+00 
71    0.000000000000000e+00   2.000000000000000e-01   0.000000000000000e+00 
72    0.000000000000000e+00   2.100000000000000e-01   0.000000000000000e+00 
73    0.000000000000000e+00   2.200000000000000e-01   0.000000000000000e+00 
74    0.000000000000000e+00   2.300000000000000e-01   0.000000000000000e+00 
75    0.000000000000000e+00   2.400000000000000e-01   0.000000000000000e+00 
76    0.000000000000000e+00   2.500000000000000e-01   0.000000000000000e+00 
77    1.000000000000000e-02   2.500000000000000e-01   0.000000000000000e+00 
78    2.000000000000000e-02   2.500000000000000e-01   0.000000000000000e+00 
79    3.000000000000000e-02   2.500000000000000e-01   0.000000000000000e+00 
80    4.000000000000000e-02   2.500000000000000e-01   0.000000000000000e+00 
81    5.000000000000000e-02   2.500000000000000e-01   0.000000000000000e+00 
82    6.000000000000000e-02   2.500000000000000e-01   0.000000000000000e+00 
83    7.000000000000001e-02   2.500000000000000e-01   0.000000000000000e+00 
84    8.000000000000000e-02   2.500000000000000e-01   0.000000000000000e+00 
85    9.000000000000000e-02   2.500000000000000e-01   0.000000000000000e+00 
86    1.000000000000000e-01   2.500000000000000e-01   0.000000000000000e+00 
87    1.100000000000000e-01   2.500000000000000e-01   0.000000000000000e+00 
88    1.200000000000000e-01   2.500000000000000e-01   0.000000000000000e+00 
89    1.300000000000000e-01   2.500000000000000e-01   0.000000000000000e+00 
90    1.400000000000000e-01   2.500000000000000e-01   0.000000000000000e+00 
91    1.500000000000000e-01   2.500000000000000e-01   0.000000000000000e+00 
92    1.600000000000000e-01   2.500000000000000e-01   0.000000000000000e+00 
93    1.700000000000000e-01   2.500000000000000e-01   0.000000000000000e+00 
94    1.800000000000000e-01   2.500000000000000e-01   0.000000000000000e+00 
95    1.900000000000000e-01   2.500000000000000e-01   0.000000000000000e+00 
96    2.000000000000000e-01   2.500000000000000e-01   0.000000000000000e+00 
97    2.100000000000000e-01   2.500000000000000e-01   0.000000000000000e+00 
98    2.200000000000000e-01   2.500000000000000e-01   0.000000000000000e+00 
99    2.300000000000000e-01   2.500000000000000e-01   0.000000000000000e+00 
100    2.400000000000000e-01   2.500000000000000e-01   0.000000000000000e+00 
101    2.206184511186222e-01   4.068058401868410e-02   0.000000000000000e+00 
102    2.136873100126628e-01   3.519487413300036e-02   0.000000000000000e+00 
103    2.125716894994018e-01   4.358302834414252e-02   0.000000000000000e+00 
104    2.429423462151810e-01   2.429423462151810e-01   0.000000000000000e+00 
105    7.612938259413751e-03   2.421005486157996e-01   0.000000000000000e+00 
106    7.057653784819014e-03   7.057653784819011e-03   0.000000000000000e+00 
107    2.423190907187127e-01   7.965693926603320e-03   0.000000000000000e+00 
108    1.621519525724414e-02   2.421793616145619e-01   0.000000000000000e+00 
109    2.454148799509695e-02   2.444205192633345e-01   0.000000000000000e+00 
110    2.363464540147053e-02   2.372482375951943e-01   0.000000000000000e+00 
111    6.189902462566232e-03   3.333192946561218e-02   0.000000000000000e+00 
112    9.327679922076955e-03   2.393428785488122e-02   0.000000000000000e+00 
113    3.231462923840901e-02   2.416827474822116e-01   0.000000000000000e+00 
114    3.597623453806455e-02   2.348205465858520e-01   0.000000000000000e+00 
115    2.966539008780758e-02   2.338913295691139e-01   0.000000000000000e+00 
116    3.294239907737110e-02   2.280228773737419e-01   0.000000000000000e+00 
117    1.883957142578635e-02   3.994684326893270e-02   0.000000000000000e+00 
118    2.698694765340901e-02   4.889408703360999e-02   0.000000000000000e+00 
119    2.999817311453591e-02   3.968812691154471e-02   0.000000000000000e+00 
120    1.259738560265114e-02   3.287698373332297e-02   0.000000000000000e+00 
121    5.831192586358391e-02   2.443955329761643e-01   0.000000000000000e+00 
122    5.346938827393824e-02   2.396042567427996e-01   0.000000000000000e+00 
123    9.169857776759204e-02   1.452312942531804e-01   0.000000000000000e+00 
124    8.263186003840981e-02   1.501240907236797e-01   0.000000000000000e+00 
125    9.208300159644084e-02   1.537436937352424e-01   0.000000000000000e+00 
126    6.056213688362735e-03   5.471723892112843e-02   0.000000000000000e+00 
127    7.964515079814338e-03   6.177906844617097e-02   0.000000000000000e+00 
128    1.194201280007467e-02   6.931435499734934e-02   0.000000000000000e+00 
129    6.315208416135430e-02   2.378924361284829e-01   0.000000000000000e+00 
130    6.458855833870442e-02   2.445771631671791e-01   0.000000000000000e+00 
131    7.022710000517284e-02   2.408258785282267e-01   0.000000000000000e+00 
132    7.123226481616834e-03   2.051741786763051e-01   0.000000000000000e+00 
133    1.535127373490267e-02   2.103427700800571e-01   0.000000000000000e+00 
134    1.432620589181283e-02   1.986627108913038e-01   0.000000000000000e+00 
135    6.597299996673398e-03   2.153585358549969e-01   0.000000000000000e+00 
136    5.467575799509390e-03   2.242745550806944e-01   0.000000000000000e+00 
137    8.072755513234270e-03   7.616020040620196e-02   0.000000000000000e+00 
138    2.330036413626281e-02   9.461019684126128e-03   0.000000000000000e+00 
139    1.895142128552560e-02   1.922934783028712e-02   0.000000000000000e+00 
140    2.619924545548149e-02   1.799150946531269e-02   0.000000000000000e+00 
141    3.100310180950213e-02   1.272814407252464e-02   0.000000000000000e+00 
142    3.923645861920919e-02   1.141451485498819e-02   0.000000000000000e+00 
143    3.264811851629963e-02   6.643023376227830e-03   0.000000000000000e+00 
144    2.169033969843251e-02   6.922531747014846e-02   0.000000000000000e+00 
145    1.726956506611706e-02   6.233030942999646e-02   0.000000000000000e+00 
146    8.578129446872776e-02   2.446898716001177e-01   0.000000000000000e+00 
147    9.427985583524025e-02   2.422248771302827e-01   0.000000000000000e+00 
148    8.552685107275809e-02   2.376491631757130e-01   0.000000000000000e+00 
149    4.762497493463487e-02   7.635595766432400e-03   0.000000000000000e+00 
150    1.539445646548348e-02   9.124817958977005e-02   0.000000000000000e+00 
151    1.093353303347913e-02   8.292206541192022e-02   0.000000000000000e+00 
152    6.888882920154879e-03   8.828866275940081e-02   0.000000000000000e+00 
153    2.438100975374338e-01   2.166680705343878e-01   0.000000000000000e+00 
154    2.405148652024328e-01   2.261396430263717e-01   0.000000000000000e+00 
155    2.306785326358688e-01   2.095327274593689e-01   0.000000000000000e+00 
156    2.208221352253467e-01   2.007182772401351e-01   0.000000000000000e+00 
157    2.191175731389967e-01   2.102080865708351e-01   0.000000000000000e+00 
158    2.371999732647638e-01   2.171003625320965e-01   0.000000000000000e+00 
159    2.444055522849783e-01   1.951522001355406e-01   0.000000000000000e+00 
160    2.427467482646215e-01   1.885120948309766e-01   0.000000000000000e+00 
161    2.403829614107925e-01   1.824740276749577e-01   0.000000000000000e+00 
162    2.263634337026147e-01   2.405796868995559e-01   0.000000000000000e+00 
163    2.305604375155358e-01   2.309069276479808e-01   0.000000000000000e+00 
164    2.227209834775117e-01   2.319090246868115e-01   0.000000000000000e+00 
165    2.019422604276958e-01   2.017770697889325e-01   0.000000000000000e+00 
166    1.998712785071942e-01   1.940769624458246e-01   0.000000000000000e+00 
167    1.947447418896300e-01   1.951647946690951e-01   0.000000000000000e+00 
168    2.181455043294217e-01   2.370836035830283e-01   0.000000000000000e+00 
169    2.102497285231498e-01   2.388262228778527e-01   0.000000000000000e+00 
170    2.170818308491768e-01   2.434432239694743e-01   0.000000000000000e+00 
171    2.337414412348895e-01   1.880266173411166e-01   0.000000000000000e+00 
172    2.344631935690357e-01   1.800152112861444e-01   0.000000000000000e+00 
173    2.024417435251799e-01   2.427358759675300e-01   0.000000000000000e+00 
174    2.341729575386537e-01   1.592054923908631e-01   0.000000000000000e+00 
175    2.385608907539799e-01   1.676496318533598e-01   0.000000000000000e+00 
176    2.430195863806334e-01   1.618736826203412e-01   0.000000000000000e+00 
177    8.116425101811793e-03   9.727306879531376e-02   0.000000000000000e+00 
178    5.477755764365995e-02   5.522002767213569e-03   0.000000000000000e+00 
179    6.181703275394606e-02   7.321663676377807e-03   0.000000000000000e+00 
180    6.828266340080276e-02   9.639782992255331e-03   0.000000000000000e+00 
181    5.742042030545798e-03   1.054770329106042e-01   0.000000000000000e+00 
182    1.363773138268478e-02   1.063913240016414e-01   0.000000000000000e+00 
183    2.417905931529446e-01   1.526855049116391e-01   0.000000000000000e+00 
184    1.957754111764974e-01   2.445705148328907e-01   0.000000000000000e+00 
185    1.889237019116584e-01   2.426656496926324e-01   0.000000000000000e+00 
186    2.442159104308893e-01   1.444156425446459e-01   0.000000000000000e+00 
187    2.362925053924075e-01   1.431539487619243e-01   0.000000000000000e+00 
188    1.827710821632541e-01   2.396404018519917e-01   0.000000000000000e+00 
189    4.323275777277132e-02   7.596622941671148e-02   0.000000000000000e+00 
190    3.753252004551243e-02   8.368212029896870e-02   0.000000000000000e+00 
191    4.740403160117382e-02   8.418183503768792e-02   0.000000000000000e+00 
192    7.534226326250300e-02   8.764763621782686e-03   0.000000000000000e+00 
193    1.537224555647548e-02   1.157715113243513e-01   0.000000000000000e+00 
194    2.178597352171071e-02   1.101258041973562e-01   0.000000000000000e+00 
195    9.467830441076251e-02   3.695390621713439e-02   0.000000000000000e+00 
196    9.987260948610548e-02   4.374403679682125e-02   0.000000000000000e+00 
197    1.056397040582675e-01   4.005482799382234e-02   0.000000000000000e+00 
198    7.223731851492387e-03   1.327721577722425e-01   0.000000000000000e+00 
199    1.212358951119754e-02   1.394148362344861e-01   0.000000000000000e+00 
200    8.075331781575057e-02   1.794091373772636e-02   0.000000000000000e+00 
201    8.870505228228925e-02   1.141495650818668e-02   0.000000000000000e+00 
202    8.239505615732873e-02   8.922070876644841e-03   0.000000000000000e+00 
203    9.776973290644828e-02   1.166615133931540e-02   0.000000000000000e+00 
204    9.867842009605503e-02   1.948515356141325e-02   0.000000000000000e+00 
205    1.051338051981390e-01   1.680758692107230e-02   0.000000000000000e+00 
206    2.607664897909099e-02   1.456863583686799e-01   0.000000000000000e+00 
207    2.616478639453638e-02   1.387655310060520e-01   0.000000000000000e+00 
208    1.992257112938532e-02   1.431538656241698e-01   0.000000000000000e+00 
209    1.071809514675781e-01   8.595971800706904e-03   0.000000000000000e+00 
210    8.051253024875674e-02   1.331085883838235e-01   0.000000000000000e+00 
211    9.237287844479616e-02   1.343874136318477e-01   0.000000000000000e+00 
212    8.671117402756476e-02   1.261064653464838e-01   0.000000000000000e+00 
213    1.942202385042345e-01   1.743993974887170e-01   0.000000000000000e+00 
214    1.958368302176829e-01   1.817398818146281e-01   0.000000000000000e+00 
215    2.006212583323599e-01   1.767333994642341e-01   0.000000000000000e+00 
216    1.753191758988539e-01   2.403880122283817e-01   0.000000000000000e+00 
217    1.464970411235467e-01   2.109609230601895e-01   0.000000000000000e+00 
218    1.413197552518820e-01   2.187585875039388e-01   0.000000000000000e+00 
219    1.499487331551329e-01   2.208307361689807e-01   0.000000000000000e+00 
220    2.348539272878120e-01   1.341757363410983e-01   0.000000000000000e+00 
221    2.296675408283651e-01   1.387794092077862e-01   0.000000000000000e+00 
222    1.613633848500150e-02   1.786561650796507e-01   0.000000000000000e+00 
223    6.590665602926503e-03   1.747614276813566e-01   0.000000000000000e+00 
224    6.706303798460281e-03   1.825696181196107e-01   0.000000000000000e+00 
225    1.431298611536514e-01   2.422109126711483e-01   0.000000000000000e+00 
226    1.502358226298448e-01   2.411857265319039e-01   0.000000000000000e+00 
227    1.654926981803544e-01   1.031126459366247e-01   0.000000000000000e+00 
228    1.576113487645443e-01   1.095643506694918e-01   0.000000000000000e+00 
229    1.654068737452239e-01   1.120234057083161e-01   0.000000000000000e+00 
230    2.870978243253481e-02   1.512942110852072e-01   0.000000000000000e+00 
231    2.100306885229055e-02   1.515927522404486e-01   0.000000000000000e+00 
232    2.685187716104808e-02   1.600337139530798e-01   0.000000000000000e+00 
233    2.427379084185566e-01   1.172559826163225e-01   0.000000000000000e+00 
234    2.378764104888025e-01   1.105851637655139e-01   0.000000000000000e+00 
235    1.634532929556706e-01   2.323408573541109e-01   0.000000000000000e+00 
236    1.676541635639317e-01   2.396076084546376e-01   0.000000000000000e+00 
237    1.720194115809818e-01   2.313429959494566e-01   0.000000000000000e+00 
238    1.553346683130675e-01   2.352237158737978e-01   0.000000000000000e+00 
239    1.465952433903571e-01   2.352129460038764e-01   0.000000000000000e+00 
240    2.229938425782591e-01   1.040493124171188e-01   0.000000000000000e+00 
241    2.208640516084820e-01   1.121128739077768e-01   0.000000000000000e+00 
242    2.292112999967244e-01   1.072426231813634e-01   0.000000000000000e+00 
243    1.267988197648632e-01   3.477184232555648e-02   0.000000000000000e+00 
244    1.344891803286825e-01   3.238279641451804e-02   0.000000000000000e+00 
245    1.291349461618185e-01   2.380583118065200e-02   0.000000000000000e+00 
246    2.354896405740132e-01   6.909596776648118e-02   0.000000000000000e+00 
247    2.419354660929268e-01   7.573215322655190e-02   0.000000000000000e+00 
248    2.432400257592681e-01   6.718877471542660e-02   0.000000000000000e+00 
249    9.371344180366881e-02   1.991968574762565e-01   0.000000000000000e+00 
250    9.693117087307068e-02   2.060395593717758e-01   0.000000000000000e+00 
251    1.017659288070688e-01   1.996494529270012e-01   0.000000000000000e+00 
252    1.039650823893619e-02   1.895538718277053e-01   0.000000000000000e+00 
253    6.464579266312116e-03   1.966810552314731e-01   0.000000000000000e+00 
254    1.060064307919050e-01   2.355828480302538e-01   0.000000000000000e+00 
255    1.129051042145479e-01   2.383494882194959e-01   0.000000000000000e+00 
256    1.107633472873886e-01   2.302093049082324e-01   0.000000000000000e+00 
257    1.053776122785356e-01   2.426627231865291e-01   0.000000000000000e+00 
258    1.140286740508694e-01   2.446399591385250e-01   0.000000000000000e+00 
259    9.664106152802249e-02   1.915976308406085e-01   0.000000000000000e+00 
260    8.939304198029649e-02   1.869317525817429e-01   0.000000000000000e+00 
261    8.608538884339859e-02   1.943954025288458e-01   0.000000000000000e+00 
262    1.246434583660716e-01   2.129327263326096e-01   0.000000000000000e+00 
263    1.308054343404505e-01   2.202785963176786e-01   0.000000000000000e+00 
264    1.309567478302814e-01   2.116986560455619e-01   0.000000000000000e+00 
265    1.198231480868404e-01   6.339634118332274e-02   0.000000000000000e+00 
266    1.266842285098816e-01   6.483105810589086e-02   0.000000000000000e+00 
267    1.243694771023508e-01   5.868749026028112e-02   0.000000000000000e+00 
268    1.446190757627733e-01   7.348965107759982e-03   0.000000000000000e+00 
269    1.359739149945904e-01   5.407524556001459e-03   0.000000000000000e+00 
270    1.370717120746138e-01   1.173232984052773e-02   0.000000000000000e+00 
271    2.208899674396687e-01   9.787087904581988e-02   0.000000000000000e+00 
272    2.287523724733797e-01   9.796227448205995e-02   0.000000000000000e+00 
273    2.224385422485516e-01   8.959253345818471e-02   0.000000000000000e+00 
274    1.434518461760867e-01   1.460226387554879e-02   0.000000000000000e+00 
275    1.382172624125732e-01   1.938106436799175e-02   0.000000000000000e+00 
276    2.340268932546271e-01   5.428001357312002e-02   0.000000000000000e+00 
277    2.423312494638353e-01   5.282673467794491e-02   0.000000000000000e+00 
278    2.369042044667483e-01   4.718950594652720e-02   0.000000000000000e+00 
279    1.554068259265788e-01   7.765653781377801e-03   0.000000000000000e+00 
280    1.483359278438534e-01   2.178891272131574e-02   0.000000000000000e+00 
281    1.568133285650223e-01   1.642334132127292e-02   0.000000000000000e+00 
282    1.498030739366515e-01   1.343525074120236e-02   0.000000000000000e+00 
283    2.432196472716466e-01   4.388702456484431e-02   0.000000000000000e+00 
284    2.434812991522298e-01   3.411699852404777e-02   0.000000000000000e+00 
285    2.353151725139564e-01   3.816076755248660e-02   0.000000000000000e+00 
286    1.870152283111944e-01   1.169181519074414e-02   0.000000000000000e+00 
287    1.917198703865861e-01   5.454135174296455e-03   0.000000000000000e+00 
288    1.857896462222950e-01   5.275495049705993e-03   0.000000000000000e+00 
289    2.448780688046455e-01   2.568433177057288e-02   0.000000000000000e+00 
290    1.802131324136945e-01   9.231524883489370e-03   0.000000000000000e+00 
291    1.961294719097001e-01   1.024362056428664e-02   0.000000000000000e+00 
292    1.759442551419173e-01   7.633607068917374e-02   0.000000000000000e+00 
293    1.731987755925110e-01   6.713877929514209e-02   0.000000000000000e+00 
294    1.685910822830946e-01   7.271577878159724e-02   0.000000000000000e+00 
295    2.206541580658374e-01   2.171088376789567e-02   0.000000000000000e+00 
296    2.222747420282574e-01   3.051179600236968e-02   0.000000000000000e+00 
297    2.281376098315203e-01   2.339940362751736e-02   0.000000000000000e+00 
298    2.188865348338377e-01   5.088088990516379e-02   0.000000000000000e+00 
299    2.190918216256070e-01   6.282536462453697e-02   0.000000000000000e+00 
300    2.261049108340352e-01   5.556070720524466e-02   0.000000000000000e+00 
301    2.333255896367919e-01   7.905326032141460e-03   0.000000000000000e+00 
302    2.248461905078013e-01   5.715149504640265e-03   0.000000000000000e+00 
303    2.245759096538287e-01   1.409534306576695e-02   0.000000000000000e+00 
304    1.267654706927206e-02   1.536909297705240e-01   0.000000000000000e+00 
305    7.568988735511074e-03   1.474260346287853e-01   0.000000000000000e+00 
306    5.994236251717592e-03   1.545733933174766e-01   0.000000000000000e+00 
307    2.374039166219912e-01   9.609870383458288e-02   0.000000000000000e+00 
308    2.425038417517419e-01   1.025757623140691e-01   0.000000000000000e+00 
309    2.443622829805370e-01   9.564775473454337e-02   0.000000000000000e+00 
310    8.362334473639163e-02   8.977029620936064e-02   0.000000000000000e+00 
311    8.711144519278337e-02   8.061052112776913e-02   0.000000000000000e+00 
312    7.563049535673103e-02   8.237483026189743e-02   0.000000000000000e+00 
313    2.425745320476649e-01   1.719449394934725e-02   0.000000000000000e+00 
314    2.062049624527005e-01   1.005191758217124e-02   0.000000000000000e+00 
315    7.734976079285752e-03   2.329496201863938e-01   0.000000000000000e+00 
316    4.330487615549029e-02   2.401877404371520e-01   0.000000000000000e+00 
317    1.466638690776895e-01   1.604206441321465e-01   0.000000000000000e+00 
318    1.420198865399422e-01   1.660240016190311e-01   0.000000000000000e+00 
319    1.486351804105673e-01   1.682733251350577e-01   0.000000000000000e+00 
320    8.702131223311743e-02   2.045622169170586e-01   0.000000000000000e+00 
321    1.630825114109333e-01   2.444257533451454e-01   0.000000000000000e+00 
322    1.565238524465079e-01   2.432877191595042e-01   0.000000000000000e+00 
323    1.646783261425041e-01   6.670598749839321e-02   0.000000000000000e+00 
324    1.602269935923754e-01   7.481801699462447e-02   0.000000000000000e+00 
325    8.686796173744542e-02   5.285107613566319e-03   0.000000000000000e+00 
326    9.266854938523660e-02   5.673243092213681e-03   0.000000000000000e+00 
327    9.168463694782400e-03   1.238476938140051e-01   0.000000000000000e+00 
328    1.064481332090508e-01   1.119229651753382e-01   0.000000000000000e+00 
329    1.066665560352332e-01   1.042202936062540e-01   0.000000000000000e+00 
330    1.009190460594673e-01   1.079825031369901e-01   0.000000000000000e+00 
331    2.408282917072611e-01   1.262443195448503e-01   0.000000000000000e+00 
332    1.796458537349526e-01   1.627652267360476e-01   0.000000000000000e+00 
333    1.855067543318585e-01   1.547685920479800e-01   0.000000000000000e+00 
334    1.759577756430789e-01   1.553266615782823e-01   0.000000000000000e+00 
335    1.080977856155910e-01   1.551729637427445e-01   0.000000000000000e+00 
336    1.103605432655465e-01   1.466841824126449e-01   0.000000000000000e+00 
337    1.033964202686393e-01   1.501542877903047e-01   0.000000000000000e+00 
338    4.389527553256706e-02   1.439836091453982e-01   0.000000000000000e+00 
339    4.914529954310775e-02   1.515265198526107e-01   0.000000000000000e+00 
340    5.061304459093167e-02   1.429902890080619e-01   0.000000000000000e+00 
341    1.226552111137586e-01   1.214174647579828e-01   0.000000000000000e+00 
342    1.151724554209531e-01   1.266275319445470e-01   0.000000000000000e+00 
343    1.242447838634488e-01   1.269727811405867e-01   0.000000000000000e+00 
344    2.063137086248691e-01   1.051751078858138e-01   0.000000000000000e+00 
345    2.008706460965603e-01   9.868973597006617e-02   0.000000000000000e+00 
346    1.996810854026121e-01   1.064333947940793e-01   0.000000000000000e+00 
347    2.294327867330708e-01   1.139134703652596e-01   0.000000000000000e+00 
348    2.094529976466593e-01   7.697941841047798e-02   0.000000000000000e+00 
349    2.048841489824127e-01   7.034982337692090e-02   0.000000000000000e+00 
350    1.991753719917203e-01   7.604243387584304e-02   0.000000000000000e+00 
351    1.954777345831720e-02   1.365866674451270e-01   0.000000000000000e+00 
352    4.958354966175649e-02   1.843276751058293e-01   0.000000000000000e+00 
353    5.002664947898973e-02   1.754261034262671e-01   0.000000000000000e+00 
354    4.388769907778960e-02   1.801625455637959e-01   0.000000000000000e+00 
355    7.312231978338878e-02   1.278008201319487e-01   0.000000000000000e+00 
356    6.451906428461117e-02   1.297021514366694e-01   0.000000000000000e+00 
357    7.164153651081083e-02   1.350449793333230e-01   0.000000000000000e+00 
358    1.210950545069328e-01   9.425255529640596e-02   0.000000000000000e+00 
359    1.177489433034806e-01   1.017882210811190e-01   0.000000000000000e+00 
360    1.228481691721859e-01   1.061914429373534e-01   0.000000000000000e+00 
361    1.833618501362750e-01   1.344644059967781e-01   0.000000000000000e+00 
362    1.788810709736593e-01   1.248591411907749e-01   0.000000000000000e+00 
363    1.755084719790021e-01   1.331478011846397e-01   0.000000000000000e+00 
364    1.117537473141603e-01   1.770144178654677e-01   0.000000000000000e+00 
365    1.199395780502135e-01   1.784052399277879e-01   0.000000000000000e+00 
366    1.173558878118750e-01   1.702335021892553e-01   0.000000000000000e+00 
367    1.764860538054735e-01   4.127734158119964e-02   0.000000000000000e+00 
368    1.719685112948584e-01   5.002733306181188e-02   0.000000000000000e+00 
369    1.801369860115688e-01   4.802645080325228e-02   0.000000000000000e+00 
370    5.638506979835531e-02   1.891832097869174e-01   0.000000000000000e+00 
371    5.696880264057695e-02   1.812226923514730e-01   0.000000000000000e+00 
372    1.842875894296915e-01   1.718204590597300e-01   0.000000000000000e+00 
373    1.930705436180604e-01   1.671283482946876e-01   0.000000000000000e+00 
374    1.877600081739553e-01   1.630243874531770e-01   0.000000000000000e+00 
375    9.152474128282416e-02   1.878725066638978e-02   0.000000000000000e+00 
376    1.059305221323719e-01   8.817566267708175e-02   0.000000000000000e+00 
377    1.135446790830757e-01   8.648776420838801e-02   0.000000000000000e+00 
378    1.093340312027563e-01   8.315598501387980e-02   0.000000000000000e+00 
379    6.201959119315720e-02   7.587481836616500e-02   0.000000000000000e+00 
380    6.816578077813650e-02   6.936941551137558e-02   0.000000000000000e+00 
381    5.958497186348476e-02   6.685012822422953e-02   0.000000000000000e+00 
382    1.621016889137574e-01   1.826465695238642e-01   0.000000000000000e+00 
383    1.524207823444093e-01   1.846932028614572e-01   0.000000000000000e+00 
384    1.595956386453201e-01   1.901887145395105e-01   0.000000000000000e+00 
385    1.001994348483441e-01   1.571398699473213e-01   0.000000000000000e+00 
386    9.414098693769368e-02   1.611818459026229e-01   0.000000000000000e+00 
387    8.388222565864346e-02   1.013928263182194e-01   0.000000000000000e+00 
388    9.339292275877932e-02   1.076889945677800e-01   0.000000000000000e+00 
389    9.258727415654587e-02   9.960552881299453e-02   0.000000000000000e+00 
390    1.197818853839972e-01   8.400111975137374e-02   0.000000000000000e+00 
391    1.612941280552782e-01   1.198735182242674e-01   0.000000000000000e+00 
392    1.530484103898955e-01   1.252954699897219e-01   0.000000000000000e+00 
393    1.602800121975241e-01   1.321401367082287e-01   0.000000000000000e+00 
394    1.854463100315837e-01   1.957011363526660e-01   0.000000000000000e+00 
395    1.921186459180153e-01   2.030431093409992e-01   0.000000000000000e+00 
396    2.353982321614021e-01   2.441836417492707e-01   0.000000000000000e+00 
397    2.368067051958264e-01   2.368125161935086e-01   0.000000000000000e+00 
398    2.760422469615895e-02   1.759319911027198e-01   0.000000000000000e+00 
399    2.244531151511999e-02   1.687283775270130e-01   0.000000000000000e+00 
400    6.878453255339193e-02   6.102046259729195e-02   0.000000000000000e+00 
401    7.663069975513571e-02   5.790199944103787e-02   0.000000000000000e+00 
402    7.186759133238356e-02   5.145968672106844e-02   0.000000000000000e+00 
403    1.455623257154223e-02   5.837168039667108e-03   0.000000000000000e+00 
404    1.304479345175144e-02   1.325896468898963e-02   0.000000000000000e+00 
405    2.167237421829318e-01   7.580221463305613e-03   0.000000000000000e+00 
406    2.146805023332209e-01   1.653862749931439e-02   0.000000000000000e+00 
407    1.747596698053703e-01   1.019702988241954e-01   0.000000000000000e+00 
408    1.832535436939189e-01   1.078149186795540e-01   0.000000000000000e+00 
409    1.808175978149043e-01   9.939499477348997e-02   0.000000000000000e+00 
410    1.829301841610165e-01   8.284562741228688e-02   0.000000000000000e+00 
411    1.906486506064629e-01   8.689017100078918e-02   0.000000000000000e+00 
412    1.909506901981779e-01   7.919038114730551e-02   0.000000000000000e+00 
413    7.683490322333672e-02   1.107495578194762e-01   0.000000000000000e+00 
414    6.767242176520115e-02   1.067608379470716e-01   0.000000000000000e+00 
415    6.909563189287198e-02   1.148705732825704e-01   0.000000000000000e+00 
416    6.757654314299671e-02   1.668094826603035e-01   0.000000000000000e+00 
417    6.477369079161692e-02   1.584149795416814e-01   0.000000000000000e+00 
418    5.892605841238524e-02   1.636858105252907e-01   0.000000000000000e+00 
419    7.800642261319428e-02   2.428431375659588e-01   0.000000000000000e+00 
420    6.754810988934903e-02   2.189252429332618e-01   0.000000000000000e+00 
421    6.146991698518638e-02   2.118647579921898e-01   0.000000000000000e+00 
422    5.973505207342612e-02   2.184455525334531e-01   0.000000000000000e+00 
423    1.712485707204134e-01   8.684609078357164e-03   0.000000000000000e+00 
424    1.933456835614680e-01   4.653474465244499e-02   0.000000000000000e+00 
425    1.862168363593430e-01   4.961196458522327e-02   0.000000000000000e+00 
426    1.911321716549782e-01   5.412709562671666e-02   0.000000000000000e+00 
427    2.045267678952045e-01   1.269682097760428e-01   0.000000000000000e+00 
428    1.957660204669460e-01   1.225894116075753e-01   0.000000000000000e+00 
429    1.973284469774208e-01   1.303114259867479e-01   0.000000000000000e+00 
430    2.079209359594958e-01   1.595792193519380e-01   0.000000000000000e+00 
431    2.125612382098981e-01   1.660242442031843e-01   0.000000000000000e+00 
432    2.179901688979869e-01   1.604745606155364e-01   0.000000000000000e+00 
433    4.709626801432229e-02   1.303403904786413e-01   0.000000000000000e+00 
434    4.545745793985487e-02   1.216729987116603e-01   0.000000000000000e+00 
435    3.878219183863650e-02   1.267775448756006e-01   0.000000000000000e+00 
436    4.147284674986863e-02   9.135586321957585e-02   0.000000000000000e+00 
437    3.161261882649170e-02   8.991953630098290e-02   0.000000000000000e+00 
438    3.497351048484626e-02   1.563064950433371e-01   0.000000000000000e+00 
439    4.343272847351265e-02   1.590461125350890e-01   0.000000000000000e+00 
440    4.095170454545455e-02   1.511410984848484e-01   0.000000000000000e+00 
441    2.145403507551306e-01   9.355812030658087e-02   0.000000000000000e+00 
442    2.062931056705025e-01   9.169782596666136e-02   0.000000000000000e+00 
443    2.087519286232112e-01   9.867009502944685e-02   0.000000000000000e+00 
444    5.280958033935405e-02   9.384955596427708e-02   0.000000000000000e+00 
445    6.507937737785995e-02   9.720373297093980e-02   0.000000000000000e+00 
446    6.172739223867618e-02   8.930929377056890e-02   0.000000000000000e+00 
447    2.559058611492905e-02   6.242622898654642e-02   0.000000000000000e+00 
448    3.478751674352613e-02   6.116796725547471e-02   0.000000000000000e+00 
449    2.859036224526147e-02   5.651321909223425e-02   0.000000000000000e+00 
450    2.239087308932208e-01   1.916565275946231e-01   0.000000000000000e+00 
451    2.156468321849111e-01   1.879051542365738e-01   0.000000000000000e+00 
452    2.181289122638418e-01   1.942517235050997e-01   0.000000000000000e+00 
453    2.251181789893140e-01   1.810356182368341e-01   0.000000000000000e+00 
454    6.105694879456534e-02   5.576158483566598e-02   0.000000000000000e+00 
455    6.337452085622294e-02   4.668778421415375e-02   0.000000000000000e+00 
456    5.674472393937285e-02   4.942728939268937e-02   0.000000000000000e+00 
457    6.401913073530398e-02   2.998151276245976e-02   0.000000000000000e+00 
458    7.005569326736397e-02   2.411013809839700e-02   0.000000000000000e+00 
459    6.139105522534205e-02   2.439456669463999e-02   0.000000000000000e+00 
460    1.842996432395638e-01   1.867862831615749e-01   0.000000000000000e+00 
461    1.749884431747451e-01   1.895549365539263e-01   0.000000000000000e+00 
462    1.841516236791982e-01   2.177038129251798e-01   0.000000000000000e+00 
463    1.879482699648451e-01   2.236222789403670e-01   0.000000000000000e+00 
464    1.901370821705027e-01   2.128321629735607e-01   0.000000000000000e+00 
465    1.219945927294740e-01   1.859257466792913e-01   0.000000000000000e+00 
466    1.147514862321356e-01   1.914524470717482e-01   0.000000000000000e+00 
467    1.232050795155996e-01   1.926004086762886e-01   0.000000000000000e+00 
468    1.054243991952650e-01   1.844486207815314e-01   0.000000000000000e+00 
469    9.753614625681480e-02   1.771547676083093e-01   0.000000000000000e+00 
470    9.518488407100734e-02   1.838098889140628e-01   0.000000000000000e+00 
471    1.446985714111295e-01   4.235579709126124e-02   0.000000000000000e+00 
472    1.348695034783206e-01   4.084292009320251e-02   0.000000000000000e+00 
473    1.390925936039688e-01   5.004220899846453e-02   0.000000000000000e+00 
474    1.633695536896159e-01   9.312785367823320e-02   0.000000000000000e+00 
475    1.726590949351144e-01   8.749065827872701e-02   0.000000000000000e+00 
476    1.621443871486211e-01   8.458665237594096e-02   0.000000000000000e+00 
477    9.222573195659951e-02   8.693114085022718e-02   0.000000000000000e+00 
478    1.702844520587773e-01   1.627091739958839e-01   0.000000000000000e+00 
479    1.660864552018973e-01   1.736519253728498e-01   0.000000000000000e+00 
480    1.748600713227428e-01   1.695486358043908e-01   0.000000000000000e+00 
481    1.416552366019313e-01   3.492299728584927e-02   0.000000000000000e+00 
482    1.467193177916890e-01   3.023646291925650e-02   0.000000000000000e+00 
483    1.396596772213744e-01   2.740207222272247e-02   0.000000000000000e+00 
484    1.176070938171118e-01   9.129447555437202e-03   0.000000000000000e+00 
485    1.127668555418454e-01   2.225144898202270e-01   0.000000000000000e+00 
486    1.034020050781549e-01   2.223157265937617e-01   0.000000000000000e+00 
487    1.328312784365586e-01   2.413052108526332e-01   0.000000000000000e+00 
488    1.359772250641261e-01   1.446996023866624e-01   0.000000000000000e+00 
489    1.451265236299863e-01   1.501557409720815e-01   0.000000000000000e+00 
490    1.439522358631639e-01   1.381642578039347e-01   0.000000000000000e+00 
491    9.760616888884900e-02   1.496777285551350e-01   0.000000000000000e+00 
492    1.010640765179738e-01   1.424395100740916e-01   0.000000000000000e+00 
493    1.344877199174151e-01   6.543534283413741e-02   0.000000000000000e+00 
494    1.310873495940320e-01   6.049674049179489e-02   0.000000000000000e+00 
495    1.030421318770114e-01   7.182190826482032e-02   0.000000000000000e+00 
496    1.128474251689911e-01   6.717768144822406e-02   0.000000000000000e+00 
497    1.058652045575556e-01   6.339963339521409e-02   0.000000000000000e+00 
498    1.431167623799497e-01   1.905006468440012e-01   0.000000000000000e+00 
499    1.352742777985094e-01   1.917425623706078e-01   0.000000000000000e+00 
500    1.378808904160596e-01   1.970114692017068e-01   0.000000000000000e+00 
501    1.574281563948568e-01   1.775356036244587e-01   0.000000000000000e+00 
502    1.800835927835255e-01   3.062103187878520e-02   0.000000000000000e+00 
503    1.716849903527515e-01   3.578425523105824e-02   0.000000000000000e+00 
504    1.627889482991252e-01   1.135905861265972e-02   0.000000000000000e+00 
505    1.637959630904317e-01   5.608760524716070e-03   0.000000000000000e+00 
506    1.233056901326141e-01   5.121875543544513e-02   0.000000000000000e+00 
507    1.139510046382223e-01   5.726404171875692e-02   0.000000000000000e+00 
508    8.385521355267257e-02   5.197696964620531e-02   0.000000000000000e+00 
509    7.801910508720940e-02   4.502191073336055e-02   0.000000000000000e+00 
510    5.751875759724315e-02   1.045234218632253e-01   0.000000000000000e+00 
511    5.593547298660904e-02   1.137854424701898e-01   0.000000000000000e+00 
512    6.288283927838702e-02   1.117360760877999e-01   0.000000000000000e+00 
513    1.659933023261051e-02   9.876949616678994e-02   0.000000000000000e+00 
514    2.466643041175118e-02   9.609211509550777e-02   0.000000000000000e+00 
515    1.803000435006590e-01   1.484537913344476e-01   0.000000000000000e+00 
516    1.855592506968565e-01   1.427102793050056e-01   0.000000000000000e+00 
517    1.775095157052470e-01   1.406979961321472e-01   0.000000000000000e+00 
518    2.330227316861083e-01   1.509462623745546e-01   0.000000000000000e+00 
519    2.246303518914122e-01   1.538334940242716e-01   0.000000000000000e+00 
520    2.125212398700855e-01   5.617697042853622e-02   0.000000000000000e+00 
521    2.391467910797647e-01   6.094684958737869e-02   0.000000000000000e+00 
522    4.054863357563444e-02   2.058627810014508e-01   0.000000000000000e+00 
523    3.942411572675392e-02   1.963539979025396e-01   0.000000000000000e+00 
524    3.288168077611088e-02   2.034559650177775e-01   0.000000000000000e+00 
525    2.053504337768971e-01   5.407948606027111e-02   0.000000000000000e+00 
526    1.982902692644511e-01   5.136857457139901e-02   0.000000000000000e+00 
527    1.985082853792529e-01   5.819466113040876e-02   0.000000000000000e+00 
528    2.072701843609010e-01   6.267922787407360e-02   0.000000000000000e+00 
529    1.970069280503572e-01   6.682442166145848e-02   0.000000000000000e+00 
530    7.131864053701527e-02   2.010498117523086e-01   0.000000000000000e+00 
531    7.943958644897552e-02   1.997737899830800e-01   0.000000000000000e+00 
532    7.550132800258301e-02   1.923873623945638e-01   0.000000000000000e+00 
533    3.760523750189269e-02   1.657891828830227e-01   0.000000000000000e+00 
534    4.616257592618164e-02   1.673661429344574e-01   0.000000000000000e+00 
535    1.440352464496394e-01   1.152328268626231e-01   0.000000000000000e+00 
536    1.362814639421349e-01   1.156687846648506e-01   0.000000000000000e+00 
537    1.401190786301548e-01   1.221884278172511e-01   0.000000000000000e+00 
538    1.727466794626058e-01   1.098412571136612e-01   0.000000000000000e+00 
539    1.046372653037426e-01   1.324548936743823e-01   0.000000000000000e+00 
540    1.137345904361735e-01   1.066516307585895e-01   0.000000000000000e+00 
541    1.863953818852958e-01   1.185896108951813e-01   0.000000000000000e+00 
542    1.890898083947794e-01   1.279317725554110e-01   0.000000000000000e+00 
543    2.104868016783412e-01   1.121720703413950e-01   0.000000000000000e+00 
544    2.030394158212506e-01   1.109580414737646e-01   0.000000000000000e+00 
545    7.491890658283626e-02   1.200692606941088e-01   0.000000000000000e+00 
546    5.528707131727238e-02   1.360778102495966e-01   0.000000000000000e+00 
547    5.470664544692479e-02   1.240520481785138e-01   0.000000000000000e+00 
548    9.575629035273385e-02   2.667599052159201e-02   0.000000000000000e+00 
549    1.060107500971720e-01   3.087218232329221e-02   0.000000000000000e+00 
550    1.032075307401299e-01   2.348878835869676e-02   0.000000000000000e+00 
551    1.252589411765026e-01   1.492714324607769e-02   0.000000000000000e+00 
552    1.187434674965841e-01   1.904795249081694e-02   0.000000000000000e+00 
553    1.166367319827256e-01   2.086081967585656e-01   0.000000000000000e+00 
554    1.262119921739544e-01   2.060655841167965e-01   0.000000000000000e+00 
555    1.318111370009657e-01   2.315864664537802e-01   0.000000000000000e+00 
556    1.416211044985679e-01   2.274990882597486e-01   0.000000000000000e+00 
557    6.919965503846336e-02   7.632391047689764e-02   0.000000000000000e+00 
558    7.535574898940647e-02   7.224272092791750e-02   0.000000000000000e+00 
559    3.813478352052248e-02   4.608617680273958e-02   0.000000000000000e+00 
560    3.412303264580743e-02   5.365475708609030e-02   0.000000000000000e+00 
561    1.966840976124945e-01   2.197558879389607e-01   0.000000000000000e+00 
562    2.077324045241553e-01   2.208912431882611e-01   0.000000000000000e+00 
563    1.995602175586722e-01   2.123942205151306e-01   0.000000000000000e+00 
564    2.055788667411929e-01   1.906226189613769e-01   0.000000000000000e+00 
565    2.121379507518886e-01   1.967269349490668e-01   0.000000000000000e+00 
566    5.376316585558060e-02   2.224227214082315e-01   0.000000000000000e+00 
567    5.446772841148107e-02   2.145261685887402e-01   0.000000000000000e+00 
568    2.930233395151381e-02   2.196406775409953e-01   0.000000000000000e+00 
569    2.345904218372274e-02   2.276822388085698e-01   0.000000000000000e+00 
570    1.898153669031400e-01   2.550215371814889e-02   0.000000000000000e+00 
571    1.893616438235945e-01   3.301790238630507e-02   0.000000000000000e+00 
572    2.043735742331966e-01   3.125484732893445e-02   0.000000000000000e+00 
573    2.136400285188841e-01   2.592050304966456e-02   0.000000000000000e+00 
574    2.061698844401295e-01   2.031198956647281e-02   0.000000000000000e+00 
575    1.350071862045943e-01   1.523267408556731e-01   0.000000000000000e+00 
576    9.069773075925047e-02   1.679568615567110e-01   0.000000000000000e+00 
577    9.952436080248762e-02   1.680335464983766e-01   0.000000000000000e+00 
578    2.344245973669209e-01   1.190626000582051e-01   0.000000000000000e+00 
579    2.252215117486659e-01   1.204685313712908e-01   0.000000000000000e+00 
580    1.538360398332376e-02   1.310781018846199e-01   0.000000000000000e+00 
581    2.364240457516368e-02   1.311304917273138e-01   0.000000000000000e+00 
582    7.470370126716135e-02   1.734887663229932e-01   0.000000000000000e+00 
583    8.232085375941904e-02   1.673250528122976e-01   0.000000000000000e+00 
584    7.498076919149423e-02   1.652384211570528e-01   0.000000000000000e+00 
585    1.231326037502034e-01   1.635024785578081e-01   0.000000000000000e+00 
586    1.289810015116626e-01   1.575884575254594e-01   0.000000000000000e+00 
587    1.213790620182315e-01   1.555444915860059e-01   0.000000000000000e+00 
588    1.293236689765563e-01   7.157159799678742e-02   0.000000000000000e+00 
589    1.378185743497319e-01   7.271757946889383e-02   0.000000000000000e+00 
590    1.311834929698988e-01   5.448300274766198e-02   0.000000000000000e+00 
591    1.375424792954982e-01   5.870730473598930e-02   0.000000000000000e+00 
592    1.508935980396515e-01   8.215799290613832e-02   0.000000000000000e+00 
593    1.516424006501362e-01   7.261395420116018e-02   0.000000000000000e+00 
594    1.557261943965392e-01   9.000275916191902e-02   0.000000000000000e+00 
595    1.610838208138427e-01   4.310896344127709e-02   0.000000000000000e+00 
596    1.647924492955703e-01   3.620476735576065e-02   0.000000000000000e+00 
597    1.570634111826143e-01   3.668327962274422e-02   0.000000000000000e+00 
598    1.578653714641005e-01   5.089538691728256e-02   0.000000000000000e+00 
599    1.529614488286613e-01   4.338323850431491e-02   0.000000000000000e+00 
600    1.488212981949715e-01   5.009412212440560e-02   0.000000000000000e+00 
601    8.361183521268968e-02   2.130880143163880e-01   0.000000000000000e+00 
602    7.754679272739726e-02   2.069153556104357e-01   0.000000000000000e+00 
603    8.664383060108330e-02   1.779933585565827e-01   0.000000000000000e+00 
604    1.707852385601460e-01   1.183135745429034e-01   0.000000000000000e+00 
605    1.618138989104191e-01   1.577698221672310e-01   0.000000000000000e+00 
606    1.570078174076295e-01   1.502039161008212e-01   0.000000000000000e+00 
607    1.529078757404644e-01   1.562134923515845e-01   0.000000000000000e+00 
608    1.957106864075133e-01   2.075823764549458e-01   0.000000000000000e+00 
609    8.835359832980028e-02   3.060622621529013e-02   0.000000000000000e+00 
610    7.993809704818301e-02   2.923190905647904e-02   0.000000000000000e+00 
611    8.525354476596320e-02   3.537439715504202e-02   0.000000000000000e+00 
612    4.942223658462744e-02   4.688086599493960e-02   0.000000000000000e+00 
613    4.502236604535522e-02   4.032159095183808e-02   0.000000000000000e+00 
614    1.224109756923108e-01   1.334658544111975e-01   0.000000000000000e+00 
615    1.170260577964584e-01   1.405905350567290e-01   0.000000000000000e+00 
616    1.268986717675845e-01   1.412669500291262e-01   0.000000000000000e+00 
617    1.374295382259999e-01   1.599712895509828e-01   0.000000000000000e+00 
618    1.873634916535695e-01   6.693582604783749e-02   0.000000000000000e+00 
619    1.909736734753441e-01   6.089686598547726e-02   0.000000000000000e+00 
620    1.867307488755140e-01   9.952720321936683e-02   0.000000000000000e+00 
621    5.322531804235690e-02   1.681071255658047e-01   0.000000000000000e+00 
622    6.306375433816996e-02   1.508526143775850e-01   0.000000000000000e+00 
623    6.537854289120490e-02   1.418342149636220e-01   0.000000000000000e+00 
624    5.666479971526775e-02   1.465871510088585e-01   0.000000000000000e+00 
625    1.193615693879085e-01   3.771048708126176e-02   0.000000000000000e+00 
626    1.176835944511969e-01   2.929806803594917e-02   0.000000000000000e+00 
627    1.126401482560372e-01   3.673973369146254e-02   0.000000000000000e+00 
628    1.590260089438629e-01   2.432162355578270e-02   0.000000000000000e+00 
629    1.535453120512204e-01   3.015751545677560e-02   0.000000000000000e+00 
630    1.190431513795885e-01   2.181095550383715e-01   0.000000000000000e+00 
631    1.210568742489021e-01   2.277665270346634e-01   0.000000000000000e+00 
632    1.012953167554635e-01   2.306668766030386e-01   0.000000000000000e+00 
633    9.432688434867223e-02   2.253209981363645e-01   0.000000000000000e+00 
634    9.318667143497768e-02   2.335766586787271e-01   0.000000000000000e+00 
635    9.210636231763157e-02   1.180925106835135e-01   0.000000000000000e+00 
636    8.582262687584988e-02   1.114970029336328e-01   0.000000000000000e+00 
637    8.260748986072641e-02   1.187370482796371e-01   0.000000000000000e+00 
638    6.842829094286344e-02   8.916409016213683e-02   0.000000000000000e+00 
639    7.495310980285286e-02   9.368315197363968e-02   0.000000000000000e+00 
640    4.738773589109446e-02   1.077792765914645e-01   0.000000000000000e+00 
641    4.435158015405210e-02   9.914207654830481e-02   0.000000000000000e+00 
642    3.892193183556427e-02   1.038088023603706e-01   0.000000000000000e+00 
643    2.087108328304103e-01   1.451266364726314e-01   0.000000000000000e+00 
644    2.036600127195133e-01   1.512908077760028e-01   0.000000000000000e+00 
645    2.136084288013296e-01   1.529757553448273e-01   0.000000000000000e+00 
646    1.930979083039679e-01   1.481382084367079e-01   0.000000000000000e+00 
647    1.931950576897575e-01   1.374919388209124e-01   0.000000000000000e+00 
648    2.411799045583224e-01   8.921404677241657e-02   0.000000000000000e+00 
649    2.444257812843947e-01   8.353322667716079e-02   0.000000000000000e+00 
650    9.820383161432304e-03   1.617590557636049e-01   0.000000000000000e+00 
651    5.586734460648876e-03   1.672899820571968e-01   0.000000000000000e+00 
652    1.432235826467995e-01   1.806138974973171e-01   0.000000000000000e+00 
653    1.422554421936894e-01   1.727360938653207e-01   0.000000000000000e+00 
654    1.349463469444469e-01   1.768171640602197e-01   0.000000000000000e+00 
655    1.565302107618539e-01   1.708111519560289e-01   0.000000000000000e+00 
656    1.551628885764556e-01   1.631598752091617e-01   0.000000000000000e+00 
657    1.297564297026867e-01   1.306321694519234e-01   0.000000000000000e+00 
658    1.286842345306538e-01   1.354005899793201e-01   0.000000000000000e+00 
659    9.457154236981213e-02   1.258073022224614e-01   0.000000000000000e+00 
660    1.031649639960343e-01   1.216905223446077e-01   0.000000000000000e+00 
661    1.141419574295101e-01   4.544908141985354e-02   0.000000000000000e+00 
662    1.250535188758638e-01   4.311815573662368e-02   0.000000000000000e+00 
663    1.307715239237079e-01   4.799673912635983e-02   0.000000000000000e+00 
664    1.371518557350899e-01   2.136074188227388e-01   0.000000000000000e+00 
665    1.061323823478919e-01   1.936172934855188e-01   0.000000000000000e+00 
666    1.110414611664620e-01   2.001058707972759e-01   0.000000000000000e+00 
667    9.652868956124429e-02   6.334128168029934e-02   0.000000000000000e+00 
668    8.732944997777170e-02   6.593441902260826e-02   0.000000000000000e+00 
669    9.207815212034017e-02   7.208557205229980e-02   0.000000000000000e+00 
670    7.540120279664567e-02   6.477996085037431e-02   0.000000000000000e+00 
671    8.077468798377721e-02   6.735717550298975e-02   0.000000000000000e+00 
672    1.389505879107976e-01   9.431717137836333e-02   0.000000000000000e+00 
673    1.309539012356404e-01   9.989678652093605e-02   0.000000000000000e+00 
674    1.396052036123438e-01   1.030790665905128e-01   0.000000000000000e+00 
675    1.129378523151306e-01   9.945544819880614e-02   0.000000000000000e+00 
676    1.770131770188145e-01   2.023763395413639e-01   0.000000000000000e+00 
677    1.693309743948894e-01   2.047690869109843e-01   0.000000000000000e+00 
678    1.716469673278528e-01   2.122789384751456e-01   0.000000000000000e+00 
679    1.751182722579679e-01   1.780031778715947e-01   0.000000000000000e+00 
680    7.601249986108224e-02   1.831229651806823e-01   0.000000000000000e+00 
681    1.088204591982258e-01   1.691388643584597e-01   0.000000000000000e+00 
682    1.046118225533907e-01   1.751580434224289e-01   0.000000000000000e+00 
683    9.437722570560161e-02   5.466501033061780e-02   0.000000000000000e+00 
684    9.307285520450864e-02   4.666725421577012e-02   0.000000000000000e+00 
685    1.573642251359439e-01   2.263232545860341e-01   0.000000000000000e+00 
686    1.626478905683961e-01   2.021252068335054e-01   0.000000000000000e+00 
687    1.535714135063525e-01   2.023658036040818e-01   0.000000000000000e+00 
688    1.577485427212628e-01   2.102174121830836e-01   0.000000000000000e+00 
689    1.546211725423068e-01   9.916078479923506e-02   0.000000000000000e+00 
690    1.475141081485566e-01   1.073052874042322e-01   0.000000000000000e+00 
691    1.519404189651878e-01   1.161821068010920e-01   0.000000000000000e+00 
692    1.685089559050026e-01   1.380032995683425e-01   0.000000000000000e+00 
693    1.616446646096396e-01   1.391609547239855e-01   0.000000000000000e+00 
694    1.629543122099520e-01   1.446397271867533e-01   0.000000000000000e+00 
695    2.040645804404166e-01   1.365757971737980e-01   0.000000000000000e+00 
696    1.980425138442974e-01   2.290395340774840e-01   0.000000000000000e+00 
697    2.146492412812688e-02   5.589516570420811e-02   0.000000000000000e+00 
698    1.790362876989777e-02   4.960004011845942e-02   0.000000000000000e+00 
699    2.557320926619766e-02   3.356872989393145e-02   0.000000000000000e+00 
700    1.934237338812634e-02   2.838431264677470e-02   0.000000000000000e+00 
701    2.310559884524132e-01   1.978499630480293e-01   0.000000000000000e+00 
702    2.235346779704465e-01   2.165443618255968e-01   0.000000000000000e+00 
703    2.299198614309519e-01   2.217335556272250e-01   0.000000000000000e+00 
704    5.477669264440379e-02   2.073208348867098e-02   0.000000000000000e+00 
705    5.525159946343948e-02   2.992494170816765e-02   0.000000000000000e+00 
706    1.808574906385626e-01   5.840232546096492e-02   0.000000000000000e+00 
707    2.032694149644622e-01   4.507696108824241e-02   0.000000000000000e+00 
708    2.217189158021829e-01   1.697432554171302e-01   0.000000000000000e+00 
709    2.258075603938151e-01   1.619169776234106e-01   0.000000000000000e+00 
710    2.410737754205267e-01   1.753971473452372e-01   0.000000000000000e+00 
711    6.312818168832915e-02   1.636527221758206e-02   0.000000000000000e+00 
712    5.471379379088451e-02   1.240292408121588e-02   0.000000000000000e+00 
713    8.726520896585838e-02   2.464845803949546e-02   0.000000000000000e+00 
714    1.889498328285887e-01   2.338375056418188e-01   0.000000000000000e+00 
715    1.960458853016103e-01   2.379454758290931e-01   0.000000000000000e+00 
716    1.778150978452054e-01   2.217428561313458e-01   0.000000000000000e+00 
717    1.667080839227169e-01   2.223396036201456e-01   0.000000000000000e+00 
718    3.909649180873084e-02   6.880594456178887e-02   0.000000000000000e+00 
719    3.032372108796551e-02   6.883917464179756e-02   0.000000000000000e+00 
720    3.493410354865736e-02   1.890932113012054e-01   0.000000000000000e+00 
721    3.020675246133050e-02   1.952149251204383e-01   0.000000000000000e+00 
722    6.116849842175905e-02   2.241873452835612e-01   0.000000000000000e+00 
723    2.806485221758027e-02   2.590829695563521e-02   0.000000000000000e+00 
724    3.205882202913074e-02   3.273168224353829e-02   0.000000000000000e+00 
725    3.822643778606931e-02   2.715840025493244e-02   0.000000000000000e+00 
726    2.380767919528254e-01   1.229542812469680e-02   0.000000000000000e+00 
727    2.338926274715559e-01   1.667270524237176e-02   0.000000000000000e+00 
728    2.105233474317917e-01   5.003134989602501e-02   0.000000000000000e+00 
729    2.257645379536417e-02   1.957455629746591e-01   0.000000000000000e+00 
730    2.062473236612374e-02   2.030739472621902e-01   0.000000000000000e+00 
731    2.638324393410386e-02   2.014239796474091e-01   0.000000000000000e+00 
732    1.180723192894369e-02   2.377214819871161e-01   0.000000000000000e+00 
733    3.573798047839483e-02   2.124782858589827e-01   0.000000000000000e+00 
734    2.164612749207030e-01   2.168186391089234e-01   0.000000000000000e+00 
735    2.115860031886947e-02   1.032272284388534e-01   0.000000000000000e+00 
736    3.746460253289538e-02   1.182271803367012e-01   0.000000000000000e+00 
737    2.272392751842836e-01   1.451438259757530e-01   0.000000000000000e+00 
738    2.037968831824863e-01   1.178867616132025e-01   0.000000000000000e+00 
739    2.142306388766571e-01   1.215070727743725e-01   0.000000000000000e+00 
740    1.134806632400576e-01   7.769997217794132e-02   0.000000000000000e+00 
741    8.226666381295242e-02   6.095383322992100e-02   0.000000000000000e+00 
742    4.264719395236376e-02   6.266691854875366e-02   0.000000000000000e+00 
743    4.274492557687188e-02   5.497915915873523e-02   0.000000000000000e+00 
744    6.547191878656769e-02   8.261657006784602e-02   0.000000000000000e+00 
745    7.138841304230757e-02   1.519001080535758e-01   0.000000000000000e+00 
746    7.582424078109837e-02   1.421645260892525e-01   0.000000000000000e+00 
747    2.184583760256180e-01   7.355580444713578e-02   0.000000000000000e+00 
748    2.269701665519102e-01   7.077044588844790e-02   0.000000000000000e+00 
749    2.332165586236407e-01   7.756996129132991e-02   0.000000000000000e+00 
750    2.326219044332649e-01   8.782639231512990e-02   0.000000000000000e+00 
751    2.385937786386133e-01   8.281917563861700e-02   0.000000000000000e+00 
752    2.640705969535278e-02   1.864134160278821e-01   0.000000000000000e+00 
753    3.579994312054381e-02   1.807893688732425e-01   0.000000000000000e+00 
754    1.548093156971483e-02   1.679802021386559e-01   0.000000000000000e+00 
755    1.788800781357202e-02   1.607046114913298e-01   0.000000000000000e+00 
756    1.814693917323428e-01   1.811836878896956e-01   0.000000000000000e+00 
757    1.884505084235348e-01   1.804644092005067e-01   0.000000000000000e+00 
758    2.030547010040776e-01   1.685098870985155e-01   0.000000000000000e+00 
759    7.595317493390590e-02   2.152310764569078e-01   0.000000000000000e+00 
760    7.573250989991234e-02   2.243267831206957e-01   0.000000000000000e+00 
761    8.179938980215273e-02   2.201270297338420e-01   0.000000000000000e+00 
762    7.623158204574840e-02   2.340940904197262e-01   0.000000000000000e+00 
763    6.938395287203562e-02   2.355484438880129e-01   0.000000000000000e+00 
764    1.684357268344875e-01   2.841241386113100e-02   0.000000000000000e+00 
765    1.607252062837629e-01   3.102813800894440e-02   0.000000000000000e+00 
766    1.760823356634436e-01   1.556619901934139e-02   0.000000000000000e+00 
767    1.814780080750796e-01   1.411128589604204e-02   0.000000000000000e+00 
768    1.002918570390677e-01   2.136982678834998e-01   0.000000000000000e+00 
769    1.095240764695030e-01   2.153926145887243e-01   0.000000000000000e+00 
770    1.546335526929637e-01   1.410933878074407e-01   0.000000000000000e+00 
771    1.500016447523662e-01   1.758751684080935e-01   0.000000000000000e+00 
772    3.434492780834437e-02   1.443521645218214e-01   0.000000000000000e+00 
773    4.065708303321828e-02   1.360836421005645e-01   0.000000000000000e+00 
774    2.150687140567278e-01   1.037473699038455e-01   0.000000000000000e+00 
775    5.688799822283450e-02   2.310379629513595e-01   0.000000000000000e+00 
776    4.902226758226447e-02   2.338513785565316e-01   0.000000000000000e+00 
777    3.792497207061452e-02   2.215884858419416e-01   0.000000000000000e+00 
778    4.575681208833120e-02   2.226476288607341e-01   0.000000000000000e+00 
779    4.259927081763321e-02   2.160728652445810e-01   0.000000000000000e+00 
780    1.924879358112713e-01   1.761574130837904e-02   0.000000000000000e+00 
781    1.998538466024064e-01   1.612243088336202e-02   0.000000000000000e+00 
782    8.992863539182079e-02   9.407307580647399e-02   0.000000000000000e+00 
783    1.583085374500956e-01   2.181664027657987e-01   0.000000000000000e+00 
784    1.639266665577021e-01   2.143242291445898e-01   0.000000000000000e+00 
785    1.981171756653155e-01   2.334241342683981e-02   0.000000000000000e+00 
786    1.953054625494769e-01   3.014595088959581e-02   0.000000000000000e+00 
787    1.856118499301376e-01   4.096920638273749e-02   0.000000000000000e+00 
788    1.583733643995850e-01   1.965683581314248e-01   0.000000000000000e+00 
789    1.664451964601790e-01   1.876081202471004e-01   0.000000000000000e+00 
790    1.654396759259527e-01   1.940588356388676e-01   0.000000000000000e+00 
791    2.119573248504671e-01   2.055388784626228e-01   0.000000000000000e+00 
792    2.074865290864171e-01   1.768972008006955e-01   0.000000000000000e+00 
793    2.093662867344906e-01   1.832554927789609e-01   0.000000000000000e+00 
794    2.154241964572065e-01   1.783361551983595e-01   0.000000000000000e+00 
795    7.070446908632244e-02   3.353780858831339e-02   0.000000000000000e+00 
796    1.299802244248087e-01   1.973187196486452e-01   0.000000000000000e+00 
797    1.200338292817723e-01   1.994851675382554e-01   0.000000000000000e+00 
798    6.956053668232418e-03   1.137207717560659e-01   0.000000000000000e+00 
799    2.275976809389371e-02   1.171909924873237e-01   0.000000000000000e+00 
800    2.429964536090946e-01   1.362387590496660e-01   0.000000000000000e+00 
801    2.277136059312539e-01   1.332785334292458e-01   0.000000000000000e+00 
802    1.063731856325473e-01   1.622521533373308e-01   0.000000000000000e+00 
803    1.301965100795490e-01   1.643529390468662e-01   0.000000000000000e+00 
804    1.353714616120438e-01   8.648526149434389e-02   0.000000000000000e+00 
805    1.407583560298257e-01   8.069256637915795e-02   0.000000000000000e+00 
806    1.321854321358728e-01   7.886934717757949e-02   0.000000000000000e+00 
807    1.803347487530893e-01   6.876061470474089e-02   0.000000000000000e+00 
808    1.520873552618878e-01   5.802058616090915e-02   0.000000000000000e+00 
809    1.605487254038045e-01   5.936535601515779e-02   0.000000000000000e+00 
810    1.714105353925648e-01   1.479570246563113e-01   0.000000000000000e+00 
811    8.517154807497421e-02   4.233237723839280e-02   0.000000000000000e+00 
812    7.812617596609597e-02   3.774756704791371e-02   0.000000000000000e+00 
813    5.687914703895135e-02   4.388257202285639e-02   0.000000000000000e+00 
814    1.218606537612637e-01   2.421875842865998e-01   0.000000000000000e+00 
815    1.183881701730915e-01   2.351165370851765e-01   0.000000000000000e+00 
816    1.281787871355652e-01   7.956327831719585e-03   0.000000000000000e+00 
817    1.314727275618786e-01   1.537437127496534e-02   0.000000000000000e+00 
818    1.448916358495890e-01   1.288880023879760e-01   0.000000000000000e+00 
819    1.368432601214596e-01   1.289547111923579e-01   0.000000000000000e+00 
820    1.515803783990155e-01   1.332047223458669e-01   0.000000000000000e+00 
821    1.448591945465227e-01   6.539109534460331e-02   0.000000000000000e+00 
822    1.452729051434511e-01   7.480581236606207e-02   0.000000000000000e+00 
823    4.764951909159699e-02   2.017049238654723e-01   0.000000000000000e+00 
824    4.193992318570441e-02   1.871875832966739e-01   0.000000000000000e+00 
825    2.286509550068106e-01   4.641410571320227e-02   0.000000000000000e+00 
826    2.074105185040074e-01   3.882733335893492e-02   0.000000000000000e+00 
827    2.026714307259882e-01   3.834000276046382e-02   0.000000000000000e+00 
828    1.504320350189801e-01   2.290382117333711e-01   0.000000000000000e+00 
829    1.105302185650118e-01   2.216812138115858e-02   0.000000000000000e+00 
830    6.307938429155477e-02   1.852510581801002e-01   0.000000000000000e+00 
831    6.287962861585919e-02   1.789955656325088e-01   0.000000000000000e+00 
832    7.827776891373861e-02   1.591077896189527e-01   0.000000000000000e+00 
833    7.136716200519176e-02   1.602889031327165e-01   0.000000000000000e+00 
834    5.133421760799947e-02   1.608763882889066e-01   0.000000000000000e+00 
835    1.931950444868472e-01   1.035042880616200e-01   0.000000000000000e+00 
836    1.984547005787461e-01   8.974614467631664e-02   0.000000000000000e+00 
837    1.916273638854060e-01   7.265836133441792e-02   0.000000000000000e+00 
838    1.846543322561588e-01   7.446954176764602e-02   0.000000000000000e+00 
839    1.679131626202246e-01   7.918943542401269e-02   0.000000000000000e+00 
840    2.066533116201368e-01   2.106982118681323e-01   0.000000000000000e+00 
841    1.850385796810911e-01   2.053504120647461e-01   0.000000000000000e+00 
842    4.850368336863923e-02   6.739899789069065e-02   0.000000000000000e+00 
843    4.612538078628217e-02   3.283175919171328e-02   0.000000000000000e+00 
844    5.277153192365244e-02   3.862852555424778e-02   0.000000000000000e+00 
845    6.721727632616044e-02   2.294618371019727e-01   0.000000000000000e+00 
846    1.828601463521065e-01   1.977305618559755e-02   0.000000000000000e+00 
847    4.352394962356838e-02   1.148530469952603e-01   0.000000000000000e+00 
848    3.787892765989479e-02   1.102462115627359e-01   0.000000000000000e+00 
849    2.968965084275650e-02   1.136640973768456e-01   0.000000000000000e+00 
850    2.005343557950368e-01   1.435991511453127e-01   0.000000000000000e+00 
851    2.130078899242615e-01   1.397156937554984e-01   0.000000000000000e+00 
852    2.213975155862696e-01   1.376882092235789e-01   0.000000000000000e+00 
853    2.131818805680314e-01   1.318711893880660e-01   0.000000000000000e+00 
854    5.289355152851993e-02   7.584424987568320e-02   0.000000000000000e+00 
855    2.621142456139968e-02   7.468919412311291e-02   0.000000000000000e+00 
856    1.554274495091829e-01   6.601452060459805e-02   0.000000000000000e+00 
857    8.241004485797072e-02   1.868624820686145e-01   0.000000000000000e+00 
858    4.838868013194046e-02   1.928904173515610e-01   0.000000000000000e+00 
859    5.581458541707045e-02   1.982389524247246e-01   0.000000000000000e+00 
860    1.702658283562951e-01   9.616976558086376e-02   0.000000000000000e+00 
861    1.692809671748268e-01   1.277141630351558e-01   0.000000000000000e+00 
862    1.267182266395696e-01   1.719392827616862e-01   0.000000000000000e+00 
863    1.355943251038662e-01   1.686401284840178e-01   0.000000000000000e+00 
864    1.517395859973592e-01   1.942297666192087e-01   0.000000000000000e+00 
865    2.349741572568993e-02   8.891509390392759e-02   0.000000000000000e+00 
866    1.141649344403329e-01   1.613561982375757e-01   0.000000000000000e+00 
867    1.649833461010924e-01   4.821135383662835e-02   0.000000000000000e+00 
868    9.933884448717574e-02   8.569867340432655e-02   0.000000000000000e+00 
869    9.764974623078182e-02   9.291111373735662e-02   0.000000000000000e+00 
870    1.155909189316335e-01   1.159925520355735e-01   0.000000000000000e+00 
871    1.461955958087926e-02   1.468770484502253e-01   0.000000000000000e+00 
872    3.024106712076929e-02   1.676378281240010e-01   0.000000000000000e+00 
873    2.353804404191207e-01   1.031229515497747e-01   0.000000000000000e+00 
874    2.254459762779613e-01   8.016821317021622e-02   0.000000000000000e+00 
875    2.174766775855412e-01   8.224188589806800e-02   0.000000000000000e+00 
876    2.121214693857475e-01   1.718142985328014e-01   0.000000000000000e+00 
877    6.208272189088106e-02   3.778839495825144e-02   0.000000000000000e+00 
878    7.092301582041330e-02   4.201293768805144e-02   0.000000000000000e+00 
879    6.272997357123031e-02   1.193736740278807e-01   0.000000000000000e+00 
880    5.684779374673576e-02   8.371251968764477e-02   0.000000000000000e+00 
881    8.298489649448422e-02   7.327999538607448e-02   0.000000000000000e+00 
882    1.045409463788189e-01   8.090170267199033e-02   0.000000000000000e+00 
883    1.237762209130892e-01   7.771713924023667e-02   0.000000000000000e+00 
884    1.270426454069511e-01   8.547535859931976e-02   0.000000000000000e+00 
885    6.859496003911808e-02   1.805361898240367e-01   0.000000000000000e+00 
886    6.961158842176547e-02   1.870265279176757e-01   0.000000000000000e+00 
887    1.149228165643998e-01   1.533813250393500e-01   0.000000000000000e+00 
888    8.443348111908262e-02   1.410153287990859e-01   0.000000000000000e+00 
889    1.312567263791476e-01   1.229698256517656e-01   0.000000000000000e+00 
890    1.272291847804860e-01   1.152799508330242e-01   0.000000000000000e+00 
891    1.304328401144511e-01   9.210171204960684e-02   0.000000000000000e+00 
892    2.036946900085655e-01   8.361035082477283e-02   0.000000000000000e+00 
893    2.118315057282396e-01   6.927792774662904e-02   0.000000000000000e+00 
894    6.679742731667912e-02   1.745333644056639e-01   0.000000000000000e+00 
895    5.925594990391783e-02   1.727910547282543e-01   0.000000000000000e+00 
896    1.667218402462986e-01   1.837707933122265e-02   0.000000000000000e+00 
897    8.520946553920963e-02   2.280017103767900e-01   0.000000000000000e+00 
898    1.348392578013515e-01   1.360407854150859e-01   0.000000000000000e+00 
899    1.135030690457432e-01   1.343986552474987e-01   0.000000000000000e+00 
900    9.287400814699807e-03   3.878754543041406e-02   0.000000000000000e+00 
901    2.202199469745049e-01   2.239485491374460e-01   0.000000000000000e+00 
902    2.259160233563566e-01   2.271921997812388e-01   0.000000000000000e+00 
903    2.313947308667842e-02   2.287836672450243e-02   0.000000000000000e+00 
904    2.405436244543636e-01   2.111311676248243e-01   0.000000000000000e+00 
905    9.170525916414389e-03   4.700196873329367e-02   0.000000000000000e+00 
906    2.026066907837085e-01   2.358556996238704e-01   0.000000000000000e+00 
907    1.807814674282144e-01   2.317237849711359e-01   0.000000000000000e+00 
908    2.407667260954413e-01   2.026060271304749e-01   0.000000000000000e+00 
909    4.748364473891993e-02   1.582354713091194e-02   0.000000000000000e+00 
910    4.717565684894017e-02   2.444090979020369e-02   0.000000000000000e+00 
911    7.139385256040125e-02   1.549738513349235e-02   0.000000000000000e+00 
912    7.384501992722793e-02   1.019193552810930e-01   0.000000000000000e+00 
913    1.031449628909649e-01   5.663297022824589e-02   0.000000000000000e+00 
914    1.061360551232969e-01   2.073395055905715e-01   0.000000000000000e+00 
915    1.118391073088850e-01   1.514981602983839e-02   0.000000000000000e+00 
916    2.986466594015233e-02   1.045163919321142e-01   0.000000000000000e+00 
917    2.181303485474297e-01   1.459324569187677e-01   0.000000000000000e+00 
918    1.362625228168707e-01   2.052899959688056e-01   0.000000000000000e+00 
919    1.292652649098072e-01   1.888199624435030e-01   0.000000000000000e+00 
920    1.623017591846922e-01   1.654688497688457e-01   0.000000000000000e+00 
921    1.646107412619918e-01   1.513513261198361e-01   0.000000000000000e+00 
922    1.468069580568933e-01   1.215573667717328e-01   0.000000000000000e+00 
923    1.323894603041986e-02   5.529358118108140e-02   0.000000000000000e+00 
924    2.320867814538134e-01   1.732985881211810e-01   0.000000000000000e+00 
925    8.697755544560923e-02   1.597701618343938e-01   0.000000000000000e+00 
926    1.690232604558070e-01   1.551551516306307e-01   0.000000000000000e+00 
927    1.831584572738511e-01   9.236399511153728e-02   0.000000000000000e+00 
928    1.763321296371070e-01   9.547794251376268e-02   0.000000000000000e+00 
929    9.634727573730662e-02   7.957374708497686e-02   0.000000000000000e+00 
930    1.690176826863881e-01   1.822594225489756e-01   0.000000000000000e+00 
931    4.718932801030482e-02   2.104783047846467e-01   0.000000000000000e+00 
932    4.191518866331919e-02   2.301119337731821e-01   0.000000000000000e+00 
933    2.371422451639710e-01   2.671079921396218e-02   0.000000000000000e+00 
934    2.301683812055256e-01   3.130812889059648e-02   0.000000000000000e+00 
935    2.130755551589129e-02   2.180898640538879e-01   0.000000000000000e+00 
936    1.338364838851627e-02   2.231236310816306e-01   0.000000000000000e+00 
937    1.652212013665827e-01   2.086187886787757e-01   0.000000000000000e+00 
938    1.428589080743646e-01   8.745541338203602e-02   0.000000000000000e+00 
939    1.447706646601594e-01   2.002054211764744e-01   0.000000000000000e+00 
940    1.966117078982825e-01   8.302181346241822e-02   0.000000000000000e+00 
941    2.297929374268445e-01   6.228960679129945e-02   0.000000000000000e+00 
942    1.781606959849707e-02   1.897960737329271e-01   0.000000000000000e+00 
943    2.931552050034087e-02   1.234475278537053e-01   0.000000000000000e+00 
944    8.873347197625213e-02   2.196225074682254e-01   0.000000000000000e+00 
945    9.563228723216696e-02   2.186707531133395e-01   0.000000000000000e+00 
946    9.182096972262151e-02   2.125265391326283e-01   0.000000000000000e+00 
947    1.649460047456176e-01   5.355782196242402e-02   0.000000000000000e+00 
948    5.765269005703068e-03   1.471173000327169e-02   0.000000000000000e+00 
949    1.587343817861717e-02   2.334271245395155e-01   0.000000000000000e+00 
950    2.442108087843271e-01   2.353008330487751e-01   0.000000000000000e+00 
951    1.199122317080643e-01   1.479475379180919e-01   0.000000000000000e+00 
952    3.512674953262767e-02   9.736005516723373e-02   0.000000000000000e+00 
953    4.786320410801084e-02   6.005496764953925e-02   0.000000000000000e+00 
954    1.950037044034766e-01   1.126599049576993e-01   0.000000000000000e+00 
955    6.938044193951742e-02   2.094283620150901e-01   0.000000000000000e+00 
956    6.265217810076088e-02   2.034696541553606e-01   0.000000000000000e+00 
957    9.868666252859630e-02   1.285850329683247e-01   0.000000000000000e+00 
958    9.914395052353521e-02   1.135677400718136e-01   0.000000000000000e+00 
959    2.276394753307632e-01   3.749881001422597e-02   0.000000000000000e+00 
960    1.701256356928008e-01   1.984461610261308e-01   0.000000000000000e+00 
961    1.808424806164611e-01   2.121621340954713e-01   0.000000000000000e+00 
962    1.075056263899272e-01   5.105429040905532e-02   0.000000000000000e+00 
963    1.006269178934683e-01   4.978328161077570e-02   0.000000000000000e+00 
964    3.452717308852294e-02   1.729935386458545e-01   0.000000000000000e+00 
965    1.056632890974702e-01   4.614207706764454e-02   0.000000000000000e+00 
966    1.072301065594480e-02   1.700893665440930e-01   0.000000000000000e+00 
967    3.219913231051112e-02   1.333138082136227e-01   0.000000000000000e+00 
968    1.924361080395277e-02   1.235913139607562e-01   0.000000000000000e+00 
969    2.307851552684438e-01   1.269771587486599e-01   0.000000000000000e+00 
970    3.396626828405167e-02   7.588422883544954e-02   0.000000000000000e+00 
971    1.782007770391253e-01   1.161863864588726e-01   0.000000000000000e+00 
972    1.791284711405346e-02   7.722964634807197e-02   0.000000000000000e+00 
973    1.881483248354492e-02   8.471723681190112e-02   0.000000000000000e+00 
974    2.716394662249528e-02   8.226760332009703e-02   0.000000000000000e+00 
975    2.562660027159003e-02   2.096294978619806e-01   0.000000000000000e+00 
976    4.151880322049183e-02   2.112230592224153e-01   0.000000000000000e+00 
977    5.455218229254139e-02   2.065572214631113e-01   0.000000000000000e+00 
978    1.962892997552137e-01   1.586393111274397e-01   0.000000000000000e+00 
979    1.959919469516925e-01   3.785116906225793e-02   0.000000000000000e+00 
980    3.388968742863635e-02   1.899830878978423e-02   0.000000000000000e+00 
981    4.110497456319903e-02   1.949279920335791e-02   0.000000000000000e+00 
982    3.830469265023637e-02   3.651618689089004e-02   0.000000000000000e+00 
983    2.385142870648289e-01   1.946428787162513e-01   0.000000000000000e+00 
984    1.494951693803917e-01   3.631793497413487e-02   0.000000000000000e+00 
985    1.445445251411514e-01   5.639543799927366e-02   0.000000000000000e+00 
986    1.118153595554093e-01   9.277642378302745e-02   0.000000000000000e+00 
987    1.056129599054909e-01   9.631120598801740e-02   0.000000000000000e+00 
988    9.928897371978193e-02   1.016848500172960e-01   0.000000000000000e+00 
989    1.401964323658280e-01   1.330090564301453e-01   0.000000000000000e+00 
990    5.193387535185588e-02   5.468301309342170e-02   0.000000000000000e+00 
991    5.377121310768695e-02   6.099421152896076e-02   0.000000000000000e+00 
992    3.241257876187306e-02   1.623501646323163e-01   0.000000000000000e+00 
993    2.166257292941503e-01   8.775975915125317e-02   0.000000000000000e+00 
994    2.114463179608010e-01   8.591250899278478e-02   0.000000000000000e+00 
995    1.481112698025589e-01   9.205612133307475e-02   0.000000000000000e+00 
996    1.747160455299766e-01   2.264337462963061e-02   0.000000000000000e+00 
997    1.282675157878181e-01   1.498156224499908e-01   0.000000000000000e+00 
998    2.143115450946554e-01   2.306598594814471e-01   0.000000000000000e+00 
999    2.066069266471463e-01   2.310019560489095e-01   0.000000000000000e+00 
1000    4.762470269492833e-02   1.377343353683026e-01   0.000000000000000e+00 
1001    5.711332525045264e-02   1.555266183201872e-01   0.000000000000000e+00 
1002    1.923412531998021e-01   9.491110023512236e-02   0.000000000000000e+00 
1003    2.305254078388400e-01   1.663280856692519e-01   0.000000000000000e+00 
1004    2.123843778108918e-01   2.128310118397549e-01   0.000000000000000e+00 
1005    1.279627378871169e-01   1.811598950527264e-01   0.000000000000000e+00 
1006    4.880438852709959e-02   2.173747680183037e-01   0.000000000000000e+00 
1007    4.946908648246599e-02   2.280143251100077e-01   0.000000000000000e+00 
1008    1.093182023858929e-01   1.393135552930693e-01   0.000000000000000e+00 
1009    1.456171578516937e-01   9.924260637075676e-02   0.000000000000000e+00 
1010    4.943102409410238e-02   1.163395677737394e-01   0.000000000000000e+00 
1011    1.612345410442268e-01   2.392334391115849e-01   0.000000000000000e+00 
1012    1.330611559539134e-01   1.083268406388648e-01   0.000000000000000e+00 
1013    1.391168224651481e-01   2.355615926384760e-01   0.000000000000000e+00 
1014    2.027944628396705e-01   1.828632965356880e-01   0.000000000000000e+00 
1015    5.051691349543594e-02   1.013235827418179e-01   0.000000000000000e+00 
1016    1.252793199223861e-01   2.358923534039207e-01   0.000000000000000e+00 
1017    1.209779859127214e-01   7.033647682461762e-02   0.000000000000000e+00 
1018    1.982141290453152e-01   1.887910778803797e-01   0.000000000000000e+00 
1019    6.876407375804726e-02   1.223986341114556e-01   0.000000000000000e+00 
1020    2.218638906853790e-01   1.287721536251055e-01   0.000000000000000e+00 
1021    1.686271290447009e-01   4.240572147841473e-02   0.000000000000000e+00 
1022    4.130905218180578e-02   1.739664950817956e-01   0.000000000000000e+00 
1023    1.693640694642319e-01   5.928967998123955e-02   0.000000000000000e+00 
1024    1.911653604745517e-01   1.881079305131417e-01   0.000000000000000e+00 
1025    1.357400035077269e-01   1.849002340056569e-01   0.000000000000000e+00 
1026    1.400935571781029e-01   1.098388071414964e-01   0.000000000000000e+00 
1027    6.486976991448924e-02   1.938350640089956e-01   0.000000000000000e+00 
1028    1.150807444047208e-01   1.835970061875865e-01   0.000000000000000e+00 
1029    9.375112761526377e-02   1.730058627149698e-01   0.000000000000000e+00 
1030    8.887144852204852e-02   5.937430278193034e-02   0.000000000000000e+00 
1031    1.533770299922550e-01   2.151222819130811e-01   0.000000000000000e+00 
1032    1.000865615916826e-01   2.369957232708919e-01   0.000000000000000e+00 
1033    1.860196080420436e-01   1.484243108568078e-01   0.000000000000000e+00 
1034    7.948208107455561e-02   1.252405853548226e-01   0.000000000000000e+00 