1 0.0625522
2 0.000900394
3 0.00186859
4 0.000839789
5 0.00208572
6 0.000781545
7 0.00644613
8 0.0100113
9 0.00031071
10 0.00431181
11 0.00238599
12 0.00197251
13 0.000519057
14 0.000730491
15 0.000914505
16 0.000595676
17 0.00120112
18 0.0018706
19 0.00155088
20 0.00242763
21 0.00187052
22 0.00087711
23 0.000841928
24 0.000522537
25 0.00619251
26 0.000522985
27 0.00160839
28 0.00301902
29 0.00192888
30 0.00839554
31 0.00280589
32 0.00417376
33 0.00462669
34 0.0106628
35 0.0226023
36 0.0177113
37 0.158473
38 0.00280668
39 0.00588051
40 0.00320316
41 0.0269132
42 0.00785576
43 0.0150214
44 0.0276984
45 0.169339
46 0.268732
47 0.170091
48 0.00105763
49 0.00173698
50 0.0113883
51 0.000754151
52 0.000928441
53 0.00967968
54 0.0276422
55 0.542531
56 0.0499921
57 0.00274631
58 0.00054938
59 0.00861972
60 0.0191043
61 0.000726723
62 0.00136102
63 0.0202754
64 0.019012
65 0.0550655
66 0.00295359
67 0.00550823
68 0.00103115
69 0.0145212
70 0.0201271
71 0.051423
72 0.000632964
73 0.00854502
74 0.0118253
75 0.0238759
76 0.0327208
77 0.0170723
78 0.00876904
79 0.0163515
80 0.0147088
81 0.00755404
82 0.018737
83 0.0351145
84 0.0204968
85 0.00823187
86 0.0688571
87 0.0645703
88 0.00252949
89 0.00557818
90 0.00631817
91 0.000613203
92 0.029808
93 0.0156465
94 0.00911875
95 0.0259298
96 0.00626952
97 0.00366959
98 0.0026421
99 0.00682415
100 0.00758025
101 0.00356172
102 0.041889
103 0.0155856
104 0.00551932
105 0.0165857
106 0.00189157
107 0.00455643
108 0.0194585
109 0.0115739
110 0.00339354
111 0.00511096
112 0.0136081
113 0.0149212
114 0.00491566
115 0.00827946
116 0.0407111
117 0.0381257
118 0.0231346
119 0.0359833
120 0.00369397
121 0.00961204
122 0.0284794
123 0.0138445
124 0.00842416
125 0.00584783
126 0.00895622
127 0.00316094
128 0.0125057
129 0.00702684
130 0.0716183
131 0.0845096
132 0.0039944
133 0.00215189
134 0.0296823
135 0.0146699
136 0.0141214
137 0.0187931
138 0.0124071
139 0.0105559
140 0.00260459
141 0.000885832
142 0.0708351
143 0.0232154
144 0.000316474
145 0.00363439
146 0.00643873
147 0.0205203
148 0.0106124
149 0.084594
150 0.000722859
151 0.00376286
152 0.00665327
153 0.0110577
154 0.00712388
155 0.0120369
156 0.00437845
157 0.000954966
158 0.00082352
159 0.00351865
160 0.0103148
161 0.0107626
162 0.000620823
163 0.00454191
164 0.000414904
165 0.0007597
166 0.00954187
167 0.0044789
168 0.00559723
169 0.00190247
170 0.0257455
171 0.0411795
172 0.00545593
173 0.0039963
174 0.0715264
175 0.0333482
176 0.00340503
177 0.00364353
178 0.0221736
179 0.0149622
180 0.021408
181 0.0148499
182 0.0316414
183 0.0601061
184 0.0278051
185 0.02742
186 0.0100967
187 0.0172154
188 0.0063073
189 0.00317806
190 0.00473222
191 0.00847421
192 0.00786252
193 0.00657139
194 0.00996855
195 0.0112626
196 0.00500102
197 0.00324036
198 0.0098568
199 0.00542739
200 0.111886
201 0.0579143
202 0.0163077
203 0.00780537
204 0.0344151
205 0.0404152
206 0.0125629
207 0.0078153
208 0.0152412
209 0.0134265
210 0.0126735
211 0.0171062
212 0.00208299
213 0.00466946
214 0.0153111
215 0.0253086
216 0.180016
217 0.0902028
218 0.00540214
219 0.00265516
220 0.0631581
221 0.0501245
222 0.00547292
223 0.00306692
224 0.00307737
225 0.00482491
226 0.00331374
227 0.00416007
228 0.0218066
229 0.052491
230 0.000422357
231 0.000216293
232 0.0338084
233 0.012951
234 0.00530482
235 0.00222716
236 0.0407375
237 0.0572136
238 0.00549328
239 0.00406361
240 0.0159057
241 0.00915538
242 0.00398117
243 0.0197572
244 0.000356815
245 0.00178758
246 0.00507431
247 0.00298082
248 0.00452322
249 0.00114326
250 0.00523313
251 0.00789364
252 0.00204622
253 0.000992619
254 0.000891926
255 0.000268503
256 0.2295
257 0.115445
258 0.0102637
259 0.0068203
260 0.000264163
261 0.00261446
262 0.00435592
263 0.041893
264 0.00688084
265 0.00188868
266 0.0081205
267 0.00992883
268 0.0621117
269 0.0362503
270 0.000202231
271 0.000380844
272 0.000409569
273 0.00260841
274 0.115742
275 0.0481908
276 0.00201652
277 0.00163673
278 0.00247661
279 0.000239272
280 0.000876192
281 0.00192603
282 0.0337834
283 0.00959076
284 0.00808509
285 0.0121488
286 0.0236632
287 0.0143313
288 0.0057985
289 0.00899307
290 0.014294
291 0.0218022
292 0.00890859
293 0.00610491
294 0.00423721
295 0.00151108
296 0.00579472
297 0.00225068
298 0.0135424
299 0.0100116
300 0.00558676
301 0.0145755
302 0.00153205
303 0.00611724
304 0.00116193
305 0.00665083
306 0.0319636
307 0.0216418
308 0.00180243
309 0.000239872
310 0.000249165
311 0.00425484
312 0.033319
313 0.015461
314 0.000934363
315 0.000156811
316 0.0308898
317 0.021586
318 0.0193386
319 0.0124393
320 0.00189438
321 0.000518391
322 0.0246578
323 0.0173786
324 0.042455
325 0.0308547
326 0.0371995
327 0.0273114
328 0.00337063
329 0.00549328
330 0.036367
331 0.0516892
332 0.00809868
333 0.0111099
334 0.00459104
335 0.00655809
336 0.0419127
337 0.0567973
338 0.00507583
339 0.00364821
340 0.0100619
341 0.0113665
342 0.00650542
343 0.0042012
344 0.0892874
345 0.110529
346 0.0087197
347 0.00912112
348 0.000302794
349 0.000398441
350 0.0059481
351 0.00742922
352 0.0133342
353 0.0126185
354 0.00404789
355 0.00535372
356 0.0185395
357 0.0136119
358 0.00431134
359 0.00625067
360 0.0037498
361 0.00247928
362 0.00520604
363 0.00860993
364 0.0172315
365 0.0225048
366 0.0432149
367 0.0393459
368 0.00960513
369 0.00844673
370 0.0133341
371 0.0216438
372 0.0166908
373 0.0144578
374 0.00522349
375 0.00738387
376 0.011169
377 0.00625303
378 0.00344939
379 0.00226753
380 0.0115231
381 0.0084596
382 0.00430268
383 0.00601966
384 0.101457
385 0.0860589
386 0.0037691
387 0.00532976
388 0.0282349
389 0.018534
390 0.0498031
391 0.0370683
392 0.00873031
393 0.00957362
394 0.0217031
395 0.0192173
396 0.00683436
397 0.00807215
398 0.0123887
399 0.00759587
400 0.00712663
401 0.00715948
402 0.0511897
403 0.0665334
404 0.0176864
405 0.0235127
406 0.00189427
407 0.00032406
408 0.00676894
409 0.00873521
410 0.0102628
411 0.00247604
412 0.0028496
413 0.000667478
414 0.0296709
415 0.0519017
416 0.0021436
417 0.00350781
418 0.0265568
419 0.039348
420 0.0147952
421 0.0121979
422 0.00862486
423 0.0100636
424 0.00384555
425 0.00304328
426 0.00302605
427 0.0127589
428 0.000767423
429 0.00063499
430 0.00319562
431 0.00670364
432 0.00758427
433 0.00882217
434 0.0155307
435 0.0111737
436 0.0177655
437 0.0133261
438 0.00270678
439 0.00388443
440 0.0610496
441 0.0235524
442 0.00147507
443 0.00122354
444 0.00162544
445 0.00302896
446 0.0313502
447 0.0195673
448 0.0408222
449 0.0222726
450 0.0259248
451 0.0206094
452 0.0131713
453 0.0130271
454 0.00022762
455 0.000774751
456 0.0449353
457 0.0349205
458 0.026613
459 0.0313595
460 0.0207405
461 0.0282915
462 0.113478
463 0.137717
464 0.0035699
465 0.00444965
466 0.00144722
467 0.00113708
468 0.00225593
469 0.00247721
470 0.0113459
471 0.00984107
472 0.00313551
473 0.00192717
474 0.0102241
475 0.00703653
476 0.00103918
477 0.00566799
478 0.00213543
479 0.0031891
480 0.000393757
481 0.00272269
482 0.00810853
483 0.00636977
484 0.0549439
485 0.0450757
486 0.00222838
487 0.00387051
488 0.000356048
489 0.00170004
490 0.0893981
491 0.313299
492 0.0146673
493 0.019237
494 0.0055339
495 0.00673193
496 0.0174817
497 0.0111943
498 0.0323174
499 0.042927
500 0.0014094
501 0.00141445
502 0.0460476
503 0.0552566
504 0.00375767
505 0.0025823
506 0.00744349
507 0.0062828
508 0.0755088
509 0.056887
510 0.0204429
511 0.0188592
512 0.014408
513 0.0120693
514 0.0194221
515 0.0167972
516 0.0100196
517 0.00851044
518 0.00672179
519 0.00523907
520 0.0231258
521 0.0196224
522 0.0155958
523 0.0138156
524 0.00126293
525 0.00112325
526 0.0147149
527 0.012006
528 0.00167207
529 0.00195951
530 0.0163202
531 0.0182044
532 0.025003
533 0.0244542
534 0.0254862
535 0.0346107
536 0.0106642
537 0.00823714
538 0.00252356
539 0.00342547
540 0.0119761
541 0.00990464
542 0.0123753
543 0.012938
544 0.0487889
545 0.0475941
546 0.107701
547 0.0780755
548 0.0108583
549 0.0065539
550 0.00843049
551 0.00877514
552 0.00194753
553 0.000915114
554 0.077922
555 0.0216577
556 0.010579
557 0.00715946
558 0.0181778
559 0.0163324
560 0.00501843
561 0.00137594
562 0.025646
563 0.0281011
564 0.00217288
565 0.00255276
566 0.0212082
567 0.0149542
568 0.0232199
569 0.0300054
570 0.00834652
571 0.00658983
572 0.002264
573 0.00484293
574 0.00152229
575 0.000403103
