1.000000000000000e+00 1.000000000000000e+00 0.000000000000000e+00
1.275862068965517e+00 1.000000000000000e+00 0.000000000000000e+00
1.551724137931035e+00 1.000000000000000e+00 0.000000000000000e+00
1.827586206896552e+00 1.000000000000000e+00 0.000000000000000e+00
2.103448275862069e+00 1.000000000000000e+00 0.000000000000000e+00
2.379310344827586e+00 1.000000000000000e+00 0.000000000000000e+00
2.655172413793103e+00 1.000000000000000e+00 0.000000000000000e+00
2.931034482758620e+00 1.000000000000000e+00 0.000000000000000e+00
3.206896551724138e+00 1.000000000000000e+00 0.000000000000000e+00
3.482758620689655e+00 1.000000000000000e+00 0.000000000000000e+00
3.758620689655173e+00 1.000000000000000e+00 0.000000000000000e+00
4.034482758620690e+00 1.000000000000000e+00 0.000000000000000e+00
4.310344827586206e+00 1.000000000000000e+00 0.000000000000000e+00
4.586206896551724e+00 1.000000000000000e+00 0.000000000000000e+00
4.862068965517241e+00 1.000000000000000e+00 0.000000000000000e+00
5.137931034482759e+00 1.000000000000000e+00 0.000000000000000e+00
5.413793103448276e+00 1.000000000000000e+00 0.000000000000000e+00
5.689655172413793e+00 1.000000000000000e+00 0.000000000000000e+00
5.965517241379311e+00 1.000000000000000e+00 0.000000000000000e+00
6.241379310344827e+00 1.000000000000000e+00 0.000000000000000e+00
6.517241379310345e+00 1.000000000000000e+00 0.000000000000000e+00
6.793103448275862e+00 1.000000000000000e+00 0.000000000000000e+00
7.068965517241379e+00 1.000000000000000e+00 0.000000000000000e+00
7.344827586206897e+00 1.000000000000000e+00 0.000000000000000e+00
7.620689655172414e+00 1.000000000000000e+00 0.000000000000000e+00
7.896551724137931e+00 1.000000000000000e+00 0.000000000000000e+00
8.172413793103448e+00 1.000000000000000e+00 0.000000000000000e+00
8.448275862068964e+00 1.000000000000000e+00 0.000000000000000e+00
8.724137931034482e+00 1.000000000000000e+00 0.000000000000000e+00
9.000000000000000e+00 1.000000000000000e+00 0.000000000000000e+00
9.000000000000000e+00 1.263157894736842e+00 0.000000000000000e+00
9.000000000000000e+00 1.526315789473684e+00 0.000000000000000e+00
9.000000000000000e+00 1.789473684210526e+00 0.000000000000000e+00
9.000000000000000e+00 2.052631578947368e+00 0.000000000000000e+00
9.000000000000000e+00 2.315789473684211e+00 0.000000000000000e+00
9.000000000000000e+00 2.578947368421053e+00 0.000000000000000e+00
9.000000000000000e+00 2.842105263157895e+00 0.000000000000000e+00
9.000000000000000e+00 3.105263157894737e+00 0.000000000000000e+00
9.000000000000000e+00 3.368421052631579e+00 0.000000000000000e+00
9.000000000000000e+00 3.631578947368421e+00 0.000000000000000e+00
9.000000000000000e+00 3.894736842105262e+00 0.000000000000000e+00
9.000000000000000e+00 4.157894736842105e+00 0.000000000000000e+00
9.000000000000000e+00 4.421052631578948e+00 0.000000000000000e+00
9.000000000000000e+00 4.684210526315789e+00 0.000000000000000e+00
9.000000000000000e+00 4.947368421052631e+00 0.000000000000000e+00
9.000000000000000e+00 5.210526315789474e+00 0.000000000000000e+00
9.000000000000000e+00 5.473684210526316e+00 0.000000000000000e+00
9.000000000000000e+00 5.736842105263158e+00 0.000000000000000e+00
9.000000000000000e+00 6.000000000000000e+00 0.000000000000000e+00
8.724137931034484e+00 6.000000000000000e+00 0.000000000000000e+00
8.448275862068964e+00 6.000000000000000e+00 0.000000000000000e+00
8.172413793103448e+00 6.000000000000000e+00 0.000000000000000e+00
7.896551724137931e+00 6.000000000000000e+00 0.000000000000000e+00
7.620689655172414e+00 6.000000000000000e+00 0.000000000000000e+00
7.344827586206897e+00 6.000000000000000e+00 0.000000000000000e+00
7.068965517241379e+00 5.999999999999999e+00 0.000000000000000e+00
6.793103448275862e+00 6.000000000000000e+00 0.000000000000000e+00
6.517241379310346e+00 6.000000000000000e+00 0.000000000000000e+00
6.241379310344827e+00 6.000000000000000e+00 0.000000000000000e+00
5.965517241379311e+00 6.000000000000000e+00 0.000000000000000e+00
5.689655172413794e+00 6.000000000000000e+00 0.000000000000000e+00
5.413793103448276e+00 6.000000000000000e+00 0.000000000000000e+00
5.137931034482759e+00 6.000000000000000e+00 0.000000000000000e+00
4.862068965517241e+00 6.000000000000000e+00 0.000000000000000e+00
4.586206896551724e+00 6.000000000000000e+00 0.000000000000000e+00
4.310344827586207e+00 6.000000000000000e+00 0.000000000000000e+00
4.034482758620690e+00 6.000000000000000e+00 0.000000000000000e+00
3.758620689655173e+00 6.000000000000000e+00 0.000000000000000e+00
3.482758620689655e+00 6.000000000000000e+00 0.000000000000000e+00
3.206896551724138e+00 6.000000000000000e+00 0.000000000000000e+00
2.931034482758621e+00 6.000000000000000e+00 0.000000000000000e+00
2.655172413793103e+00 6.000000000000000e+00 0.000000000000000e+00
2.379310344827586e+00 6.000000000000000e+00 0.000000000000000e+00
2.103448275862069e+00 6.000000000000000e+00 0.000000000000000e+00
1.827586206896552e+00 6.000000000000000e+00 0.000000000000000e+00
1.551724137931035e+00 6.000000000000000e+00 0.000000000000000e+00
1.275862068965518e+00 6.000000000000000e+00 0.000000000000000e+00
1.000000000000000e+00 6.000000000000000e+00 0.000000000000000e+00
1.000000000000000e+00 5.736842105263158e+00 0.000000000000000e+00
1.000000000000000e+00 5.473684210526316e+00 0.000000000000000e+00
1.000000000000000e+00 5.210526315789474e+00 0.000000000000000e+00
1.000000000000000e+00 4.947368421052631e+00 0.000000000000000e+00
1.000000000000000e+00 4.684210526315790e+00 0.000000000000000e+00
1.000000000000000e+00 4.421052631578948e+00 0.000000000000000e+00
1.000000000000000e+00 4.157894736842105e+00 0.000000000000000e+00
1.000000000000000e+00 3.894736842105263e+00 0.000000000000000e+00
1.000000000000000e+00 3.631578947368422e+00 0.000000000000000e+00
1.000000000000000e+00 3.368421052631579e+00 0.000000000000000e+00
1.000000000000000e+00 3.105263157894738e+00 0.000000000000000e+00
1.000000000000000e+00 2.842105263157895e+00 0.000000000000000e+00
1.000000000000000e+00 2.578947368421053e+00 0.000000000000000e+00
1.000000000000000e+00 2.315789473684211e+00 0.000000000000000e+00
1.000000000000000e+00 2.052631578947368e+00 0.000000000000000e+00
1.000000000000000e+00 1.789473684210527e+00 0.000000000000000e+00
1.000000000000000e+00 1.526315789473684e+00 0.000000000000000e+00
1.000000000000000e+00 1.263157894736843e+00 0.000000000000000e+00
7.529523844483872e+00 3.671312966770087e+00 0.000000000000000e+00
7.295252941971751e+00 3.717537219895407e+00 0.000000000000000e+00
7.386777931212880e+00 3.512236264161824e+00 0.000000000000000e+00
1.212604004987334e+00 1.219140568083306e+00 0.000000000000000e+00
1.213573905826010e+00 5.786210084163701e+00 0.000000000000000e+00
8.764069775963495e+00 5.778916186894826e+00 0.000000000000000e+00
8.787395995012666e+00 1.219140568083306e+00 0.000000000000000e+00
8.764698920225280e+00 1.666359147972631e+00 0.000000000000000e+00
8.830493667023514e+00 1.412008650170517e+00 0.000000000000000e+00
8.766787943089618e+00 2.406427915631872e+00 0.000000000000000e+00
8.816699515611404e+00 1.948826173440509e+00 0.000000000000000e+00
8.597968105836287e+00 1.903173321810672e+00 0.000000000000000e+00
1.160322919372032e+00 5.266499570198269e+00 0.000000000000000e+00
1.264926344323773e+00 5.406177433376921e+00 0.000000000000000e+00
1.175420671173874e+00 5.597886091814434e+00 0.000000000000000e+00
1.436796743928210e+00 4.886684078656487e+00 0.000000000000000e+00
1.193388908536505e+00 5.049071673495623e+00 0.000000000000000e+00
1.184374530533016e+00 4.787809861600213e+00 0.000000000000000e+00
1.354409512620373e+00 5.179706112815056e+00 0.000000000000000e+00
8.088618096259413e+00 2.903461110023659e+00 0.000000000000000e+00
8.143306806068511e+00 3.154364124553372e+00 0.000000000000000e+00
7.885829229268309e+00 3.098654462064128e+00 0.000000000000000e+00
8.037293236883489e+00 1.199010275817474e+00 0.000000000000000e+00
8.251602979036131e+00 1.166308394916102e+00 0.000000000000000e+00
8.189356309800049e+00 1.360549489159461e+00 0.000000000000000e+00
8.512917986453916e+00 2.316151937673214e+00 0.000000000000000e+00
8.668126899504296e+00 2.134861194475086e+00 0.000000000000000e+00
8.410675693324698e+00 1.271982209603574e+00 0.000000000000000e+00
8.829448604039154e+00 3.007110938054161e+00 0.000000000000000e+00
7.252605265073187e+00 1.697595094420288e+00 0.000000000000000e+00
7.433083739880619e+00 1.479385242584852e+00 0.000000000000000e+00
7.524126924935835e+00 1.696055243565783e+00 0.000000000000000e+00
8.816039793054692e+00 3.208633977701352e+00 0.000000000000000e+00
8.791235017129715e+00 3.429444011672076e+00 0.000000000000000e+00
7.530524025253406e+00 1.159034732859389e+00 0.000000000000000e+00
8.226085154607510e+00 1.767140042075444e+00 0.000000000000000e+00
8.055480979444056e+00 1.932639233431985e+00 0.000000000000000e+00
7.989462350449022e+00 1.741212754500930e+00 0.000000000000000e+00
6.977934477798596e+00 1.258640128029084e+00 0.000000000000000e+00
7.198973993444344e+00 1.177972042344720e+00 0.000000000000000e+00
8.613920146246867e+00 3.046999428011385e+00 0.000000000000000e+00
8.736633183189603e+00 2.816603763103645e+00 0.000000000000000e+00
7.208929447027994e+00 1.405319049289769e+00 0.000000000000000e+00
7.012204303768760e+00 1.556975573081569e+00 0.000000000000000e+00
1.493447307598417e+00 5.339561194698810e+00 0.000000000000000e+00
1.547869392558415e+00 5.121085093966561e+00 0.000000000000000e+00
1.741156115694890e+00 5.234244517219248e+00 0.000000000000000e+00
1.962706763116511e+00 5.800989724182526e+00 0.000000000000000e+00
1.748901014498980e+00 5.832402100427782e+00 0.000000000000000e+00
1.812448763374861e+00 5.635671454286837e+00 0.000000000000000e+00
1.248475923058954e+00 4.010307618683751e+00 0.000000000000000e+00
1.179803757208241e+00 4.242021771936702e+00 0.000000000000000e+00
1.590039201175943e+00 5.725349323669547e+00 0.000000000000000e+00
1.335719655754194e+00 4.620653942455827e+00 0.000000000000000e+00
1.255770847303128e+00 4.421800064867834e+00 0.000000000000000e+00
1.471940389284957e+00 4.434604581509890e+00 0.000000000000000e+00
2.765473119878090e+00 5.334927916092719e+00 0.000000000000000e+00
2.563914526416651e+00 5.523353997426291e+00 0.000000000000000e+00
2.476804996601131e+00 5.315815829275773e+00 0.000000000000000e+00
1.186153647593006e+00 3.791014622082125e+00 0.000000000000000e+00
2.469213873006379e+00 5.840248062239412e+00 0.000000000000000e+00
1.943012232214689e+00 3.835696679957688e+00 0.000000000000000e+00
2.187130368441106e+00 3.750913912641214e+00 0.000000000000000e+00
2.089131264989856e+00 4.009036170594124e+00 0.000000000000000e+00
3.059036579619887e+00 5.791276400140082e+00 0.000000000000000e+00
2.828694538410649e+00 5.789442380877820e+00 0.000000000000000e+00
1.933994596951257e+00 3.628947620158202e+00 0.000000000000000e+00
1.701703242451440e+00 3.778052810946691e+00 0.000000000000000e+00
1.735266449030163e+00 3.510770140286194e+00 0.000000000000000e+00
3.020941593013454e+00 5.394826415722349e+00 0.000000000000000e+00
2.928912162827616e+00 5.577054641152159e+00 0.000000000000000e+00
8.505281971915419e+00 5.805253348744623e+00 0.000000000000000e+00
8.286850805365411e+00 5.851673977583037e+00 0.000000000000000e+00
8.249909425923239e+00 5.624446447179094e+00 0.000000000000000e+00
7.798537984650426e+00 5.813835240533286e+00 0.000000000000000e+00
8.059799119981916e+00 5.813771900086835e+00 0.000000000000000e+00
7.948618893266869e+00 5.603356444886661e+00 0.000000000000000e+00
8.797671105202603e+00 5.060538990837563e+00 0.000000000000000e+00
8.836874854947892e+00 5.271313627987130e+00 0.000000000000000e+00
8.645341404339211e+00 5.191166901966454e+00 0.000000000000000e+00
8.066547859236067e+00 5.353993177663808e+00 0.000000000000000e+00
8.724143766851697e+00 5.406108679483187e+00 0.000000000000000e+00
7.210288093665168e+00 5.790916603969201e+00 0.000000000000000e+00
7.014864704889440e+00 5.730502334404661e+00 0.000000000000000e+00
8.540220297462579e+00 4.945723544085842e+00 0.000000000000000e+00
8.312122299441711e+00 4.773196615286547e+00 0.000000000000000e+00
8.528874344411763e+00 4.674297046306153e+00 0.000000000000000e+00
6.873892685999938e+00 5.832654073076995e+00 0.000000000000000e+00
8.749204662932190e+00 4.414679203449312e+00 0.000000000000000e+00
8.840002749783420e+00 4.573932520351666e+00 0.000000000000000e+00
8.684779941894423e+00 4.572940755730008e+00 0.000000000000000e+00
7.420247827722214e+00 4.793050777535154e+00 0.000000000000000e+00
7.154414199682991e+00 4.851578560601178e+00 0.000000000000000e+00
7.224380482391207e+00 4.641201712007848e+00 0.000000000000000e+00
8.821445231909607e+00 4.242121405581916e+00 0.000000000000000e+00
6.750547005354574e+00 5.582882965499170e+00 0.000000000000000e+00
6.652680920744075e+00 5.760399173313891e+00 0.000000000000000e+00
6.580074790489771e+00 5.523840810043036e+00 0.000000000000000e+00
8.539443094031574e+00 4.447311821832390e+00 0.000000000000000e+00
6.154164152797109e+00 5.797570048126799e+00 0.000000000000000e+00
6.382887857893955e+00 5.811691069559014e+00 0.000000000000000e+00
1.407564979587387e+00 1.183064927471520e+00 0.000000000000000e+00
1.748320500819584e+00 1.166494721354185e+00 0.000000000000000e+00
1.589324306675302e+00 1.271982209603574e+00 0.000000000000000e+00
2.244212552634449e+00 1.241327223654398e+00 0.000000000000000e+00
1.962706763116511e+00 1.199010275817474e+00 0.000000000000000e+00
2.061360291802877e+00 1.476552508822370e+00 0.000000000000000e+00
1.810261089478522e+00 1.361481121349878e+00 0.000000000000000e+00
1.171064095331681e+00 1.419895814564495e+00 0.000000000000000e+00
1.652496379498249e+00 1.505255558217602e+00 0.000000000000000e+00
1.856832434041010e+00 1.569495272353997e+00 0.000000000000000e+00
1.752643428577630e+00 1.761825441431604e+00 0.000000000000000e+00
1.234406092293323e+00 1.666662960857922e+00 0.000000000000000e+00
3.001801803188106e+00 1.832452684582618e+00 0.000000000000000e+00
2.746115172340208e+00 1.691987790145380e+00 0.000000000000000e+00
3.005457616359146e+00 1.554658501847447e+00 0.000000000000000e+00
1.181659075372307e+00 1.942432864781389e+00 0.000000000000000e+00
1.322910073652913e+00 2.107410417762280e+00 0.000000000000000e+00
1.145878890809425e+00 2.162265697385124e+00 0.000000000000000e+00
2.794216452135975e+00 1.403389357306182e+00 0.000000000000000e+00
2.621054605055051e+00 1.261529430548109e+00 0.000000000000000e+00
2.801690757824397e+00 1.177338583694077e+00 0.000000000000000e+00
3.267237812070755e+00 1.198263081725098e+00 0.000000000000000e+00
3.025389278545110e+00 1.255472834775867e+00 0.000000000000000e+00
1.527671641327373e+00 2.265254982003641e+00 0.000000000000000e+00
1.239058234509571e+00 2.398364357937341e+00 0.000000000000000e+00
2.772207108077954e+00 2.160863830492612e+00 0.000000000000000e+00
3.035228493517759e+00 2.143973360889718e+00 0.000000000000000e+00
2.853034308452381e+00 2.320344206616083e+00 0.000000000000000e+00
2.218660309526977e+00 3.299283692483763e+00 0.000000000000000e+00
1.930955354147283e+00 3.365641455388901e+00 0.000000000000000e+00
2.020302313465908e+00 3.106168321085614e+00 0.000000000000000e+00
3.226980473786849e+00 1.433102136977827e+00 0.000000000000000e+00
1.167556852526317e+00 2.649688992630645e+00 0.000000000000000e+00
1.394749009114288e+00 3.040393286989684e+00 0.000000000000000e+00
1.393447469643889e+00 3.353453181243086e+00 0.000000000000000e+00
1.185671663390379e+00 3.215199185420140e+00 0.000000000000000e+00
3.427906954020974e+00 5.193606309214100e+00 0.000000000000000e+00
3.416937396535245e+00 5.447099935078719e+00 0.000000000000000e+00
3.207308833122322e+00 5.310041634564086e+00 0.000000000000000e+00
4.030799317403898e+00 1.181320793522651e+00 0.000000000000000e+00
3.885520644243385e+00 5.838470919838942e+00 0.000000000000000e+00
3.682834567417763e+00 5.789729057836310e+00 0.000000000000000e+00
3.874792888691425e+00 5.628482646669122e+00 0.000000000000000e+00
4.754835277883465e+00 1.156858730901977e+00 0.000000000000000e+00
4.997242899223042e+00 1.221042130721969e+00 0.000000000000000e+00
4.786060766778994e+00 1.325011074343719e+00 0.000000000000000e+00
3.813860599084280e+00 5.351214465297995e+00 0.000000000000000e+00
3.588281133387890e+00 5.356494765048759e+00 0.000000000000000e+00
3.633145378694022e+00 5.205921121988379e+00 0.000000000000000e+00
5.247115185519443e+00 1.164887484659299e+00 0.000000000000000e+00
4.389468670349643e+00 4.654355393135075e+00 0.000000000000000e+00
4.425016254859244e+00 4.884907666669879e+00 0.000000000000000e+00
4.251358661312388e+00 4.865481054323963e+00 0.000000000000000e+00
4.020008004743811e+00 4.903345491798477e+00 0.000000000000000e+00
4.131982030908056e+00 4.675771423802818e+00 0.000000000000000e+00
6.311696850119597e+00 4.047775697236014e+00 0.000000000000000e+00
6.351937138889654e+00 4.298695766076055e+00 0.000000000000000e+00
6.198487710742319e+00 4.267849257118703e+00 0.000000000000000e+00
4.123599975567565e+00 5.471388220555149e+00 0.000000000000000e+00
4.313930578929910e+00 5.227887011608174e+00 0.000000000000000e+00
4.378066182766882e+00 5.462186180876826e+00 0.000000000000000e+00
4.510795837299356e+00 1.634487618333181e+00 0.000000000000000e+00
4.669428623737893e+00 1.468708042946192e+00 0.000000000000000e+00
4.727026804103176e+00 1.663714741210876e+00 0.000000000000000e+00
4.244409179559723e+00 5.850929622544145e+00 0.000000000000000e+00
4.454645474443290e+00 5.825104369137806e+00 0.000000000000000e+00
5.466404946383015e+00 1.258507714823776e+00 0.000000000000000e+00
5.581790060462922e+00 1.488456994262664e+00 0.000000000000000e+00
5.391602670558364e+00 1.475204051522282e+00 0.000000000000000e+00
5.932606151719726e+00 2.767584936217295e+00 0.000000000000000e+00
5.977586617466272e+00 2.515466340257156e+00 0.000000000000000e+00
6.161416288931361e+00 2.661716786708436e+00 0.000000000000000e+00
4.764694426430838e+00 5.419803535632223e+00 0.000000000000000e+00
4.828159325279286e+00 5.674633812680455e+00 0.000000000000000e+00
4.573354456249377e+00 5.603563746488674e+00 0.000000000000000e+00
5.960965269300135e+00 1.192822962500655e+00 0.000000000000000e+00
6.189475937737072e+00 1.339798409594096e+00 0.000000000000000e+00
4.999346434675248e+00 5.464618939789669e+00 0.000000000000000e+00
5.106405024518487e+00 5.738521392211358e+00 0.000000000000000e+00
5.086262700437084e+00 4.446956338778151e+00 0.000000000000000e+00
5.298819701943456e+00 4.521799349016812e+00 0.000000000000000e+00
5.115536705691230e+00 4.669673360896169e+00 0.000000000000000e+00
5.942688212924659e+00 1.501981306255314e+00 0.000000000000000e+00
5.731835469285528e+00 1.316871378851823e+00 0.000000000000000e+00
8.757690262748318e+00 4.022694958891545e+00 0.000000000000000e+00
2.445472563829060e+00 5.672239119179878e+00 0.000000000000000e+00
2.620656918431831e+00 5.732230408555889e+00 0.000000000000000e+00
3.606162211015422e+00 1.455930774595592e+00 0.000000000000000e+00
3.429123199260321e+00 1.313825038097214e+00 0.000000000000000e+00
3.617490518462215e+00 1.222978474291435e+00 0.000000000000000e+00
7.553715013849820e+00 1.326452614445626e+00 0.000000000000000e+00
7.378774902202457e+00 1.261346215278102e+00 0.000000000000000e+00
6.447206569887537e+00 5.647869699814123e+00 0.000000000000000e+00
4.775006969401613e+00 2.491987963670983e+00 0.000000000000000e+00
4.975379989451082e+00 2.702797128663986e+00 0.000000000000000e+00
4.741544907328070e+00 2.718264283676558e+00 0.000000000000000e+00
5.224001990830647e+00 1.371998576677331e+00 0.000000000000000e+00
4.845373634280849e+00 2.951425712903630e+00 0.000000000000000e+00
5.038181296034917e+00 3.139046580523820e+00 0.000000000000000e+00
4.823405843147395e+00 3.214362942496390e+00 0.000000000000000e+00
4.883099120085783e+00 4.541154237260126e+00 0.000000000000000e+00
4.935406078735372e+00 4.234701348535153e+00 0.000000000000000e+00
4.080646956429187e+00 5.742630950233658e+00 0.000000000000000e+00
4.263529552854997e+00 1.308391209561559e+00 0.000000000000000e+00
3.343463026588576e+00 2.109749759699882e+00 0.000000000000000e+00
3.620000134218648e+00 2.027366709610958e+00 0.000000000000000e+00
3.530932163300932e+00 2.329149933670299e+00 0.000000000000000e+00
5.005865392722686e+00 2.413169684886848e+00 0.000000000000000e+00
6.383289177267733e+00 1.227526667405599e+00 0.000000000000000e+00
6.329755007077902e+00 5.463993125548111e+00 0.000000000000000e+00
6.126600678601981e+00 5.574537360793221e+00 0.000000000000000e+00
6.117354332194130e+00 5.375088511725323e+00 0.000000000000000e+00
7.069707528925696e+00 5.075808363887076e+00 0.000000000000000e+00
6.927934708065251e+00 4.878911311957632e+00 0.000000000000000e+00
4.081015332546823e+00 2.497725981996146e+00 0.000000000000000e+00
3.813077656329886e+00 2.486853494041892e+00 0.000000000000000e+00
3.997843732215817e+00 2.270842336315580e+00 0.000000000000000e+00
4.484168268960385e+00 3.138301607586811e+00 0.000000000000000e+00
4.498131034361789e+00 3.364795519779706e+00 0.000000000000000e+00
4.317646632715032e+00 3.240904914083900e+00 0.000000000000000e+00
7.663898801814683e+00 4.613271598666237e+00 0.000000000000000e+00
7.402419530675046e+00 4.486670088907873e+00 0.000000000000000e+00
8.812817152859028e+00 5.588751746841317e+00 0.000000000000000e+00
6.548538163049197e+00 2.773873605059478e+00 0.000000000000000e+00
6.618971794036685e+00 2.492329501955443e+00 0.000000000000000e+00
6.762152438575213e+00 2.697074554627632e+00 0.000000000000000e+00
8.592435020412612e+00 1.183064927471520e+00 0.000000000000000e+00
2.956745606774588e+00 2.694070785917052e+00 0.000000000000000e+00
2.860497691503600e+00 2.886354756947762e+00 0.000000000000000e+00
2.767459039315182e+00 2.706565474407430e+00 0.000000000000000e+00
3.229484246193547e+00 3.927431690265881e+00 0.000000000000000e+00
3.397322020287046e+00 3.743951190773142e+00 0.000000000000000e+00
3.492391145074155e+00 3.995738870787963e+00 0.000000000000000e+00
1.405960483923618e+00 5.819615206715065e+00 0.000000000000000e+00
8.813846352406992e+00 3.791014622082126e+00 0.000000000000000e+00
7.164923932703466e+00 3.548943941113541e+00 0.000000000000000e+00
7.249839485755577e+00 3.375141313548469e+00 0.000000000000000e+00
1.888756703158665e+00 4.805400753754257e+00 0.000000000000000e+00
2.075912535177498e+00 4.885705408867091e+00 0.000000000000000e+00
1.927222423750929e+00 5.036105697393856e+00 0.000000000000000e+00
1.173633164250513e+00 3.008073027120551e+00 0.000000000000000e+00
1.265750393762025e+00 2.813925231499513e+00 0.000000000000000e+00
2.578361833376532e+00 4.098013254985778e+00 0.000000000000000e+00
2.448597948365636e+00 3.878778278518655e+00 0.000000000000000e+00
2.720644618880499e+00 3.897482549305833e+00 0.000000000000000e+00
3.193445632748614e+00 5.572815085153327e+00 0.000000000000000e+00
3.444557632563257e+00 5.698899755310139e+00 0.000000000000000e+00
3.277339003469110e+00 5.812598248120709e+00 0.000000000000000e+00
6.191270013403804e+00 2.456049338221014e+00 0.000000000000000e+00
6.377207093295865e+00 2.589908979487626e+00 0.000000000000000e+00
6.425815200875599e+00 1.488712442101484e+00 0.000000000000000e+00
6.566267519056596e+00 1.304939207135034e+00 0.000000000000000e+00
6.599668385251217e+00 1.481544714792531e+00 0.000000000000000e+00
3.416658639835261e+00 1.533036725667390e+00 0.000000000000000e+00
3.559035163745608e+00 1.735161561122664e+00 0.000000000000000e+00
3.257031567905653e+00 1.712837857555594e+00 0.000000000000000e+00
3.335959977735878e+00 2.523404322184774e+00 0.000000000000000e+00
3.198062374603447e+00 2.703734398563972e+00 0.000000000000000e+00
3.061781474791248e+00 2.459151883324402e+00 0.000000000000000e+00
5.703696233553393e+00 5.561716164933696e+00 0.000000000000000e+00
5.936579026780441e+00 5.696129440615514e+00 0.000000000000000e+00
5.765941624083309e+00 5.810000125117742e+00 0.000000000000000e+00
5.142645690297779e+00 5.229597298167493e+00 0.000000000000000e+00
4.904972484794082e+00 5.226998914136493e+00 0.000000000000000e+00
5.582766073776872e+00 4.831347088872835e+00 0.000000000000000e+00
5.379808607595638e+00 4.956359351451554e+00 0.000000000000000e+00
5.323500332600547e+00 4.762882166529042e+00 0.000000000000000e+00
5.597178189821341e+00 3.703221530479396e+00 0.000000000000000e+00
5.490426036187703e+00 3.533176304694182e+00 0.000000000000000e+00
5.711979618758383e+00 3.525758599706809e+00 0.000000000000000e+00
3.355518922300005e+00 2.944679667968053e+00 0.000000000000000e+00
3.580733961993968e+00 2.863140512315403e+00 0.000000000000000e+00
3.567237980901420e+00 3.066008243230761e+00 0.000000000000000e+00
4.052500470526978e+00 1.765349080267718e+00 0.000000000000000e+00
4.272730640388629e+00 1.567631046318284e+00 0.000000000000000e+00
4.345666230175517e+00 1.811517426159103e+00 0.000000000000000e+00
4.972148489417672e+00 1.547885861944324e+00 0.000000000000000e+00
4.855329706685155e+00 1.775066091702773e+00 0.000000000000000e+00
6.000714773073232e+00 1.840800578135778e+00 0.000000000000000e+00
5.725788126651234e+00 1.695794285746785e+00 0.000000000000000e+00
5.314314891973866e+00 5.115554966407000e+00 0.000000000000000e+00
5.166362956622465e+00 4.938366461458687e+00 0.000000000000000e+00
3.784349748345132e+00 5.059862319837383e+00 0.000000000000000e+00
3.780945682886710e+00 4.795787560998734e+00 0.000000000000000e+00
6.326715601623249e+00 2.767651827292314e+00 0.000000000000000e+00
6.175958545487632e+00 2.873354880472645e+00 0.000000000000000e+00
5.776066825248273e+00 3.758041121978898e+00 0.000000000000000e+00
5.843895538551612e+00 4.010658286852831e+00 0.000000000000000e+00
5.595208102155589e+00 3.914537438581932e+00 0.000000000000000e+00
7.918414692944747e+00 3.997313741569338e+00 0.000000000000000e+00
7.919357407243672e+00 3.739379288509125e+00 0.000000000000000e+00
8.103215588862836e+00 3.854628543672284e+00 0.000000000000000e+00
3.227961121153161e+00 3.103808056821488e+00 0.000000000000000e+00
3.419675583605423e+00 3.194042938776560e+00 0.000000000000000e+00
3.225330652929000e+00 3.309960067295875e+00 0.000000000000000e+00
3.032607413235935e+00 4.284108235939324e+00 0.000000000000000e+00
2.893162619243748e+00 4.519246083732581e+00 0.000000000000000e+00
2.701426653383236e+00 4.334030752318938e+00 0.000000000000000e+00
2.171796568113143e+00 4.237656955548657e+00 0.000000000000000e+00
2.326385010551420e+00 4.078674187268599e+00 0.000000000000000e+00
1.278433261505265e+00 3.599730534043637e+00 0.000000000000000e+00
8.328271963764768e+00 3.834194554398003e+00 0.000000000000000e+00
8.162082448988205e+00 3.631044934998531e+00 0.000000000000000e+00
5.398395323262403e+00 3.308681648406258e+00 0.000000000000000e+00
5.236742364027990e+00 3.539946116961764e+00 0.000000000000000e+00
5.190005092975440e+00 3.291072355204922e+00 0.000000000000000e+00
4.902787837559849e+00 3.906847508888274e+00 0.000000000000000e+00
4.787316002104030e+00 3.667692734735623e+00 0.000000000000000e+00
4.993558529651643e+00 3.647757042839437e+00 0.000000000000000e+00
3.016468618790240e+00 3.400604665692706e+00 0.000000000000000e+00
2.996761541277178e+00 3.140170974815518e+00 0.000000000000000e+00
2.367369780589799e+00 2.152661518026675e+00 0.000000000000000e+00
2.364848026636698e+00 2.401749036537995e+00 0.000000000000000e+00
2.158693035735924e+00 2.257251411536958e+00 0.000000000000000e+00
7.413475583745337e+00 1.875188510009314e+00 0.000000000000000e+00
7.734076984121431e+00 3.631468714172762e+00 0.000000000000000e+00
7.630810610033088e+00 3.440268767858440e+00 0.000000000000000e+00
7.911822667581246e+00 3.486172857656269e+00 0.000000000000000e+00
4.375462496754679e+00 3.787338342053887e+00 0.000000000000000e+00
4.631179045273325e+00 3.853105324514734e+00 0.000000000000000e+00
4.429459478379776e+00 4.038794216060683e+00 0.000000000000000e+00
3.575402895666985e+00 2.613336793983709e+00 0.000000000000000e+00
3.727952003821044e+00 4.193665581181953e+00 0.000000000000000e+00
3.992488054727473e+00 4.293693359485220e+00 0.000000000000000e+00
3.810180049372569e+00 4.398997194482806e+00 0.000000000000000e+00
4.252082839068769e+00 3.509951405183637e+00 0.000000000000000e+00
3.991621406892602e+00 3.633809832530842e+00 0.000000000000000e+00
3.995864357487644e+00 3.435203067278705e+00 0.000000000000000e+00
7.643374473992173e+00 4.849687843430202e+00 0.000000000000000e+00
7.560320475008984e+00 5.055613747430097e+00 0.000000000000000e+00
7.167853013082477e+00 5.535629580928251e+00 0.000000000000000e+00
7.426177459730112e+00 5.676842620027030e+00 0.000000000000000e+00
8.554578660634272e+00 5.564545865613822e+00 0.000000000000000e+00
8.332106144677839e+00 4.533175106022439e+00 0.000000000000000e+00
8.494466134040215e+00 1.683941503214852e+00 0.000000000000000e+00
7.756608632808821e+00 1.722301429487419e+00 0.000000000000000e+00
7.664707735611366e+00 1.492764580751917e+00 0.000000000000000e+00
7.937109102271409e+00 1.468503439306805e+00 0.000000000000000e+00
1.995025710051080e+00 1.741353969638031e+00 0.000000000000000e+00
1.913777683011616e+00 1.933673937171762e+00 0.000000000000000e+00
1.676589678330421e+00 4.730003035527137e+00 0.000000000000000e+00
1.701046256462086e+00 4.969546476298264e+00 0.000000000000000e+00
2.158316119344893e+00 5.070727611164885e+00 0.000000000000000e+00
2.235898648506619e+00 5.296951979928676e+00 0.000000000000000e+00
2.001268644564942e+00 5.260432121527262e+00 0.000000000000000e+00
7.326531772025041e+00 2.679825726448744e+00 0.000000000000000e+00
7.469765420603646e+00 2.848000749467684e+00 0.000000000000000e+00
7.232646921471721e+00 2.919363580638446e+00 0.000000000000000e+00
2.179748412074517e+00 2.462457072408866e+00 0.000000000000000e+00
1.963125421490975e+00 2.421563530526020e+00 0.000000000000000e+00
3.565346489634604e+00 5.047439471149753e+00 0.000000000000000e+00
3.616999859517362e+00 4.896580519859278e+00 0.000000000000000e+00
6.765077750777460e+00 4.130205519623511e+00 0.000000000000000e+00
6.662276727989186e+00 4.353147479674531e+00 0.000000000000000e+00
6.532022263327892e+00 4.201867716860894e+00 0.000000000000000e+00
7.013497145444291e+00 3.341192512098149e+00 0.000000000000000e+00
7.030661552611210e+00 3.075107727762980e+00 0.000000000000000e+00
7.232815799714630e+00 3.176443524718432e+00 0.000000000000000e+00
2.262811148087005e+00 3.929350637255648e+00 0.000000000000000e+00
2.796943258025992e+00 2.517168397892853e+00 0.000000000000000e+00
2.563393777001844e+00 2.606661854749949e+00 0.000000000000000e+00
2.611757047059445e+00 2.317521671590988e+00 0.000000000000000e+00
4.572256438493159e+00 2.356275269729102e+00 0.000000000000000e+00
4.770277074057550e+00 2.194631395598875e+00 0.000000000000000e+00
4.531473401203445e+00 2.857989306804122e+00 0.000000000000000e+00
4.580490542303359e+00 2.587121306340069e+00 0.000000000000000e+00
6.884586039412761e+00 5.079758857973769e+00 0.000000000000000e+00
8.070493706730948e+00 5.092470697937599e+00 0.000000000000000e+00
8.277519225088808e+00 5.224188992246897e+00 0.000000000000000e+00
4.627431363375806e+00 1.892426091127910e+00 0.000000000000000e+00
4.496915422659931e+00 2.131721094553421e+00 0.000000000000000e+00
4.422218158553145e+00 1.974358273395003e+00 0.000000000000000e+00
3.808838456561075e+00 1.599772549618538e+00 0.000000000000000e+00
3.794326816884238e+00 1.838653102735288e+00 0.000000000000000e+00
5.434728880849619e+00 1.689755571037964e+00 0.000000000000000e+00
5.251087474265618e+00 1.567301400809674e+00 0.000000000000000e+00
3.983492433892075e+00 4.077039604914122e+00 0.000000000000000e+00
4.195694691844103e+00 3.951326714818316e+00 0.000000000000000e+00
4.217377057760275e+00 4.189046070930043e+00 0.000000000000000e+00
4.944984676968216e+00 4.814343263702237e+00 0.000000000000000e+00
4.980068812134360e+00 5.033976630093605e+00 0.000000000000000e+00
4.778500974814019e+00 4.984835744745080e+00 0.000000000000000e+00
5.525534222166836e+00 5.133970792706872e+00 0.000000000000000e+00
5.776870057868504e+00 5.061216080993694e+00 0.000000000000000e+00
6.241397009917392e+00 5.168670334787928e+00 0.000000000000000e+00
7.636838701319253e+00 3.201084470084409e+00 0.000000000000000e+00
7.430275883389794e+00 3.299847070910290e+00 0.000000000000000e+00
7.440676642606496e+00 3.070443618712628e+00 0.000000000000000e+00
7.802262317378680e+00 4.432241145669750e+00 0.000000000000000e+00
7.832375144648869e+00 4.244155555130082e+00 0.000000000000000e+00
7.952159403980127e+00 4.383424224884671e+00 0.000000000000000e+00
3.385850726856782e+00 4.891643915149247e+00 0.000000000000000e+00
3.578543102074221e+00 4.694983093075882e+00 0.000000000000000e+00
3.640124193368414e+00 5.550742061181903e+00 0.000000000000000e+00
1.503068211560446e+00 1.675758572488810e+00 0.000000000000000e+00
2.565591282691934e+00 1.479349002826208e+00 0.000000000000000e+00
2.244293221786201e+00 5.758383602252656e+00 0.000000000000000e+00
2.573347696051005e+00 5.137496174413968e+00 0.000000000000000e+00
2.380080821112857e+00 5.102094984941097e+00 0.000000000000000e+00
2.510026243102221e+00 4.966802973815059e+00 0.000000000000000e+00
7.754818082674103e+00 1.239598673204198e+00 0.000000000000000e+00
7.610552374986115e+00 1.914490080308147e+00 0.000000000000000e+00
7.453243824719256e+00 2.080648965713846e+00 0.000000000000000e+00
7.659209114297331e+00 2.404826519346602e+00 0.000000000000000e+00
7.550314611500195e+00 2.637058769933197e+00 0.000000000000000e+00
7.422206485700700e+00 2.459982738620532e+00 0.000000000000000e+00
7.881620716856543e+00 2.450135692686926e+00 0.000000000000000e+00
7.857884698014741e+00 2.234620495016884e+00 0.000000000000000e+00
5.391701948502656e+00 2.200949544526258e+00 0.000000000000000e+00
5.610936855823832e+00 2.195941085389928e+00 0.000000000000000e+00
5.571376125099432e+00 2.394318781338570e+00 0.000000000000000e+00
5.286138567298136e+00 3.064263449690041e+00 0.000000000000000e+00
5.493572087123402e+00 2.857387168661894e+00 0.000000000000000e+00
5.566145271966129e+00 3.131174957922817e+00 0.000000000000000e+00
4.768780044325245e+00 4.743383564005279e+00 0.000000000000000e+00
4.589584275754841e+00 4.817395818540954e+00 0.000000000000000e+00
5.378294302907922e+00 5.318839316572077e+00 0.000000000000000e+00
5.556396276198765e+00 5.367854886493005e+00 0.000000000000000e+00
5.459996654231983e+00 5.536565187391027e+00 0.000000000000000e+00
4.548132131462367e+00 5.333021810399261e+00 0.000000000000000e+00
4.535693669858483e+00 5.070259210873120e+00 0.000000000000000e+00
4.311173632431682e+00 5.660297605945777e+00 0.000000000000000e+00
2.255378793496179e+00 4.460296640399175e+00 0.000000000000000e+00
2.105586426648732e+00 4.662291370854731e+00 0.000000000000000e+00
2.026088120630644e+00 4.420369157388885e+00 0.000000000000000e+00
8.766452751575386e+00 4.787111982942225e+00 0.000000000000000e+00
8.202192179248790e+00 4.033522127495073e+00 0.000000000000000e+00
8.332560117784020e+00 4.268395232123430e+00 0.000000000000000e+00
8.064782031281201e+00 4.223393386879597e+00 0.000000000000000e+00
6.484414244775429e+00 4.464154726496029e+00 0.000000000000000e+00
6.222591016819729e+00 4.491511384669892e+00 0.000000000000000e+00
5.960360385583453e+00 5.230600881703492e+00 0.000000000000000e+00
5.742913015498731e+00 5.295369024519669e+00 0.000000000000000e+00
6.509392873353008e+00 3.149408354869986e+00 0.000000000000000e+00
6.278705247311301e+00 3.311871754178270e+00 0.000000000000000e+00
6.234350787679544e+00 3.082342457176493e+00 0.000000000000000e+00
6.079327298048531e+00 3.930922220815645e+00 0.000000000000000e+00
6.086889166696220e+00 3.741874616736133e+00 0.000000000000000e+00
6.229421452624872e+00 3.813613597444082e+00 0.000000000000000e+00
6.562474371371746e+00 2.959553718082748e+00 0.000000000000000e+00
6.788901805153354e+00 2.971881045526653e+00 0.000000000000000e+00
6.081030104773194e+00 3.382750096855405e+00 0.000000000000000e+00
6.231932404472113e+00 3.577053021762303e+00 0.000000000000000e+00
1.535398582783445e+00 4.015613050068351e+00 0.000000000000000e+00
1.803101688239785e+00 4.011532885448208e+00 0.000000000000000e+00
1.169769262279975e+00 3.432727814272779e+00 0.000000000000000e+00
8.573504335622047e+00 3.447791106264950e+00 0.000000000000000e+00
8.644039573979345e+00 3.290057876557051e+00 0.000000000000000e+00
8.336187157785773e+00 2.975616003188754e+00 0.000000000000000e+00
8.408648575471879e+00 3.278577015058856e+00 0.000000000000000e+00
6.732196151632927e+00 1.200357280933757e+00 0.000000000000000e+00
6.164405519648457e+00 2.008749538490458e+00 0.000000000000000e+00
6.229078340469791e+00 1.854181976253335e+00 0.000000000000000e+00
8.318922897924118e+00 2.254049026307756e+00 0.000000000000000e+00
8.450865423471026e+00 2.089122447980690e+00 0.000000000000000e+00
8.833925999331843e+00 2.652751938138994e+00 0.000000000000000e+00
2.146653295894520e+00 1.980803128301748e+00 0.000000000000000e+00
1.943092930609231e+00 2.146233078829352e+00 0.000000000000000e+00
6.732477766880567e+00 4.627851161702099e+00 0.000000000000000e+00
6.484694443755188e+00 4.650295636033781e+00 0.000000000000000e+00
6.052357562029599e+00 4.343307473152766e+00 0.000000000000000e+00
6.005872262298271e+00 3.022170461657164e+00 0.000000000000000e+00
5.849617932243500e+00 3.257381717961386e+00 0.000000000000000e+00
5.757565440416793e+00 2.962955113573373e+00 0.000000000000000e+00
4.550999476844925e+00 3.601208225401852e+00 0.000000000000000e+00
4.640046040322408e+00 4.566633331817291e+00 0.000000000000000e+00
4.739241483912555e+00 3.435266270150894e+00 0.000000000000000e+00
6.731905164865644e+00 5.187651138634226e+00 0.000000000000000e+00
6.723386950187539e+00 4.950088694918195e+00 0.000000000000000e+00
7.459092702894804e+00 4.264843333922537e+00 0.000000000000000e+00
7.628662657725890e+00 4.356013567858772e+00 0.000000000000000e+00
3.213001470165839e+00 1.947268603869997e+00 0.000000000000000e+00
2.705594149446851e+00 3.075120646620817e+00 0.000000000000000e+00
2.671985234367629e+00 2.834328706324565e+00 0.000000000000000e+00
7.204134990495869e+00 2.483052121700985e+00 0.000000000000000e+00
6.239837842184077e+00 2.221317475922901e+00 0.000000000000000e+00
6.391980121898081e+00 2.393049109014073e+00 0.000000000000000e+00
4.901266930288336e+00 1.980925813093420e+00 0.000000000000000e+00
3.607826317316814e+00 3.819750368904244e+00 0.000000000000000e+00
1.932190000833111e+00 4.218660307061674e+00 0.000000000000000e+00
2.845890248300189e+00 4.093167003957408e+00 0.000000000000000e+00
5.180995479459192e+00 2.584556456029116e+00 0.000000000000000e+00
5.338756031005615e+00 2.456573983636489e+00 0.000000000000000e+00
5.354055374910866e+00 2.665938773736644e+00 0.000000000000000e+00
6.969995845019672e+00 5.306334780471718e+00 0.000000000000000e+00
6.916088820631396e+00 5.541305346842403e+00 0.000000000000000e+00
3.871595934007955e+00 3.296234160115286e+00 0.000000000000000e+00
3.807960583590267e+00 3.050545963948323e+00 0.000000000000000e+00
4.090147822714710e+00 3.206951354381961e+00 0.000000000000000e+00
4.276995975582570e+00 3.019199471347841e+00 0.000000000000000e+00
4.033329945239758e+00 2.908255577804454e+00 0.000000000000000e+00
4.229964449025251e+00 2.731629557069054e+00 0.000000000000000e+00
7.074090538338105e+00 3.767149687971366e+00 0.000000000000000e+00
6.974640918095683e+00 3.595566471833171e+00 0.000000000000000e+00
2.631149595726788e+00 3.329000332711948e+00 0.000000000000000e+00
2.832072492281675e+00 3.294914437217782e+00 0.000000000000000e+00
2.793379642754474e+00 3.517172339885846e+00 0.000000000000000e+00
2.110190936722018e+00 2.637619657146601e+00 0.000000000000000e+00
1.900827848241640e+00 2.680295285259389e+00 0.000000000000000e+00
3.012114349262089e+00 4.716716888544556e+00 0.000000000000000e+00
3.119450715015241e+00 4.903579583572983e+00 0.000000000000000e+00
2.927288574939528e+00 4.898803575801760e+00 0.000000000000000e+00
2.994075583403010e+00 5.130769365018997e+00 0.000000000000000e+00
7.850157070794595e+00 1.972282472234603e+00 0.000000000000000e+00
2.469033129344070e+00 1.159611616312870e+00 0.000000000000000e+00
2.475873075064166e+00 1.696055243565783e+00 0.000000000000000e+00
2.397434659032324e+00 1.913418697780905e+00 0.000000000000000e+00
2.238887126978828e+00 1.725773529746703e+00 0.000000000000000e+00
2.060610245333372e+00 5.521693243820957e+00 0.000000000000000e+00
7.399068288283431e+00 5.418980500131796e+00 0.000000000000000e+00
7.578634627159859e+00 5.492398732987188e+00 0.000000000000000e+00
4.665867042322071e+00 3.083063898429264e+00 0.000000000000000e+00
4.191235965405906e+00 2.322632071986012e+00 0.000000000000000e+00
4.288498333979967e+00 2.496839155552652e+00 0.000000000000000e+00
8.062570908868121e+00 4.836950434435051e+00 0.000000000000000e+00
8.282889398018924e+00 5.001743314181811e+00 0.000000000000000e+00
5.996352101661779e+00 5.049325389473052e+00 0.000000000000000e+00
5.883660191138203e+00 4.871250818639911e+00 0.000000000000000e+00
4.472085814967587e+00 4.334486687668983e+00 0.000000000000000e+00
4.201965314421472e+00 4.437619311419626e+00 0.000000000000000e+00
2.804021500380719e+00 4.729797317980927e+00 0.000000000000000e+00
3.362459062751098e+00 4.604395854403529e+00 0.000000000000000e+00
1.767408317133848e+00 2.273384491215805e+00 0.000000000000000e+00
8.088834821981903e+00 2.322865774760014e+00 0.000000000000000e+00
8.010696052638384e+00 2.111580821364648e+00 0.000000000000000e+00
7.506673108965406e+00 2.266533539858256e+00 0.000000000000000e+00
7.313887012411369e+00 2.264310913790852e+00 0.000000000000000e+00
1.865631593377664e+00 4.584570684950057e+00 0.000000000000000e+00
2.303217076745116e+00 4.864895055361851e+00 0.000000000000000e+00
2.551879572474475e+00 4.752236854902603e+00 0.000000000000000e+00
6.762778295401344e+00 3.274512430974729e+00 0.000000000000000e+00
6.789847299947235e+00 3.532013338038312e+00 0.000000000000000e+00
7.303275782761683e+00 4.291574952521827e+00 0.000000000000000e+00
7.160903398629793e+00 4.173160063618163e+00 0.000000000000000e+00
7.362996581923858e+00 4.108349565306814e+00 0.000000000000000e+00
5.558734149446004e+00 4.545358419008887e+00 0.000000000000000e+00
5.788892913082394e+00 4.653513826773633e+00 0.000000000000000e+00
5.164581007306515e+00 3.826491350163646e+00 0.000000000000000e+00
5.349891499656887e+00 4.041498562035254e+00 0.000000000000000e+00
5.099429760828849e+00 4.051819469391695e+00 0.000000000000000e+00
6.777982375860868e+00 1.893006146326726e+00 0.000000000000000e+00
6.626598487291705e+00 1.672439849935502e+00 0.000000000000000e+00
6.838995139502839e+00 1.682992322784904e+00 0.000000000000000e+00
3.771562243447612e+00 2.221400787340789e+00 0.000000000000000e+00
6.572517540370900e+00 1.937329356622175e+00 0.000000000000000e+00
6.715076574942265e+00 2.086042785756340e+00 0.000000000000000e+00
6.519888118553318e+00 2.207380387425666e+00 0.000000000000000e+00
6.353183201390692e+00 2.000987666324922e+00 0.000000000000000e+00
2.445040123829009e+00 1.327608481262831e+00 0.000000000000000e+00
6.998198196811895e+00 1.832452684582619e+00 0.000000000000000e+00
5.081284245707638e+00 2.931217583132294e+00 0.000000000000000e+00
5.693248050054536e+00 2.756105610294695e+00 0.000000000000000e+00
5.530868994333233e+00 2.621349377130011e+00 0.000000000000000e+00
7.909406937660477e+00 4.971650394376944e+00 0.000000000000000e+00
7.825609077406615e+00 4.803636704078222e+00 0.000000000000000e+00
7.937195494745433e+00 4.582796677988796e+00 0.000000000000000e+00
8.124182031846450e+00 4.434534358755130e+00 0.000000000000000e+00
8.153635375915911e+00 4.632130638497593e+00 0.000000000000000e+00
1.793330594800197e+00 3.146559533276016e+00 0.000000000000000e+00
1.642707279951837e+00 2.961422119874690e+00 0.000000000000000e+00
1.857522981594831e+00 2.920636406615646e+00 0.000000000000000e+00
8.326459931310202e+00 3.474464537046423e+00 0.000000000000000e+00
8.157873920464127e+00 3.383368269720765e+00 0.000000000000000e+00
8.675052354798725e+00 2.619887515446411e+00 0.000000000000000e+00
8.498865709980866e+00 2.744519705921609e+00 0.000000000000000e+00
3.224911272041538e+00 5.084565409320961e+00 0.000000000000000e+00
3.075241225783384e+00 4.059147220336508e+00 0.000000000000000e+00
2.986317529357375e+00 3.871310903450507e+00 0.000000000000000e+00
3.002852866531282e+00 3.636796137044484e+00 0.000000000000000e+00
2.827155212002554e+00 3.728378056797805e+00 0.000000000000000e+00
7.578379143991010e+00 5.825962248657703e+00 0.000000000000000e+00
7.786104938838258e+00 5.426260900099750e+00 0.000000000000000e+00
7.824027911513295e+00 5.166297874721082e+00 0.000000000000000e+00
5.526950299598056e+00 5.775958947754613e+00 0.000000000000000e+00
5.330099843308599e+00 5.678138364741676e+00 0.000000000000000e+00
4.368099351026324e+00 2.302414691245780e+00 0.000000000000000e+00
4.446847667019704e+00 2.481161734295175e+00 0.000000000000000e+00
4.451816303125439e+00 1.443491673320682e+00 0.000000000000000e+00
4.542596861346321e+00 1.238240449444196e+00 0.000000000000000e+00
5.999213441124494e+00 2.126459995815352e+00 0.000000000000000e+00
6.039601606594614e+00 2.329395334251200e+00 0.000000000000000e+00
5.754052148742473e+00 2.018862417730186e+00 0.000000000000000e+00
8.033843482652745e+00 2.624683513986893e+00 0.000000000000000e+00
8.257462373110661e+00 2.740080190057187e+00 0.000000000000000e+00
7.810078106603284e+00 3.304595103218218e+00 0.000000000000000e+00
6.581134295304304e+00 3.938906419322688e+00 0.000000000000000e+00
6.426162081814359e+00 3.759126136504417e+00 0.000000000000000e+00
6.630744741673306e+00 3.697757909170826e+00 0.000000000000000e+00
6.053855985853017e+00 4.157955964458791e+00 0.000000000000000e+00
3.932154815252295e+00 4.688931592628943e+00 0.000000000000000e+00
2.243252577281693e+00 3.020335729922768e+00 0.000000000000000e+00
4.221210150453600e+00 2.070220846223856e+00 0.000000000000000e+00
3.908961045111075e+00 2.026220836304784e+00 0.000000000000000e+00
4.417486763735748e+00 2.631718414790667e+00 0.000000000000000e+00
3.774364297436191e+00 4.581339015015292e+00 0.000000000000000e+00
3.978667697315404e+00 4.504750897719772e+00 0.000000000000000e+00
6.962297988882785e+00 4.261673081073447e+00 0.000000000000000e+00
7.130966699684914e+00 4.424851710853744e+00 0.000000000000000e+00
2.683350283774588e+00 4.561300021256251e+00 0.000000000000000e+00
1.662127550612384e+00 4.254415866780456e+00 0.000000000000000e+00
8.470557682935393e+00 4.034782778701612e+00 0.000000000000000e+00
8.593074614092346e+00 3.819173713680676e+00 0.000000000000000e+00
6.776032752500856e+00 2.284775190693235e+00 0.000000000000000e+00
6.925572182719215e+00 2.750106990360524e+00 0.000000000000000e+00
5.442339414476487e+00 4.314906970221605e+00 0.000000000000000e+00
5.641981513831226e+00 4.354034363745526e+00 0.000000000000000e+00
8.449690768585185e+00 3.610113481798771e+00 0.000000000000000e+00
8.707538986413081e+00 3.623400627680464e+00 0.000000000000000e+00
1.518465920561339e+00 3.574680231976260e+00 0.000000000000000e+00
1.596661523930808e+00 3.397377693641661e+00 0.000000000000000e+00
1.392132584047060e+00 4.227779385059686e+00 0.000000000000000e+00
2.242715510121680e+00 2.804478977739451e+00 0.000000000000000e+00
2.320565030078409e+00 2.632060049932011e+00 0.000000000000000e+00
1.688321039660664e+00 2.509908485554351e+00 0.000000000000000e+00
1.717014056084782e+00 2.759749948052385e+00 0.000000000000000e+00
1.500655632751189e+00 2.735836144243234e+00 0.000000000000000e+00
8.551906119371283e+00 2.513414777232284e+00 0.000000000000000e+00
1.589370414851355e+00 3.201685468719900e+00 0.000000000000000e+00
1.729818056138851e+00 3.319921029605446e+00 0.000000000000000e+00
2.117600570977769e+00 3.518317162760346e+00 0.000000000000000e+00
7.657695425001149e+00 2.788593628753010e+00 0.000000000000000e+00
3.202436037754997e+00 4.729248267113791e+00 0.000000000000000e+00
3.306438308223074e+00 4.357432192098728e+00 0.000000000000000e+00
3.132305334889779e+00 4.529905093898637e+00 0.000000000000000e+00
7.611927448943259e+00 4.094899684856157e+00 0.000000000000000e+00
6.922008799470743e+00 4.469030369392415e+00 0.000000000000000e+00
6.998158409707066e+00 4.012707096923813e+00 0.000000000000000e+00
2.451550211194850e+00 3.169276934010801e+00 0.000000000000000e+00
7.220932007593541e+00 5.271532805830716e+00 0.000000000000000e+00
7.301984561520865e+00 5.047612185369816e+00 0.000000000000000e+00
7.415387682000381e+00 5.218745606774255e+00 0.000000000000000e+00
1.852921873837141e+00 5.429391523604616e+00 0.000000000000000e+00
8.137750307845375e+00 1.569024111926662e+00 0.000000000000000e+00
1.386759395478183e+00 1.876152849525111e+00 0.000000000000000e+00
8.448190779248458e+00 5.132009957080143e+00 0.000000000000000e+00
8.497067391084588e+00 5.325471808820167e+00 0.000000000000000e+00
6.043165481335802e+00 4.701660959622311e+00 0.000000000000000e+00
6.138000290101037e+00 4.914646637761335e+00 0.000000000000000e+00
6.350395975431851e+00 4.950284964229841e+00 0.000000000000000e+00
3.098787711087878e+00 2.906038040713717e+00 0.000000000000000e+00
6.930599460632229e+00 2.097117469525653e+00 0.000000000000000e+00
6.928778247917614e+00 2.497181630236063e+00 0.000000000000000e+00
7.090580852164885e+00 2.276347743165186e+00 0.000000000000000e+00
1.833627653792165e+00 4.387768112976334e+00 0.000000000000000e+00
2.418065583708928e+00 4.287308690069445e+00 0.000000000000000e+00
3.212727988142487e+00 3.554186992220902e+00 0.000000000000000e+00
3.171412296102759e+00 3.749822001338113e+00 0.000000000000000e+00
3.269001588132068e+00 4.130825551081792e+00 0.000000000000000e+00
4.723118963557968e+00 4.358887552331938e+00 0.000000000000000e+00
3.991081655905790e+00 2.678585276351697e+00 0.000000000000000e+00
3.798020896387233e+00 2.768461770846940e+00 0.000000000000000e+00
3.405830492834459e+00 2.720643323470057e+00 0.000000000000000e+00
5.407245625347907e+00 3.768064273701334e+00 0.000000000000000e+00
6.532231295182740e+00 5.302759287208085e+00 0.000000000000000e+00
6.751790396191342e+00 5.406361095685401e+00 0.000000000000000e+00
8.320898635363152e+00 2.499036264411597e+00 0.000000000000000e+00
1.456463840794744e+00 2.498691297448384e+00 0.000000000000000e+00
1.332975634359988e+00 2.615102742137424e+00 0.000000000000000e+00
3.761527287076054e+00 3.951594800063450e+00 0.000000000000000e+00
3.766374440644069e+00 3.507086857367609e+00 0.000000000000000e+00
3.652997407995593e+00 3.268458669496622e+00 0.000000000000000e+00
3.788152629888999e+00 3.743020774841363e+00 0.000000000000000e+00
3.985826530323201e+00 3.858010255539711e+00 0.000000000000000e+00
4.161427643942929e+00 3.749586634974024e+00 0.000000000000000e+00
4.710770252587086e+00 5.209184281197548e+00 0.000000000000000e+00
4.663086644284524e+00 5.821295261960803e+00 0.000000000000000e+00
2.324401142926469e+00 3.530603275139798e+00 0.000000000000000e+00
2.630482703650281e+00 3.707869041975705e+00 0.000000000000000e+00
2.431161760386295e+00 3.680459628820007e+00 0.000000000000000e+00
7.843513117555164e+00 2.845471362061554e+00 0.000000000000000e+00
5.957934707756841e+00 3.580415714086398e+00 0.000000000000000e+00
6.394790180673641e+00 2.938662813784166e+00 0.000000000000000e+00
2.785281933281040e+00 1.961203973123975e+00 0.000000000000000e+00
2.595210479853656e+00 1.864333529698220e+00 0.000000000000000e+00
7.656790411519690e+00 2.146031689708511e+00 0.000000000000000e+00
7.218084456687619e+00 2.017339060607998e+00 0.000000000000000e+00
5.752057370947067e+00 4.469646223929813e+00 0.000000000000000e+00
5.948822707260296e+00 3.804382392093981e+00 0.000000000000000e+00
5.306565271695089e+00 5.844771547600263e+00 0.000000000000000e+00
8.346738622098885e+00 1.507714834590668e+00 0.000000000000000e+00
6.827310462473255e+00 3.808628316850319e+00 0.000000000000000e+00
8.603843436019696e+00 1.420601691586724e+00 0.000000000000000e+00
1.719097779128928e+00 2.037146305347575e+00 0.000000000000000e+00
1.500442204410944e+00 2.031879518759749e+00 0.000000000000000e+00
1.576231619990626e+00 1.876300912136868e+00 0.000000000000000e+00
5.171314324202911e+00 2.440356896280185e+00 0.000000000000000e+00
6.284654814279835e+00 5.664307496099275e+00 0.000000000000000e+00
5.604179013902662e+00 3.348419811483288e+00 0.000000000000000e+00
8.328761139842433e+00 5.422872841333541e+00 0.000000000000000e+00
7.022091161964680e+00 2.881868248180385e+00 0.000000000000000e+00
7.105986100776348e+00 2.703855469178268e+00 0.000000000000000e+00
5.614764922684710e+00 4.155461263448365e+00 0.000000000000000e+00
5.842011711601864e+00 4.284798942118957e+00 0.000000000000000e+00
5.943776283748761e+00 4.498692553352319e+00 0.000000000000000e+00
5.230477443020607e+00 2.800711232466026e+00 0.000000000000000e+00
5.170979970531013e+00 2.288548056414642e+00 0.000000000000000e+00
4.990567914253753e+00 3.403423980442725e+00 0.000000000000000e+00
5.152619830709533e+00 2.022825183991560e+00 0.000000000000000e+00
5.017753923869581e+00 1.818153806748606e+00 0.000000000000000e+00
5.207404662247207e+00 1.764066083010951e+00 0.000000000000000e+00
5.810753889375082e+00 2.311264296141024e+00 0.000000000000000e+00
4.044381941021067e+00 5.177646864898818e+00 0.000000000000000e+00
2.340543435635377e+00 4.646949081711629e+00 0.000000000000000e+00
2.738474603999284e+00 4.989089923304249e+00 0.000000000000000e+00
5.375327762592705e+00 1.930777913103277e+00 0.000000000000000e+00
3.398506272524865e+00 1.906476898371819e+00 0.000000000000000e+00
6.196504440689110e+00 1.631619196966197e+00 0.000000000000000e+00
6.402305425908814e+00 1.767699539092304e+00 0.000000000000000e+00
4.684957763678691e+00 4.117462156378135e+00 0.000000000000000e+00
7.686532060963570e+00 3.835646938985564e+00 0.000000000000000e+00
7.217777870490052e+00 3.941688528204847e+00 0.000000000000000e+00
6.523341248663021e+00 3.477048957897534e+00 0.000000000000000e+00
6.092184064926924e+00 3.202627636507896e+00 0.000000000000000e+00
6.805310184132090e+00 4.364988239682702e+00 0.000000000000000e+00
3.478389064605516e+00 3.466946775448078e+00 0.000000000000000e+00
2.330037317474223e+00 1.496815364387748e+00 0.000000000000000e+00
7.687189371352416e+00 5.639920849568514e+00 0.000000000000000e+00
4.199976953886206e+00 5.043166465391199e+00 0.000000000000000e+00
4.345195223769246e+00 5.018340281773267e+00 0.000000000000000e+00
5.937096738482466e+00 5.450135542644301e+00 0.000000000000000e+00
5.752739971341381e+00 2.561014890229792e+00 0.000000000000000e+00
4.999791298742924e+00 2.170332978320579e+00 0.000000000000000e+00
4.644914064018279e+00 3.253239922355370e+00 0.000000000000000e+00
3.808688233100248e+00 1.319734468708969e+00 0.000000000000000e+00
4.030218205503703e+00 1.458404220225598e+00 0.000000000000000e+00
2.462493517913698e+00 2.879393701009204e+00 0.000000000000000e+00
2.063793601467046e+00 2.863412753207778e+00 0.000000000000000e+00
1.514163482865297e+00 4.632690485734424e+00 0.000000000000000e+00
1.155028697524318e+00 4.584688076665949e+00 0.000000000000000e+00
5.198451895729578e+00 4.267453398182497e+00 0.000000000000000e+00
8.392951742165501e+00 1.895929463780263e+00 0.000000000000000e+00
6.768905343271698e+00 1.455794427828390e+00 0.000000000000000e+00
7.652040391975293e+00 2.980193454736607e+00 0.000000000000000e+00
2.434610555320362e+00 3.373700827600914e+00 0.000000000000000e+00
3.607612894548489e+00 3.656151193466887e+00 0.000000000000000e+00
7.982683857161564e+00 3.286507887264072e+00 0.000000000000000e+00
5.748282780916604e+00 1.497061816773933e+00 0.000000000000000e+00
5.541868547773587e+00 2.046518840431057e+00 0.000000000000000e+00
5.566353093321924e+00 1.876341805609854e+00 0.000000000000000e+00
7.594633077595081e+00 5.299988795108849e+00 0.000000000000000e+00
6.524855168320659e+00 5.071950477093533e+00 0.000000000000000e+00
7.013854154190871e+00 4.649857422141290e+00 0.000000000000000e+00
6.306936226979920e+00 4.735338755237672e+00 0.000000000000000e+00
6.523765983250303e+00 4.836912999467160e+00 0.000000000000000e+00
3.575159553359213e+00 4.433441155918228e+00 0.000000000000000e+00
3.471449041140595e+00 4.214243756852364e+00 0.000000000000000e+00
5.238203553349316e+00 5.494984304412910e+00 0.000000000000000e+00
2.745048127244016e+00 5.593915902820909e+00 0.000000000000000e+00
5.433506265370379e+00 4.665349140536024e+00 0.000000000000000e+00
6.904339744753948e+00 3.162168593695912e+00 0.000000000000000e+00
8.218474727205155e+00 2.053375632712186e+00 0.000000000000000e+00
1.649125600217637e+00 5.494916281168777e+00 0.000000000000000e+00
6.938241015457217e+00 2.289858675547466e+00 0.000000000000000e+00
3.256496304428691e+00 2.311367711206362e+00 0.000000000000000e+00
7.772843583371448e+00 2.632243807566007e+00 0.000000000000000e+00
2.483523863684017e+00 4.506823610888256e+00 0.000000000000000e+00
1.409276535594149e+00 3.799739002105097e+00 0.000000000000000e+00
2.543140190405138e+00 3.527003467169269e+00 0.000000000000000e+00
1.663140977705357e+00 4.501591679198999e+00 0.000000000000000e+00
8.609556959974114e+00 4.230716085620946e+00 0.000000000000000e+00
8.855198467478751e+00 2.167505727649450e+00 0.000000000000000e+00
1.395789724276246e+00 1.420251515898175e+00 0.000000000000000e+00
1.398603105719585e+00 5.586516625742077e+00 0.000000000000000e+00
6.841481959250873e+00 5.686121324065216e+00 0.000000000000000e+00
2.584506139267825e+00 2.061261363782181e+00 0.000000000000000e+00
6.375877996889725e+00 4.587220537265946e+00 0.000000000000000e+00
7.443692538600518e+00 3.890719895546529e+00 0.000000000000000e+00
2.338311064082519e+00 5.510948088842080e+00 0.000000000000000e+00
8.439873092153075e+00 3.455153624822482e+00 0.000000000000000e+00
7.755499796337072e+00 4.974703999642051e+00 0.000000000000000e+00
4.879356052657719e+00 3.542140565844590e+00 0.000000000000000e+00