0.000000000000000e+00 0.000000000000000e+00 0.000000000000000e+00
6.410256410256408e-03 0.000000000000000e+00 0.000000000000000e+00
1.282051282051282e-02 0.000000000000000e+00 0.000000000000000e+00
1.923076923076923e-02 0.000000000000000e+00 0.000000000000000e+00
2.564102564102563e-02 0.000000000000000e+00 0.000000000000000e+00
3.205128205128204e-02 0.000000000000000e+00 0.000000000000000e+00
3.846153846153846e-02 0.000000000000000e+00 0.000000000000000e+00
4.487179487179487e-02 0.000000000000000e+00 0.000000000000000e+00
5.128205128205127e-02 0.000000000000000e+00 0.000000000000000e+00
5.769230769230768e-02 0.000000000000000e+00 0.000000000000000e+00
6.410256410256408e-02 0.000000000000000e+00 0.000000000000000e+00
7.051282051282050e-02 0.000000000000000e+00 0.000000000000000e+00
7.692307692307693e-02 0.000000000000000e+00 0.000000000000000e+00
8.333333333333332e-02 0.000000000000000e+00 0.000000000000000e+00
8.974358974358973e-02 0.000000000000000e+00 0.000000000000000e+00
9.615384615384613e-02 0.000000000000000e+00 0.000000000000000e+00
1.025641025641025e-01 0.000000000000000e+00 0.000000000000000e+00
1.089743589743590e-01 0.000000000000000e+00 0.000000000000000e+00
1.153846153846154e-01 0.000000000000000e+00 0.000000000000000e+00
1.217948717948718e-01 0.000000000000000e+00 0.000000000000000e+00
1.282051282051282e-01 0.000000000000000e+00 0.000000000000000e+00
1.346153846153846e-01 0.000000000000000e+00 0.000000000000000e+00
1.410256410256410e-01 0.000000000000000e+00 0.000000000000000e+00
1.474358974358974e-01 0.000000000000000e+00 0.000000000000000e+00
1.538461538461539e-01 0.000000000000000e+00 0.000000000000000e+00
1.602564102564102e-01 0.000000000000000e+00 0.000000000000000e+00
1.666666666666666e-01 0.000000000000000e+00 0.000000000000000e+00
1.730769230769230e-01 0.000000000000000e+00 0.000000000000000e+00
1.794871794871795e-01 0.000000000000000e+00 0.000000000000000e+00
1.858974358974359e-01 0.000000000000000e+00 0.000000000000000e+00
1.923076923076923e-01 0.000000000000000e+00 0.000000000000000e+00
1.987179487179487e-01 0.000000000000000e+00 0.000000000000000e+00
2.051282051282051e-01 0.000000000000000e+00 0.000000000000000e+00
2.115384615384615e-01 0.000000000000000e+00 0.000000000000000e+00
2.179487179487180e-01 0.000000000000000e+00 0.000000000000000e+00
2.243589743589743e-01 0.000000000000000e+00 0.000000000000000e+00
2.307692307692307e-01 0.000000000000000e+00 0.000000000000000e+00
2.371794871794871e-01 0.000000000000000e+00 0.000000000000000e+00
2.435897435897435e-01 0.000000000000000e+00 0.000000000000000e+00
2.500000000000000e-01 0.000000000000000e+00 0.000000000000000e+00
2.500000000000000e-01 1.282051282051282e-02 0.000000000000000e+00
2.500000000000000e-01 2.564102564102563e-02 0.000000000000000e+00
2.500000000000000e-01 3.846153846153846e-02 0.000000000000000e+00
2.500000000000000e-01 5.128205128205127e-02 0.000000000000000e+00
2.500000000000000e-01 6.410256410256408e-02 0.000000000000000e+00
2.500000000000000e-01 7.692307692307693e-02 0.000000000000000e+00
2.500000000000000e-01 8.974358974358973e-02 0.000000000000000e+00
2.500000000000000e-01 1.025641025641025e-01 0.000000000000000e+00
2.500000000000000e-01 1.153846153846154e-01 0.000000000000000e+00
2.500000000000000e-01 1.282051282051282e-01 0.000000000000000e+00
2.500000000000000e-01 1.410256410256410e-01 0.000000000000000e+00
2.500000000000000e-01 1.538461538461539e-01 0.000000000000000e+00
2.500000000000000e-01 1.666666666666666e-01 0.000000000000000e+00
2.500000000000000e-01 1.794871794871795e-01 0.000000000000000e+00
2.500000000000000e-01 1.923076923076923e-01 0.000000000000000e+00
2.500000000000000e-01 2.051282051282051e-01 0.000000000000000e+00
2.500000000000000e-01 2.179487179487180e-01 0.000000000000000e+00
2.500000000000000e-01 2.307692307692307e-01 0.000000000000000e+00
2.500000000000000e-01 2.435897435897435e-01 0.000000000000000e+00
2.500000000000000e-01 2.564102564102563e-01 0.000000000000000e+00
2.500000000000000e-01 2.692307692307692e-01 0.000000000000000e+00
2.500000000000000e-01 2.820512820512820e-01 0.000000000000000e+00
2.500000000000000e-01 2.948717948717948e-01 0.000000000000000e+00
2.500000000000000e-01 3.076923076923077e-01 0.000000000000000e+00
2.500000000000000e-01 3.205128205128205e-01 0.000000000000000e+00
2.500000000000000e-01 3.333333333333333e-01 0.000000000000000e+00
2.500000000000000e-01 3.461538461538461e-01 0.000000000000000e+00
2.500000000000000e-01 3.589743589743589e-01 0.000000000000000e+00
2.500000000000000e-01 3.717948717948718e-01 0.000000000000000e+00
2.500000000000000e-01 3.846153846153845e-01 0.000000000000000e+00
2.500000000000000e-01 3.974358974358974e-01 0.000000000000000e+00
2.500000000000000e-01 4.102564102564101e-01 0.000000000000000e+00
2.500000000000000e-01 4.230769230769230e-01 0.000000000000000e+00
2.500000000000000e-01 4.358974358974359e-01 0.000000000000000e+00
2.500000000000000e-01 4.487179487179487e-01 0.000000000000000e+00
2.500000000000000e-01 4.615384615384615e-01 0.000000000000000e+00
2.500000000000000e-01 4.743589743589743e-01 0.000000000000000e+00
2.500000000000000e-01 4.871794871794871e-01 0.000000000000000e+00
2.500000000000000e-01 5.000000000000000e-01 0.000000000000000e+00
2.435897435897436e-01 5.000000000000000e-01 0.000000000000000e+00
2.371794871794872e-01 5.000000000000000e-01 0.000000000000000e+00
2.307692307692308e-01 5.000000000000000e-01 0.000000000000000e+00
2.243589743589744e-01 5.000000000000000e-01 0.000000000000000e+00
2.179487179487180e-01 5.000000000000000e-01 0.000000000000000e+00
2.115384615384615e-01 5.000000000000000e-01 0.000000000000000e+00
2.051282051282051e-01 5.000000000000000e-01 0.000000000000000e+00
1.987179487179487e-01 5.000000000000000e-01 0.000000000000000e+00
1.923076923076923e-01 5.000000000000000e-01 0.000000000000000e+00
1.858974358974359e-01 5.000000000000000e-01 0.000000000000000e+00
1.794871794871795e-01 5.000000000000000e-01 0.000000000000000e+00
1.730769230769231e-01 5.000000000000000e-01 0.000000000000000e+00
1.666666666666667e-01 5.000000000000000e-01 0.000000000000000e+00
1.602564102564103e-01 5.000000000000000e-01 0.000000000000000e+00
1.538461538461539e-01 5.000000000000000e-01 0.000000000000000e+00
1.474358974358975e-01 5.000000000000000e-01 0.000000000000000e+00
1.410256410256410e-01 5.000000000000000e-01 0.000000000000000e+00
1.346153846153846e-01 5.000000000000000e-01 0.000000000000000e+00
1.282051282051283e-01 5.000000000000000e-01 0.000000000000000e+00
1.217948717948718e-01 5.000000000000000e-01 0.000000000000000e+00
1.153846153846154e-01 5.000000000000000e-01 0.000000000000000e+00
1.089743589743590e-01 5.000000000000000e-01 0.000000000000000e+00
1.025641025641026e-01 5.000000000000000e-01 0.000000000000000e+00
9.615384615384615e-02 5.000000000000000e-01 0.000000000000000e+00
8.974358974358976e-02 5.000000000000000e-01 0.000000000000000e+00
8.333333333333337e-02 5.000000000000000e-01 0.000000000000000e+00
7.692307692307696e-02 5.000000000000000e-01 0.000000000000000e+00
7.051282051282054e-02 5.000000000000000e-01 0.000000000000000e+00
6.410256410256413e-02 5.000000000000000e-01 0.000000000000000e+00
5.769230769230774e-02 5.000000000000000e-01 0.000000000000000e+00
5.128205128205132e-02 5.000000000000000e-01 0.000000000000000e+00
4.487179487179493e-02 5.000000000000000e-01 0.000000000000000e+00
3.846153846153849e-02 5.000000000000000e-01 0.000000000000000e+00
3.205128205128205e-02 5.000000000000000e-01 0.000000000000000e+00
2.564102564102566e-02 5.000000000000000e-01 0.000000000000000e+00
1.923076923076927e-02 5.000000000000000e-01 0.000000000000000e+00
1.282051282051286e-02 5.000000000000000e-01 0.000000000000000e+00
6.410256410256471e-03 5.000000000000000e-01 0.000000000000000e+00
0.000000000000000e+00 5.000000000000000e-01 0.000000000000000e+00
0.000000000000000e+00 4.871794871794872e-01 0.000000000000000e+00
0.000000000000000e+00 4.743589743589743e-01 0.000000000000000e+00
0.000000000000000e+00 4.615384615384616e-01 0.000000000000000e+00
0.000000000000000e+00 4.487179487179487e-01 0.000000000000000e+00
0.000000000000000e+00 4.358974358974359e-01 0.000000000000000e+00
0.000000000000000e+00 4.230769230769231e-01 0.000000000000000e+00
0.000000000000000e+00 4.102564102564102e-01 0.000000000000000e+00
0.000000000000000e+00 3.974358974358975e-01 0.000000000000000e+00
0.000000000000000e+00 3.846153846153846e-01 0.000000000000000e+00
0.000000000000000e+00 3.717948717948718e-01 0.000000000000000e+00
0.000000000000000e+00 3.589743589743590e-01 0.000000000000000e+00
0.000000000000000e+00 3.461538461538462e-01 0.000000000000000e+00
0.000000000000000e+00 3.333333333333334e-01 0.000000000000000e+00
0.000000000000000e+00 3.205128205128205e-01 0.000000000000000e+00
0.000000000000000e+00 3.076923076923077e-01 0.000000000000000e+00
0.000000000000000e+00 2.948717948717949e-01 0.000000000000000e+00
0.000000000000000e+00 2.820512820512821e-01 0.000000000000000e+00
0.000000000000000e+00 2.692307692307693e-01 0.000000000000000e+00
0.000000000000000e+00 2.564102564102565e-01 0.000000000000000e+00
0.000000000000000e+00 2.435897435897437e-01 0.000000000000000e+00
0.000000000000000e+00 2.307692307692308e-01 0.000000000000000e+00
0.000000000000000e+00 2.179487179487180e-01 0.000000000000000e+00
0.000000000000000e+00 2.051282051282052e-01 0.000000000000000e+00
0.000000000000000e+00 1.923076923076923e-01 0.000000000000000e+00
0.000000000000000e+00 1.794871794871795e-01 0.000000000000000e+00
0.000000000000000e+00 1.666666666666667e-01 0.000000000000000e+00
0.000000000000000e+00 1.538461538461539e-01 0.000000000000000e+00
0.000000000000000e+00 1.410256410256411e-01 0.000000000000000e+00
0.000000000000000e+00 1.282051282051283e-01 0.000000000000000e+00
0.000000000000000e+00 1.153846153846155e-01 0.000000000000000e+00
0.000000000000000e+00 1.025641025641026e-01 0.000000000000000e+00
0.000000000000000e+00 8.974358974358987e-02 0.000000000000000e+00
0.000000000000000e+00 7.692307692307698e-02 0.000000000000000e+00
0.000000000000000e+00 6.410256410256410e-02 0.000000000000000e+00
0.000000000000000e+00 5.128205128205132e-02 0.000000000000000e+00
0.000000000000000e+00 3.846153846153855e-02 0.000000000000000e+00
0.000000000000000e+00 2.564102564102572e-02 0.000000000000000e+00
0.000000000000000e+00 1.282051282051294e-02 0.000000000000000e+00
1.346063509908461e-01 1.360440133057311e-02 0.000000000000000e+00
1.334628843571981e-01 5.903093491523372e-03 0.000000000000000e+00
1.386459796298360e-01 8.571132101492464e-03 0.000000000000000e+00
6.754896763838967e-03 8.554379293130835e-03 0.000000000000000e+00
2.422648559304529e-01 4.971337856611908e-01 0.000000000000000e+00
2.431554831131013e-01 7.932827016885065e-03 0.000000000000000e+00
6.829026361145144e-03 4.927997553004599e-01 0.000000000000000e+00
1.220301554032200e-02 5.695803405614350e-03 0.000000000000000e+00
1.680883199704880e-02 3.973836310463810e-03 0.000000000000000e+00
1.794286664108184e-02 9.551331444037990e-03 0.000000000000000e+00
2.280877877569059e-01 4.959361507524843e-01 0.000000000000000e+00
2.232332794900577e-01 4.941884112480260e-01 0.000000000000000e+00
1.000621303134928e-02 4.830946641823330e-01 0.000000000000000e+00
1.323865392921228e-02 4.718768068048803e-01 0.000000000000000e+00
2.400791677598706e-01 1.974515723375422e-02 0.000000000000000e+00
2.202347010046794e-02 4.819318667829284e-03 0.000000000000000e+00
2.447216382472693e-02 1.063467572616897e-02 0.000000000000000e+00
4.245258964623811e-02 4.582582870975394e-03 0.000000000000000e+00
2.286390612022406e-01 4.905995732106462e-01 0.000000000000000e+00
2.301848737018900e-01 4.829242459163118e-01 0.000000000000000e+00
2.354054479559116e-01 4.890662253515444e-01 0.000000000000000e+00
2.177063096011044e-01 4.925463661704723e-01 0.000000000000000e+00
2.077190458048226e-01 4.952652648019832e-01 0.000000000000000e+00
2.130016136701001e-01 4.945594517319015e-01 0.000000000000000e+00
4.773625609315139e-02 4.519281475130170e-03 0.000000000000000e+00
5.022038552876691e-02 8.861205953048505e-03 0.000000000000000e+00
4.386286846249165e-02 1.027979693152087e-02 0.000000000000000e+00
3.645873647984457e-02 1.545509404748327e-02 0.000000000000000e+00
3.124610030573393e-02 9.746544641302255e-03 0.000000000000000e+00
3.764189231112781e-02 7.393005964275785e-03 0.000000000000000e+00
1.963864221191835e-01 4.962399777020692e-01 0.000000000000000e+00
2.093718680278985e-01 4.796859193157920e-01 0.000000000000000e+00
2.155538141359528e-01 4.732210598142437e-01 0.000000000000000e+00
2.166973016817464e-01 4.806683735989777e-01 0.000000000000000e+00
1.915364646033843e-01 4.946179137038399e-01 0.000000000000000e+00
1.975230956684065e-01 4.909938931902406e-01 0.000000000000000e+00
2.380801141031784e-01 4.942601079567689e-01 0.000000000000000e+00
1.840725677967826e-01 4.841550051317894e-01 0.000000000000000e+00
1.854604504047000e-01 4.921183641681404e-01 0.000000000000000e+00
1.787355723474001e-01 4.904403659335728e-01 0.000000000000000e+00
2.374519800600476e-01 4.667711737004388e-01 0.000000000000000e+00
2.284960683184500e-01 4.577534473390026e-01 0.000000000000000e+00
2.383573101585158e-01 4.520302610158462e-01 0.000000000000000e+00
1.742991254555816e-01 4.838334680313944e-01 0.000000000000000e+00
1.682903768608872e-01 4.763858299126936e-01 0.000000000000000e+00
1.789345811159634e-01 4.756903505496131e-01 0.000000000000000e+00
2.430558195115877e-01 3.150725337202823e-02 0.000000000000000e+00
2.346725909819853e-01 3.102220017934031e-02 0.000000000000000e+00
2.302922862084223e-01 2.322307699252021e-02 0.000000000000000e+00
2.390064521414130e-01 4.470396151592746e-03 0.000000000000000e+00
2.347641965732661e-01 4.457246152096690e-03 0.000000000000000e+00
2.480176049749204e-02 3.167288318450112e-02 0.000000000000000e+00
2.037874113269996e-02 1.947374501428002e-02 0.000000000000000e+00
3.096373196465516e-02 2.346595157192715e-02 0.000000000000000e+00
6.513780703101100e-03 3.176705564295334e-02 0.000000000000000e+00
6.317785808251610e-02 7.635994538036439e-03 0.000000000000000e+00
5.868545818006569e-02 5.169875286753416e-03 0.000000000000000e+00
6.189639919481800e-02 3.410737125872315e-03 0.000000000000000e+00
1.728674317418702e-02 4.609394718016655e-01 0.000000000000000e+00
8.091201423607740e-03 4.648637249044404e-01 0.000000000000000e+00
2.483994812856150e-02 4.696841526619817e-01 0.000000000000000e+00
2.670180946524721e-02 4.585592549407119e-01 0.000000000000000e+00
1.100551125853114e-02 4.959002718730599e-01 0.000000000000000e+00
1.526457171238031e-02 4.958316989357870e-01 0.000000000000000e+00
6.592682126033915e-02 3.796803831922971e-03 0.000000000000000e+00
8.335779913798988e-03 8.463431509688556e-02 0.000000000000000e+00
9.815312864866173e-03 7.162603032080103e-02 0.000000000000000e+00
8.110231580844718e-02 2.828244716230646e-02 0.000000000000000e+00
7.581862073948978e-02 2.063309485546367e-02 0.000000000000000e+00
8.229518093243181e-02 2.168311336176881e-02 0.000000000000000e+00
9.707592984627184e-02 5.021287496685842e-02 0.000000000000000e+00
8.903911860755387e-02 4.480902564709557e-02 0.000000000000000e+00
9.821484817112014e-02 4.029969415765423e-02 0.000000000000000e+00
8.781645253479811e-03 2.031925682102196e-02 0.000000000000000e+00
1.469210078979988e-02 3.105768004775533e-02 0.000000000000000e+00
9.208915827702842e-02 1.270462982816182e-02 0.000000000000000e+00
9.100526440655844e-02 5.280569793548455e-03 0.000000000000000e+00
9.594075279884742e-02 6.577453402186710e-03 0.000000000000000e+00
2.381570277593883e-02 5.540688484647688e-02 0.000000000000000e+00
2.048948049621494e-02 6.679419253793457e-02 0.000000000000000e+00
1.125964848818019e-02 5.695414226253361e-02 0.000000000000000e+00
1.001427200214296e-01 1.044208915291833e-02 0.000000000000000e+00
1.003127751353745e-01 4.459978236304940e-03 0.000000000000000e+00
1.058947465573103e-01 5.994128088463855e-03 0.000000000000000e+00
9.782184092781390e-03 4.229702971597708e-02 0.000000000000000e+00
1.106427799773155e-01 8.104417725948623e-02 0.000000000000000e+00
1.158755216477032e-01 7.006345115035846e-02 0.000000000000000e+00
1.191034169700781e-01 8.331651370466389e-02 0.000000000000000e+00
1.112639970144637e-01 4.731505067394368e-03 0.000000000000000e+00
2.851526682001066e-02 7.275554354395730e-02 0.000000000000000e+00
3.116658886600886e-02 6.371489686051472e-02 0.000000000000000e+00
1.337681893180282e-01 3.365221429969049e-02 0.000000000000000e+00
1.238703290737926e-01 3.531266905388588e-02 0.000000000000000e+00
1.271761503480254e-01 2.744852916196216e-02 0.000000000000000e+00
1.268727656216421e-01 1.909412062165411e-02 0.000000000000000e+00
1.272516684620728e-01 9.768515205273907e-03 0.000000000000000e+00
2.020528852514945e-02 8.048261255467010e-02 0.000000000000000e+00
3.291385454858751e-02 8.165341826969101e-02 0.000000000000000e+00
2.112041603209761e-02 4.468371208121214e-01 0.000000000000000e+00
9.303157974013517e-03 4.539759350692264e-01 0.000000000000000e+00
1.636690236763016e-02 4.332780502399092e-01 0.000000000000000e+00
9.024730107455213e-03 4.415582993402125e-01 0.000000000000000e+00
2.780503952683949e-02 4.808958558465292e-01 0.000000000000000e+00
3.386981517813394e-02 4.885886143605435e-01 0.000000000000000e+00
2.606316895014246e-02 4.894930119590421e-01 0.000000000000000e+00
2.389105649776191e-01 5.745754635011471e-02 0.000000000000000e+00
2.396363118358894e-01 4.238275197099192e-02 0.000000000000000e+00
2.407347869810987e-01 7.170895431494608e-02 0.000000000000000e+00
2.219208440573818e-01 1.957634108626067e-02 0.000000000000000e+00
2.147256008578350e-01 1.206794211393593e-02 0.000000000000000e+00
2.237362630640264e-01 1.082070258727779e-02 0.000000000000000e+00
2.248939488549597e-01 4.570352195151500e-03 0.000000000000000e+00
2.197235276101439e-01 6.984880802390740e-03 0.000000000000000e+00
2.203653745869494e-01 3.221658531238202e-03 0.000000000000000e+00
2.422040136303534e-01 8.457331877500976e-02 0.000000000000000e+00
2.314640928487415e-01 8.067276221592447e-02 0.000000000000000e+00
2.090019582848408e-01 5.285875421897205e-03 0.000000000000000e+00
1.580835410901872e-01 5.188140116481750e-03 0.000000000000000e+00
2.131870877855857e-01 8.827046052460495e-02 0.000000000000000e+00
2.216813342596071e-01 8.184838458104095e-02 0.000000000000000e+00
2.246240602102325e-01 9.159852810641010e-02 0.000000000000000e+00
2.051609225607446e-01 1.065473072052247e-02 0.000000000000000e+00
2.032682767319491e-01 4.744456686295971e-03 0.000000000000000e+00
2.287508837935172e-01 1.039833240758846e-01 0.000000000000000e+00
2.174408366102703e-01 1.009533859547328e-01 0.000000000000000e+00
1.761688554111842e-01 3.295864253279641e-02 0.000000000000000e+00
1.644613172963764e-01 2.487294909741643e-02 0.000000000000000e+00
1.751666212083578e-01 2.298169540721836e-02 0.000000000000000e+00
2.033226440070147e-01 6.800493703821708e-02 0.000000000000000e+00
2.036953546331728e-01 5.477852947418201e-02 0.000000000000000e+00
2.124687426744253e-01 6.169634441437637e-02 0.000000000000000e+00
1.787117298624844e-01 7.275714663629538e-03 0.000000000000000e+00
1.834983715639004e-01 4.350747239794168e-03 0.000000000000000e+00
1.853092507172407e-01 9.816161106489040e-03 0.000000000000000e+00
1.699194911350098e-01 1.720185389940430e-02 0.000000000000000e+00
1.636846008653412e-01 1.115919310805654e-02 0.000000000000000e+00
1.720365246438936e-01 1.007760296408139e-02 0.000000000000000e+00
2.403644114547047e-01 1.065965836006221e-01 0.000000000000000e+00
2.420251891454612e-01 1.185498726003707e-01 0.000000000000000e+00
1.696282718448819e-01 4.506304819150658e-01 0.000000000000000e+00
1.721995792017053e-01 4.652242584551068e-01 0.000000000000000e+00
1.613443646190352e-01 4.589330910845338e-01 0.000000000000000e+00
1.570407878981678e-01 4.880861954710352e-01 0.000000000000000e+00
1.587861413497851e-01 4.948386469419600e-01 0.000000000000000e+00
1.537971070384839e-01 4.937103132264842e-01 0.000000000000000e+00
2.412479649984498e-01 4.047651823395989e-01 0.000000000000000e+00
2.375996280991636e-01 4.158114315812922e-01 0.000000000000000e+00
2.322137593915390e-01 4.045703536703101e-01 0.000000000000000e+00
1.495960722091818e-01 4.900399019706009e-01 0.000000000000000e+00
1.497163798891310e-01 4.955868217488247e-01 0.000000000000000e+00
1.441336494116862e-01 4.939403519465632e-01 0.000000000000000e+00
2.387793259616955e-01 4.308905876415262e-01 0.000000000000000e+00
1.368163281219018e-01 4.181728486724385e-01 0.000000000000000e+00
1.367332456399234e-01 4.289032330431177e-01 0.000000000000000e+00
1.303797166578405e-01 4.237864308015158e-01 0.000000000000000e+00
1.387221026766927e-01 4.952278794622133e-01 0.000000000000000e+00
2.332481604861751e-01 4.402296692414153e-01 0.000000000000000e+00
2.241455396193942e-01 4.366408173768583e-01 0.000000000000000e+00
2.303308971080186e-01 4.332366950674133e-01 0.000000000000000e+00
1.259391008853320e-01 4.594038429407140e-01 0.000000000000000e+00
1.356781896598472e-01 4.659473760151958e-01 0.000000000000000e+00
1.242462504252425e-01 4.698647825490978e-01 0.000000000000000e+00
1.210372417982967e-01 4.807549011075009e-01 0.000000000000000e+00
1.222630025339457e-01 4.906459861424932e-01 0.000000000000000e+00
1.156091026958191e-01 4.879547078762888e-01 0.000000000000000e+00
2.503950198451626e-02 4.953942572633460e-01 0.000000000000000e+00
2.968374660139837e-02 4.931368312650194e-01 0.000000000000000e+00
2.939087554423387e-02 4.968387337268609e-01 0.000000000000000e+00
3.328650525314208e-02 4.513319141133056e-01 0.000000000000000e+00
4.073699200115617e-02 4.935261732989278e-01 0.000000000000000e+00
9.191836772069782e-02 4.948082494410529e-01 0.000000000000000e+00
3.411711498243016e-02 4.278561723203731e-01 0.000000000000000e+00
2.280021603816907e-02 4.241301479106296e-01 0.000000000000000e+00
3.030242338515884e-02 4.149371695052495e-01 0.000000000000000e+00
4.071847107016426e-02 4.867317268544317e-01 0.000000000000000e+00
4.615759144068826e-02 4.892871256252480e-01 0.000000000000000e+00
4.699588391829557e-02 4.950408443262713e-01 0.000000000000000e+00
1.121128572856550e-02 4.040029572437817e-01 0.000000000000000e+00
8.482081580142126e-03 3.936180622198165e-01 0.000000000000000e+00
7.385360918362131e-02 4.674396827281624e-01 0.000000000000000e+00
8.348534822776782e-02 4.754502767754698e-01 0.000000000000000e+00
7.429913799338743e-02 4.771125664762494e-01 0.000000000000000e+00
2.525196221127629e-02 4.025769900031342e-01 0.000000000000000e+00
2.368762152600221e-02 3.915310567710663e-01 0.000000000000000e+00
3.504876821730737e-02 3.923708998721825e-01 0.000000000000000e+00
7.124483883317417e-02 4.927313040072654e-01 0.000000000000000e+00
6.649562342996136e-02 4.956704355402972e-01 0.000000000000000e+00
6.468466965048393e-02 4.902356221820949e-01 0.000000000000000e+00
7.966445634361523e-02 4.828320448086838e-01 0.000000000000000e+00
8.632685199996937e-02 4.888191442371512e-01 0.000000000000000e+00
7.787484792199921e-02 4.899260535076666e-01 0.000000000000000e+00
4.168393349800980e-02 4.172814693223056e-01 0.000000000000000e+00
4.627483568624048e-02 4.270785801817336e-01 0.000000000000000e+00
1.729482176378802e-01 3.827916704462153e-03 0.000000000000000e+00
2.352201259636736e-01 9.386285128627289e-02 0.000000000000000e+00
1.551757038732386e-01 1.007413372573587e-02 0.000000000000000e+00
1.497372933007959e-01 1.544120099466168e-02 0.000000000000000e+00
1.485552886489653e-01 7.690559391529551e-03 0.000000000000000e+00
2.390744710375065e-01 1.376333769733067e-01 0.000000000000000e+00
7.703748196312020e-02 4.961718021316877e-01 0.000000000000000e+00
1.937395025711714e-02 3.748317969104253e-01 0.000000000000000e+00
8.978536315715427e-03 3.715259659612550e-01 0.000000000000000e+00
1.810462156260649e-02 3.663091938263893e-01 0.000000000000000e+00
9.500423415173251e-02 4.896631347440764e-01 0.000000000000000e+00
1.015030186070572e-01 4.855893781631870e-01 0.000000000000000e+00
1.018915736167825e-01 4.924064381282804e-01 0.000000000000000e+00
1.484153297357692e-02 3.850367121726944e-01 0.000000000000000e+00
2.656972684308688e-02 3.822374835748557e-01 0.000000000000000e+00
1.167224902913432e-01 4.943262183486182e-01 0.000000000000000e+00
1.118762372154981e-01 4.916353542268407e-01 0.000000000000000e+00
1.121768005103835e-01 4.962235025721092e-01 0.000000000000000e+00
1.054650010778341e-02 3.273429613883410e-01 0.000000000000000e+00
2.283066674885236e-01 3.884495148333952e-01 0.000000000000000e+00
2.403394029759138e-01 3.866542130746279e-01 0.000000000000000e+00
2.369337853198560e-01 3.962645420671230e-01 0.000000000000000e+00
8.706256173111583e-02 3.112568036188765e-01 0.000000000000000e+00
8.070256946765791e-02 3.192440083197971e-01 0.000000000000000e+00
7.548097957583073e-02 3.122279622807981e-01 0.000000000000000e+00
2.404301889810089e-01 3.676692737589447e-01 0.000000000000000e+00
2.429042382381796e-01 3.775199736434095e-01 0.000000000000000e+00
8.047679401969326e-03 2.977442884327732e-01 0.000000000000000e+00
2.407544381867944e-01 3.485792183923269e-01 0.000000000000000e+00
2.359634266362815e-01 3.568801618331499e-01 0.000000000000000e+00
3.195243157841138e-02 3.340418122719285e-01 0.000000000000000e+00
2.134182808065844e-02 3.250704192246608e-01 0.000000000000000e+00
3.102978981937387e-02 3.193888370795832e-01 0.000000000000000e+00
1.404932902272124e-01 3.255409577651500e-01 0.000000000000000e+00
1.518087683614247e-01 3.299078058423591e-01 0.000000000000000e+00
1.405818686786219e-01 3.334594337607924e-01 0.000000000000000e+00
1.130367470465870e-02 2.864942716594994e-01 0.000000000000000e+00
1.603168063412272e-02 2.955984404394297e-01 0.000000000000000e+00
2.273409669337428e-01 3.319213815871706e-01 0.000000000000000e+00
2.148148747912655e-01 3.375300632162673e-01 0.000000000000000e+00
2.180684595737089e-01 3.252418637100372e-01 0.000000000000000e+00
4.284513895025034e-02 2.938619955572588e-01 0.000000000000000e+00
3.224739069433234e-02 2.930704767698226e-01 0.000000000000000e+00
3.515853444260292e-02 2.820683699086138e-01 0.000000000000000e+00
6.055875192930028e-02 2.352298223480150e-01 0.000000000000000e+00
6.547265747077774e-02 2.443865790434921e-01 0.000000000000000e+00
5.667927990489054e-02 2.438784700702621e-01 0.000000000000000e+00
2.377051727300962e-01 3.138800680244900e-01 0.000000000000000e+00
2.421855867247638e-01 3.260729840063923e-01 0.000000000000000e+00
2.347906051335664e-01 3.260579452463701e-01 0.000000000000000e+00
4.665630620460184e-02 2.839228466799932e-01 0.000000000000000e+00
2.276210838572528e-01 3.060036206579815e-01 0.000000000000000e+00
2.351598893443573e-01 3.015061171001978e-01 0.000000000000000e+00
1.620394111792179e-02 2.453064655022124e-01 0.000000000000000e+00
1.137828827777881e-02 2.550751022779327e-01 0.000000000000000e+00
7.585943833143911e-03 2.471601210201696e-01 0.000000000000000e+00
1.611761961625808e-01 2.954435407647411e-01 0.000000000000000e+00
1.695697277489032e-01 2.872062740674390e-01 0.000000000000000e+00
1.711116551589237e-01 3.022021891936958e-01 0.000000000000000e+00
9.115976229077049e-03 2.360326107262535e-01 0.000000000000000e+00
2.423815217801809e-01 2.656195335701185e-01 0.000000000000000e+00
9.832536422064200e-02 2.021287140224984e-01 0.000000000000000e+00
8.812206193695618e-02 2.084267207719654e-01 0.000000000000000e+00
8.872737758995890e-02 1.974424318291410e-01 0.000000000000000e+00
2.303448852351912e-01 2.407377370013163e-01 0.000000000000000e+00
2.347353814935914e-01 2.313108905490584e-01 0.000000000000000e+00
2.398293979077089e-01 2.408020769355650e-01 0.000000000000000e+00
1.002928512098818e-02 1.873628523691534e-01 0.000000000000000e+00
2.422699877192261e-01 2.496474230277002e-01 0.000000000000000e+00
1.571750805354337e-02 1.765472109578198e-01 0.000000000000000e+00
2.529803592643388e-02 1.797873269656410e-01 0.000000000000000e+00
1.954731100806414e-02 1.854105669441989e-01 0.000000000000000e+00
1.798446647885757e-02 1.660356965717100e-01 0.000000000000000e+00
9.175961478826549e-03 1.691867684886901e-01 0.000000000000000e+00
2.266481377356029e-01 2.126519497404714e-01 0.000000000000000e+00
2.157786560899010e-01 2.072668297243238e-01 0.000000000000000e+00
2.250574387965844e-01 2.020485936970245e-01 0.000000000000000e+00
1.894642678160744e-01 1.658980056606809e-01 0.000000000000000e+00
1.824585557900635e-01 1.546230792741586e-01 0.000000000000000e+00
1.940274385071126e-01 1.559296358086074e-01 0.000000000000000e+00
2.394796808043303e-01 2.182254321024383e-01 0.000000000000000e+00
1.217783286173181e-02 1.571970887600744e-01 0.000000000000000e+00
2.328633280728645e-01 1.959581338939374e-01 0.000000000000000e+00
2.397365225923318e-01 1.885696694264057e-01 0.000000000000000e+00
2.418619772395596e-01 1.977584641598710e-01 0.000000000000000e+00
1.001334598594527e-02 1.412701899560402e-01 0.000000000000000e+00
2.227159522464607e-01 1.926063834271445e-01 0.000000000000000e+00
2.301803523766812e-01 1.876527260112621e-01 0.000000000000000e+00
8.430649904043289e-02 1.194346364911479e-01 0.000000000000000e+00
7.614694136677006e-02 1.100518066397029e-01 0.000000000000000e+00
8.691803095812753e-02 1.087775953424367e-01 0.000000000000000e+00
2.215610810432277e-01 1.724578401069147e-01 0.000000000000000e+00
2.335134778648858e-01 1.782538206984923e-01 0.000000000000000e+00
2.217624859776650e-01 1.824770553348542e-01 0.000000000000000e+00
9.764791477238164e-03 1.067432664032584e-01 0.000000000000000e+00
8.087224849617629e-03 1.187796890042739e-01 0.000000000000000e+00
2.410012897698003e-01 1.700703469991555e-01 0.000000000000000e+00
2.406777384340162e-01 1.601936412929079e-01 0.000000000000000e+00
2.297986399611706e-01 1.651660608676789e-01 0.000000000000000e+00
7.181072597370784e-03 3.507559795002078e-01 0.000000000000000e+00
2.297084073963709e-01 3.973504294979074e-01 0.000000000000000e+00
2.217320477740005e-01 3.999020590646659e-01 0.000000000000000e+00
2.184015432376989e-02 1.046022353385374e-01 0.000000000000000e+00
1.724863805657039e-02 1.162413710923936e-01 0.000000000000000e+00
1.379669453193537e-01 3.765690933467007e-03 0.000000000000000e+00
2.338395949597985e-01 2.665496573557123e-01 0.000000000000000e+00
2.384547723079937e-01 2.577418522480794e-01 0.000000000000000e+00
6.662896433976256e-03 2.255827387696311e-01 0.000000000000000e+00
1.342962806209913e-02 2.271261449257652e-01 0.000000000000000e+00
1.174498452118138e-01 2.601076078348031e-01 0.000000000000000e+00
1.198222067831582e-01 2.467798199746980e-01 0.000000000000000e+00
1.272982587611799e-01 2.526997700730633e-01 0.000000000000000e+00
5.642161677797750e-02 3.319906727357742e-01 0.000000000000000e+00
4.364246842635355e-02 3.239022382244765e-01 0.000000000000000e+00
5.409013140871390e-02 3.211482345636751e-01 0.000000000000000e+00
4.915125985357446e-02 2.358231869856456e-01 0.000000000000000e+00
5.548256643738223e-02 2.258703169840255e-01 0.000000000000000e+00
9.087548359360666e-02 1.426740488663229e-01 0.000000000000000e+00
1.022424772727382e-01 1.369992935633293e-01 0.000000000000000e+00
1.018321234891424e-01 1.484614126307057e-01 0.000000000000000e+00
1.824040752245295e-01 1.435344540324140e-01 0.000000000000000e+00
1.719885840414403e-01 1.467206903061295e-01 0.000000000000000e+00
1.459047931365932e-01 2.869998384558041e-01 0.000000000000000e+00
1.493960901527124e-01 2.769144068641782e-01 0.000000000000000e+00
1.563001834713279e-01 2.862778086065545e-01 0.000000000000000e+00
2.393602725713842e-01 2.908606736257670e-01 0.000000000000000e+00
1.536665979438130e-01 2.088111991482012e-01 0.000000000000000e+00
1.505020143721977e-01 1.971955462612678e-01 0.000000000000000e+00
1.611527099891908e-01 2.030841811429892e-01 0.000000000000000e+00
1.190769747992852e-02 3.588821192489686e-01 0.000000000000000e+00
5.817440462095553e-02 4.267045525653166e-01 0.000000000000000e+00
5.933650247397013e-02 4.133990070775914e-01 0.000000000000000e+00
7.042844968586499e-02 4.179702837909592e-01 0.000000000000000e+00
1.085767558948297e-01 2.493576594580602e-01 0.000000000000000e+00
9.635441707673520e-02 2.498499000460254e-01 0.000000000000000e+00
1.024786198235526e-01 2.430914345523390e-01 0.000000000000000e+00
1.948575878018476e-02 2.341016024672691e-01 0.000000000000000e+00
2.096726485675791e-02 2.235418470069105e-01 0.000000000000000e+00
1.658311723517966e-01 3.139295090667836e-01 0.000000000000000e+00
1.581383066361587e-01 3.051137182669588e-01 0.000000000000000e+00
1.693089470667117e-01 3.692985819853516e-01 0.000000000000000e+00
1.691598637814774e-01 3.804675007859936e-01 0.000000000000000e+00
1.608145909737290e-01 3.765578045768364e-01 0.000000000000000e+00
1.008837510116317e-01 2.157184852892829e-01 0.000000000000000e+00
8.776053244648437e-02 2.192554081227346e-01 0.000000000000000e+00
6.736887422950462e-02 1.554495288276412e-01 0.000000000000000e+00
6.330628049748203e-02 1.440316401006203e-01 0.000000000000000e+00
7.769116762538339e-02 1.471043010931180e-01 0.000000000000000e+00
6.539721892393473e-03 9.535345578727325e-02 0.000000000000000e+00
2.368231692645673e-01 1.266208363072091e-01 0.000000000000000e+00
2.329383650080342e-01 1.159421995042790e-01 0.000000000000000e+00
1.582536460328470e-01 8.589578214870330e-02 0.000000000000000e+00
1.675129063241015e-01 8.099259474184771e-02 0.000000000000000e+00
1.670477544613536e-01 9.337498450365797e-02 0.000000000000000e+00
1.646176571678786e-01 4.163164287361553e-01 0.000000000000000e+00
1.777627111031835e-01 4.192125021218885e-01 0.000000000000000e+00
1.666852314058923e-01 4.293115577005783e-01 0.000000000000000e+00
2.330660384896035e-01 4.949626317974332e-01 0.000000000000000e+00
1.957105574262691e-01 4.685022286810739e-01 0.000000000000000e+00
2.041841070040912e-01 4.594301800838967e-01 0.000000000000000e+00
2.061319890519181e-01 4.710155311092975e-01 0.000000000000000e+00
9.734497083787282e-02 4.952065775078645e-01 0.000000000000000e+00
8.086654190615593e-02 9.053287714735332e-02 0.000000000000000e+00
8.971197636706191e-02 9.886979952205571e-02 0.000000000000000e+00
7.961337409748537e-02 1.007514740933821e-01 0.000000000000000e+00
7.031580898873961e-02 5.682198267955313e-02 0.000000000000000e+00
5.809853527177350e-02 6.406250398178509e-02 0.000000000000000e+00
5.886635352709272e-02 5.363937685515921e-02 0.000000000000000e+00
1.526554109243042e-01 4.792700403642471e-03 0.000000000000000e+00
9.874032615334821e-02 4.101971331255565e-01 0.000000000000000e+00
1.003117828339627e-01 4.214485234596381e-01 0.000000000000000e+00
9.020164657253522e-02 4.169446734606108e-01 0.000000000000000e+00
1.264693817164398e-01 8.638431572306562e-02 0.000000000000000e+00
1.268218204538344e-01 7.768667703015839e-02 0.000000000000000e+00
1.342074613569847e-01 8.516832317308221e-02 0.000000000000000e+00
1.508072139276575e-01 2.185215128817885e-01 0.000000000000000e+00
1.460511495008116e-01 2.283072097045406e-01 0.000000000000000e+00
1.417615636748919e-01 2.203642301346845e-01 0.000000000000000e+00
9.648118004576434e-02 1.931525846852903e-01 0.000000000000000e+00
3.873569926986890e-02 3.116679861762581e-01 0.000000000000000e+00
7.177949597394273e-03 2.635902792874419e-01 0.000000000000000e+00
9.687332354604034e-03 2.734813979314940e-01 0.000000000000000e+00
1.705921176730453e-01 2.313971480555138e-01 0.000000000000000e+00
1.641895852871908e-01 2.409659400833426e-01 0.000000000000000e+00
1.617815631172527e-01 2.323086629809726e-01 0.000000000000000e+00
2.064394146191792e-01 2.004024612688458e-01 0.000000000000000e+00
2.091015174075960e-01 1.878652472297765e-01 0.000000000000000e+00
2.158185958319443e-01 1.980379030694230e-01 0.000000000000000e+00
8.683202250328377e-03 3.405065440353613e-01 0.000000000000000e+00
1.580134776702563e-02 3.485547054783868e-01 0.000000000000000e+00
3.535634919765202e-02 3.018860429874735e-01 0.000000000000000e+00
3.004470589289198e-02 3.094628384958897e-01 0.000000000000000e+00
2.392367939968786e-01 2.761199259878292e-01 0.000000000000000e+00
2.425260618712368e-01 3.020108186575564e-01 0.000000000000000e+00
8.574577325122453e-02 3.345168895664117e-01 0.000000000000000e+00
9.179913617632403e-02 3.244068310802740e-01 0.000000000000000e+00
9.670010248863510e-02 3.376806003461892e-01 0.000000000000000e+00
9.911451074907192e-02 3.700952669397366e-01 0.000000000000000e+00
8.874308089561575e-02 3.717332968162850e-01 0.000000000000000e+00
9.233723821369118e-02 3.610165568981009e-01 0.000000000000000e+00
2.028082046159023e-01 3.565986702720206e-01 0.000000000000000e+00
1.917741582807005e-01 3.616723967420809e-01 0.000000000000000e+00
1.923139364006291e-01 3.507949684625455e-01 0.000000000000000e+00
2.015894199484941e-01 2.993290451272473e-01 0.000000000000000e+00
2.105212683058302e-01 2.962431724522542e-01 0.000000000000000e+00
2.105084284270169e-01 3.039576321082704e-01 0.000000000000000e+00
1.357850558890049e-01 1.031932831409745e-01 0.000000000000000e+00
1.418366876878972e-01 9.371276328944908e-02 0.000000000000000e+00
1.458966038745097e-01 1.033969711707411e-01 0.000000000000000e+00
1.125753738371442e-01 1.197196407478842e-01 0.000000000000000e+00
1.138276352618190e-01 1.309418644099175e-01 0.000000000000000e+00
1.028871788386025e-01 1.261782190996295e-01 0.000000000000000e+00
9.530908548627906e-02 3.869991839974394e-01 0.000000000000000e+00
8.806396967047041e-02 3.952505297511552e-01 0.000000000000000e+00
8.333855388664213e-02 3.871097968522664e-01 0.000000000000000e+00
1.496879669641667e-01 3.789238098578844e-01 0.000000000000000e+00
1.369325658917819e-01 3.751844491725596e-01 0.000000000000000e+00
1.450524931240052e-01 3.646729712772976e-01 0.000000000000000e+00
9.111019776483856e-02 5.311889161011757e-02 0.000000000000000e+00
1.483169973329973e-01 4.456216354767940e-01 0.000000000000000e+00
1.588415399618953e-01 4.500824471254958e-01 0.000000000000000e+00
1.534342395089127e-01 4.551603251122098e-01 0.000000000000000e+00
5.813181869293065e-02 1.950131302504307e-01 0.000000000000000e+00
4.646739836020366e-02 1.963393707365760e-01 0.000000000000000e+00
5.058024499439671e-02 1.881717839476861e-01 0.000000000000000e+00
4.177677722244835e-02 1.418948328354084e-01 0.000000000000000e+00
3.495793903884046e-02 1.325102460224974e-01 0.000000000000000e+00
4.480994793966459e-02 1.296844705778796e-01 0.000000000000000e+00
1.607315425196756e-01 1.433868801902207e-01 0.000000000000000e+00
1.499451645163584e-01 1.463875241337454e-01 0.000000000000000e+00
1.540089170989814e-01 1.332303596033847e-01 0.000000000000000e+00
2.285492088127163e-01 1.331684314985875e-01 0.000000000000000e+00
2.196978920228637e-01 1.270881144654492e-01 0.000000000000000e+00
2.278501012017599e-01 1.235109475818611e-01 0.000000000000000e+00
7.693311143545813e-02 3.974453298724656e-01 0.000000000000000e+00
9.806752513003460e-02 3.985173234692108e-01 0.000000000000000e+00
8.702412489056841e-02 4.057359791209930e-01 0.000000000000000e+00
1.058424228501866e-01 1.934116518805041e-01 0.000000000000000e+00
1.091053511805016e-01 2.039329189916607e-01 0.000000000000000e+00
9.261597703579004e-02 2.303014487163530e-01 0.000000000000000e+00
1.770920480958094e-01 3.848963891625032e-01 0.000000000000000e+00
1.694066334168974e-01 3.900112178476071e-01 0.000000000000000e+00
1.030402297268451e-01 3.620506743475212e-01 0.000000000000000e+00
1.676276658593990e-01 1.969040403774335e-01 0.000000000000000e+00
1.601311866780430e-01 1.905319217541703e-01 0.000000000000000e+00
1.687070493247756e-01 1.881198583280640e-01 0.000000000000000e+00
1.755357281824669e-01 1.163674385261655e-01 0.000000000000000e+00
1.720760080845159e-01 1.048658093608876e-01 0.000000000000000e+00
1.809694321240479e-01 1.074877361783490e-01 0.000000000000000e+00
1.034789302366403e-01 7.338204190097145e-02 0.000000000000000e+00
1.300199755605986e-01 1.665904750620047e-01 0.000000000000000e+00
1.206632079892353e-01 1.613764658802953e-01 0.000000000000000e+00
1.294303220569543e-01 1.564168484716748e-01 0.000000000000000e+00
5.104920161403458e-02 2.177016939327044e-01 0.000000000000000e+00
4.208269905340594e-02 2.140441786040263e-01 0.000000000000000e+00
5.218858654588491e-02 2.069964704683459e-01 0.000000000000000e+00
8.061562793548586e-03 1.966239818020747e-01 0.000000000000000e+00
4.762918150665897e-02 3.962926214068686e-01 0.000000000000000e+00
5.661415741002972e-02 3.924316168131803e-01 0.000000000000000e+00
5.790337745232966e-02 4.018420528191264e-01 0.000000000000000e+00
2.123663616711840e-01 4.080400676537199e-01 0.000000000000000e+00
2.006482339317072e-01 4.144371836568661e-01 0.000000000000000e+00
2.031642080512146e-01 4.026300163095412e-01 0.000000000000000e+00
2.112735699600535e-01 3.985719317860329e-01 0.000000000000000e+00
2.141809774664746e-01 3.884860495238366e-01 0.000000000000000e+00
1.140013182671831e-01 2.902939723510650e-01 0.000000000000000e+00
1.059322487283630e-01 2.971102619021951e-01 0.000000000000000e+00
1.049450640998587e-01 2.872793097619014e-01 0.000000000000000e+00
7.910999656808718e-02 2.822567743774402e-01 0.000000000000000e+00
7.578641509325244e-02 2.936671716080641e-01 0.000000000000000e+00
6.861377783982693e-02 2.829269407574352e-01 0.000000000000000e+00
1.312436857260239e-01 3.294004223655514e-01 0.000000000000000e+00
1.237845643141406e-01 3.406158637612630e-01 0.000000000000000e+00
1.204682126628473e-01 3.294266778457389e-01 0.000000000000000e+00
1.507611077975906e-01 2.964177136890572e-01 0.000000000000000e+00
1.866623911238216e-01 1.152625036493437e-01 0.000000000000000e+00
1.232218233270996e-01 1.021461670675538e-01 0.000000000000000e+00
1.304584609524946e-01 9.386775718832663e-02 0.000000000000000e+00
1.213092060156043e-01 2.004392129932574e-01 0.000000000000000e+00
1.156282895919766e-01 2.125623703913631e-01 0.000000000000000e+00
1.753185873017180e-01 2.211206240866527e-01 0.000000000000000e+00
1.803268199420850e-01 2.303363821363698e-01 0.000000000000000e+00
2.434602781076065e-01 9.535345578727322e-02 0.000000000000000e+00
1.748239061560563e-01 8.610368409904318e-02 0.000000000000000e+00
1.800645762526955e-01 9.604976407497469e-02 0.000000000000000e+00
5.582015528939474e-02 8.321952127639312e-02 0.000000000000000e+00
6.276081962592349e-02 9.369592312295821e-02 0.000000000000000e+00
4.983040183159334e-02 9.162327080064241e-02 0.000000000000000e+00
5.853150941589791e-02 1.193430827025007e-01 0.000000000000000e+00
4.746818064309690e-02 1.182392263018689e-01 0.000000000000000e+00
5.373147734906202e-02 1.107738696370646e-01 0.000000000000000e+00
1.816551512261053e-01 2.817107764665618e-01 0.000000000000000e+00
1.720169613618742e-01 2.756997765626317e-01 0.000000000000000e+00
1.360054962047838e-01 3.066898426894680e-01 0.000000000000000e+00
1.366599626937688e-01 2.960289274679156e-01 0.000000000000000e+00
1.451610962731770e-01 3.080221493799791e-01 0.000000000000000e+00
8.733569658125095e-02 4.531389109552000e-01 0.000000000000000e+00
7.760821093641523e-02 4.494026537563065e-01 0.000000000000000e+00
8.547366480363824e-02 4.431126276470417e-01 0.000000000000000e+00
1.067538681024084e-01 4.495494346718891e-01 0.000000000000000e+00
1.158538377519401e-01 4.432874745160962e-01 0.000000000000000e+00
1.167959374554840e-01 4.541344221528840e-01 0.000000000000000e+00
1.826549558821758e-01 7.034025605695835e-02 0.000000000000000e+00
1.845783051996269e-01 8.296462961075488e-02 0.000000000000000e+00
1.756290377015181e-01 7.738928416318594e-02 0.000000000000000e+00
1.435279430691353e-01 4.139631874840720e-02 0.000000000000000e+00
1.310685443792314e-01 4.304600640630474e-02 0.000000000000000e+00
1.536103894066482e-01 4.127558182084364e-01 0.000000000000000e+00
1.570717092177887e-01 4.231697058085652e-01 0.000000000000000e+00
1.906559114411738e-01 4.239900123903207e-01 0.000000000000000e+00
2.033215002382296e-01 4.290457944034692e-01 0.000000000000000e+00
1.999216052970306e-01 1.745687874936093e-01 0.000000000000000e+00
2.080259189833151e-01 1.656610861840757e-01 0.000000000000000e+00
2.124818537981088e-01 1.754165288426485e-01 0.000000000000000e+00
2.180298372645032e-01 1.637507450194567e-01 0.000000000000000e+00
1.122587408745931e-01 2.216583938476719e-01 0.000000000000000e+00
1.591391816339035e-01 1.210714738098257e-01 0.000000000000000e+00
1.484559901742029e-01 1.211329160487706e-01 0.000000000000000e+00
2.024550046637337e-01 2.706175886214966e-01 0.000000000000000e+00
1.910412638446395e-01 2.610031381808298e-01 0.000000000000000e+00
2.036931178518049e-01 2.614971582923171e-01 0.000000000000000e+00
2.109839063553100e-01 2.366659179079247e-01 0.000000000000000e+00
1.999795094366860e-01 2.419591349808121e-01 0.000000000000000e+00
2.002116506971815e-01 2.311730835332823e-01 0.000000000000000e+00
1.174037450747480e-01 4.312294071094593e-01 0.000000000000000e+00
1.278550170371989e-01 4.316290751347005e-01 0.000000000000000e+00
1.242468224376373e-01 4.393410997637662e-01 0.000000000000000e+00
8.135064400023731e-02 4.237471066741588e-01 0.000000000000000e+00
8.095664170112789e-02 4.142589367044966e-01 0.000000000000000e+00
1.563608637337237e-01 2.263627606286751e-01 0.000000000000000e+00
1.653221066823045e-01 2.253566104245032e-01 0.000000000000000e+00
1.548246778300946e-01 2.506339775866097e-01 0.000000000000000e+00
1.643026381676331e-01 2.498651867928541e-01 0.000000000000000e+00
1.311540712273193e-01 1.792887975566423e-01 0.000000000000000e+00
1.237877684107495e-01 1.885605266819456e-01 0.000000000000000e+00
1.186559349889394e-01 1.799714455286988e-01 0.000000000000000e+00
1.849593408755908e-01 2.120445362542811e-01 0.000000000000000e+00
1.726810439529197e-01 2.068326854155105e-01 0.000000000000000e+00
1.826454169073620e-01 2.017071216780556e-01 0.000000000000000e+00
5.598483057324074e-02 3.452246382048383e-01 0.000000000000000e+00
6.517029676951208e-02 3.517076563535248e-01 0.000000000000000e+00
5.492432394354988e-02 3.574594590460209e-01 0.000000000000000e+00
2.876949817335310e-02 3.687404480750639e-01 0.000000000000000e+00
2.149342558691829e-02 3.575656389362338e-01 0.000000000000000e+00
7.083145582290608e-02 1.217293487250126e-01 0.000000000000000e+00
7.245902446982989e-02 1.349581699773643e-01 0.000000000000000e+00
6.179983002810921e-02 1.308983415575984e-01 0.000000000000000e+00
8.312599129382731e-02 7.189662336367503e-02 0.000000000000000e+00
7.416849866702796e-02 7.951547152574459e-02 0.000000000000000e+00
7.107782924831284e-02 6.806185400946505e-02 0.000000000000000e+00
2.905805578588740e-02 2.443047511237917e-01 0.000000000000000e+00
2.115780148128343e-02 2.555392939752503e-01 0.000000000000000e+00
5.666202428529399e-02 2.809248968075005e-01 0.000000000000000e+00
4.503624803554995e-02 2.722369504507286e-01 0.000000000000000e+00
5.638833785733776e-02 2.682569825768643e-01 0.000000000000000e+00
1.884316938210617e-01 2.377549680706428e-01 0.000000000000000e+00
1.920574756070213e-01 2.483640816542364e-01 0.000000000000000e+00
1.806420182095710e-01 2.496025243663175e-01 0.000000000000000e+00
2.092391680741361e-01 2.270710749537191e-01 0.000000000000000e+00
2.147104671243763e-01 2.186911359762958e-01 0.000000000000000e+00
2.169975462892611e-01 2.280391674327758e-01 0.000000000000000e+00
2.285792202603207e-01 3.453900510475619e-01 0.000000000000000e+00
2.152046838991121e-01 3.522252411048947e-01 0.000000000000000e+00
2.390591793636453e-01 3.365544666991260e-01 0.000000000000000e+00
1.046811036772444e-01 2.681040870597047e-01 0.000000000000000e+00
9.913315615812336e-02 2.787637119107154e-01 0.000000000000000e+00
9.042984729455000e-02 2.689689842692218e-01 0.000000000000000e+00
1.452273370954638e-01 3.192125846214656e-01 0.000000000000000e+00
1.545407677652877e-01 3.165495781939644e-01 0.000000000000000e+00
1.316281778010334e-02 3.049976744043546e-01 0.000000000000000e+00
6.500443344890469e-02 2.664703641269685e-01 0.000000000000000e+00
7.279648811694546e-02 2.724455263692543e-01 0.000000000000000e+00
6.389301230966177e-02 2.742049421276046e-01 0.000000000000000e+00
5.967166501977775e-02 1.835151724893405e-01 0.000000000000000e+00
7.167978152040022e-02 1.899826226780567e-01 0.000000000000000e+00
2.877836097166824e-02 1.892261674660322e-01 0.000000000000000e+00
1.791336496768704e-02 1.941292769623479e-01 0.000000000000000e+00
1.902846705621625e-01 3.305835009796905e-01 0.000000000000000e+00
1.828182730187785e-01 3.361540350460717e-01 0.000000000000000e+00
1.802614234046794e-01 3.291568355818298e-01 0.000000000000000e+00
5.900376800067524e-02 1.529575083774019e-01 0.000000000000000e+00
1.342269471427958e-02 1.273240639359737e-01 0.000000000000000e+00
2.115180427534925e-01 1.543817686115474e-01 0.000000000000000e+00
2.099855468673468e-01 1.424664332617040e-01 0.000000000000000e+00
2.184429788327894e-01 1.470407998090276e-01 0.000000000000000e+00
2.128687644394800e-01 1.209080378181124e-01 0.000000000000000e+00
2.037707982698381e-01 1.225039089170506e-01 0.000000000000000e+00
2.085950179157437e-01 1.101228136242197e-01 0.000000000000000e+00
8.468306508267516e-02 3.431726649286177e-01 0.000000000000000e+00
6.787379491587328e-02 3.046614499689763e-01 0.000000000000000e+00
6.853439326178795e-02 3.129001492133031e-01 0.000000000000000e+00
6.063659741705758e-02 3.138555708327738e-01 0.000000000000000e+00
1.434505339050353e-01 2.092631377687979e-01 0.000000000000000e+00
1.107410080040238e-01 2.383267086074737e-01 0.000000000000000e+00
6.966699653941091e-02 7.113975560825763e-03 0.000000000000000e+00
7.187274864137920e-02 3.643394354415769e-02 0.000000000000000e+00
6.539693341789131e-02 4.624085223356812e-02 0.000000000000000e+00
6.121474608762961e-02 3.785515367550631e-02 0.000000000000000e+00
1.810579973307512e-01 4.956235346642345e-01 0.000000000000000e+00
2.150243088525131e-01 4.315152350384728e-01 0.000000000000000e+00
2.089713325514158e-01 4.356707236141045e-01 0.000000000000000e+00
1.422224703150672e-01 4.763848081547335e-01 0.000000000000000e+00
1.455006820588662e-01 4.670178076548250e-01 0.000000000000000e+00
1.518138419667784e-01 4.727375884085056e-01 0.000000000000000e+00
1.284292478233065e-01 4.946775113998717e-01 0.000000000000000e+00
9.234342138119608e-02 3.172334278002543e-02 0.000000000000000e+00
1.051119971835427e-01 3.127878566350878e-02 0.000000000000000e+00
1.215046169733852e-01 5.386878189060154e-03 0.000000000000000e+00
2.132476647683624e-01 4.198802386195571e-01 0.000000000000000e+00
2.241324455417658e-01 4.128189764856562e-01 0.000000000000000e+00
2.261059712850430e-01 4.257636303846394e-01 0.000000000000000e+00
4.469677762153492e-02 2.242909691111572e-01 0.000000000000000e+00
3.266510005712680e-02 2.213502755414230e-01 0.000000000000000e+00
3.951864467560788e-02 2.624803398037672e-01 0.000000000000000e+00
4.795105642676131e-02 2.597293934927882e-01 0.000000000000000e+00
1.580734300081218e-01 5.920314833581309e-02 0.000000000000000e+00
1.483207017804253e-01 6.669666374016202e-02 0.000000000000000e+00
1.448486037627475e-01 5.539512120563842e-02 0.000000000000000e+00
3.306969086708723e-02 2.693733225755201e-01 0.000000000000000e+00
1.545462995133566e-01 2.645425941211439e-01 0.000000000000000e+00
1.434531947596280e-01 2.571458760770413e-01 0.000000000000000e+00
8.532852118182034e-02 2.891855653650158e-01 0.000000000000000e+00
8.868632844479635e-02 2.804961052772991e-01 0.000000000000000e+00
9.537320817569341e-02 2.906792185458845e-01 0.000000000000000e+00
2.023837403028589e-01 3.682347997296906e-01 0.000000000000000e+00
1.696504433001594e-01 3.353483709470023e-01 0.000000000000000e+00
1.625580426775019e-01 3.236383148691205e-01 0.000000000000000e+00
1.728578992041422e-01 3.227157955908477e-01 0.000000000000000e+00
3.710768709442136e-02 3.795927153358928e-01 0.000000000000000e+00
4.393118800444318e-02 3.865288858779939e-01 0.000000000000000e+00
3.838417610750961e-02 4.054347852150267e-01 0.000000000000000e+00
1.049720477591620e-01 3.465711897428589e-01 0.000000000000000e+00
1.109295285865015e-01 3.363610200876677e-01 0.000000000000000e+00
1.149909345965410e-01 3.462030984306330e-01 0.000000000000000e+00
1.089665791612704e-01 3.905789750529547e-01 0.000000000000000e+00
1.042067088585078e-01 3.789929829520149e-01 0.000000000000000e+00
1.139660788166031e-01 3.799889681974811e-01 0.000000000000000e+00
1.284293440056225e-01 3.953720512060481e-01 0.000000000000000e+00
1.312748674228556e-01 3.850671721472744e-01 0.000000000000000e+00
1.368777020083795e-01 3.932577799138743e-01 0.000000000000000e+00
1.902585906902080e-01 3.725658821512648e-01 0.000000000000000e+00
1.982514557479165e-01 3.777514553311226e-01 0.000000000000000e+00
4.771632611488305e-02 1.780486287820486e-01 0.000000000000000e+00
5.891848301921787e-02 1.720140299594434e-01 0.000000000000000e+00
3.634263482986727e-02 1.612307054413069e-01 0.000000000000000e+00
3.325240254755953e-02 1.503810267714236e-01 0.000000000000000e+00
4.398898635449550e-02 1.535261816600335e-01 0.000000000000000e+00
1.760153417953884e-01 1.825890244843504e-01 0.000000000000000e+00
1.764273394689749e-01 1.684331517810455e-01 0.000000000000000e+00
1.872346990435680e-01 1.780067337234612e-01 0.000000000000000e+00
1.628234815284263e-01 1.761452028546700e-01 0.000000000000000e+00
3.678063082684279e-02 1.956785837341556e-01 0.000000000000000e+00
3.964551087011312e-02 2.040339858230943e-01 0.000000000000000e+00
8.326621352005494e-02 2.555080277746685e-01 0.000000000000000e+00
7.630600773251797e-02 2.440019911855549e-01 0.000000000000000e+00
8.722005449504353e-02 2.424637345815564e-01 0.000000000000000e+00
7.893331890512954e-02 1.736131843997694e-01 0.000000000000000e+00
9.114512188304239e-02 1.767905438739800e-01 0.000000000000000e+00
8.180634066658160e-02 1.834735682832178e-01 0.000000000000000e+00
1.388559418061819e-01 1.619542581584140e-01 0.000000000000000e+00
1.387970442576914e-01 1.509308767834164e-01 0.000000000000000e+00
1.852399291369097e-01 3.202211823175873e-01 0.000000000000000e+00
1.242591965626675e-01 3.191969673650371e-01 0.000000000000000e+00
1.960375730011385e-01 1.851759653659357e-01 0.000000000000000e+00
1.868302924378369e-01 1.913563467695836e-01 0.000000000000000e+00
1.900134209480054e-01 2.238559437490136e-01 0.000000000000000e+00
1.440178843843495e-01 4.344581341253513e-01 0.000000000000000e+00
1.345163176045547e-01 4.407457887340328e-01 0.000000000000000e+00
1.857055058391894e-01 4.035307101441449e-01 0.000000000000000e+00
1.884090946213707e-01 4.126359215799714e-01 0.000000000000000e+00
1.801078136687988e-01 4.092261180042725e-01 0.000000000000000e+00
1.058142234885118e-01 6.353143999929249e-02 0.000000000000000e+00
7.103501511005561e-02 8.823779133559273e-02 0.000000000000000e+00
4.975625629326968e-02 4.088115199262157e-01 0.000000000000000e+00
9.190797790530206e-02 4.277688404986539e-01 0.000000000000000e+00
8.301977277345471e-02 4.339411109228841e-01 0.000000000000000e+00
3.891051246359485e-02 7.140379078087564e-02 0.000000000000000e+00
4.007355250920091e-02 6.186810846524970e-02 0.000000000000000e+00
4.694667529382536e-02 6.555391371331189e-02 0.000000000000000e+00
1.313199738491877e-02 1.292039928749552e-02 0.000000000000000e+00
7.311232445448486e-02 9.493514481410563e-02 0.000000000000000e+00
7.092442953231196e-02 1.013416210946386e-01 0.000000000000000e+00
6.544295621447351e-02 4.754714956966997e-01 0.000000000000000e+00
4.191419701310849e-02 4.367318618335687e-01 0.000000000000000e+00
8.373886565453990e-03 4.147611210339935e-01 0.000000000000000e+00
5.609667472284848e-02 4.955141700795840e-01 0.000000000000000e+00
5.193098999578714e-02 4.923909227071807e-01 0.000000000000000e+00
6.920567228365619e-02 4.562350194369249e-01 0.000000000000000e+00
6.804832787255356e-02 4.450859946023016e-01 0.000000000000000e+00
1.850724255832655e-01 2.453589475026091e-02 0.000000000000000e+00
1.693182710051166e-01 6.850308944180439e-02 0.000000000000000e+00
1.801933677588163e-01 5.713896817156945e-02 0.000000000000000e+00
1.941728816590846e-01 4.398013014024833e-03 0.000000000000000e+00
1.985656816942122e-01 7.482808782388760e-03 0.000000000000000e+00
1.910232923567654e-01 3.564094365977162e-02 0.000000000000000e+00
1.807560731391095e-01 4.443274860597595e-02 0.000000000000000e+00
1.924127666105248e-01 6.193743834202493e-02 0.000000000000000e+00
1.936184555160813e-01 7.457643424577452e-02 0.000000000000000e+00
1.627906381733934e-01 1.036280194957991e-01 0.000000000000000e+00
1.543083283431353e-01 9.700327868882369e-02 0.000000000000000e+00
7.126491446875129e-02 2.521584636697385e-01 0.000000000000000e+00
6.630828864920001e-02 2.261037504056855e-01 0.000000000000000e+00
7.025845925997674e-02 2.353166305989792e-01 0.000000000000000e+00
1.681541747192381e-01 2.657759175398917e-01 0.000000000000000e+00
1.801358402218342e-01 2.700000841943346e-01 0.000000000000000e+00
1.821172829902872e-01 2.938301980989750e-01 0.000000000000000e+00
1.938655319365868e-01 2.884893966747030e-01 0.000000000000000e+00
1.914274331171591e-01 2.989050417941119e-01 0.000000000000000e+00
1.606096327421706e-01 1.547036559909713e-01 0.000000000000000e+00
1.385128499995519e-01 7.462024678636964e-02 0.000000000000000e+00
1.428697848869732e-01 8.384903802792806e-02 0.000000000000000e+00
6.214606999468753e-02 7.510091311514047e-02 0.000000000000000e+00
5.097912834964853e-02 7.345830944514231e-02 0.000000000000000e+00
1.201293695496163e-01 3.629767827769089e-01 0.000000000000000e+00
1.224985720915291e-01 3.531422508196280e-01 0.000000000000000e+00
1.313241201076606e-01 3.623494877064108e-01 0.000000000000000e+00
1.453809340785075e-01 3.415286539950155e-01 0.000000000000000e+00
1.352084333822171e-01 3.407804786443018e-01 0.000000000000000e+00
2.083118392107058e-01 3.775873740925688e-01 0.000000000000000e+00
2.209642621195037e-01 3.755196294942146e-01 0.000000000000000e+00
1.266659363540126e-01 4.154354546708177e-01 0.000000000000000e+00
1.238720922143925e-01 4.244458519446627e-01 0.000000000000000e+00
1.170560459481625e-01 4.201488920068200e-01 0.000000000000000e+00
8.724593454341875e-02 4.644991666045735e-01 0.000000000000000e+00
7.881652842558244e-02 4.581221252294324e-01 0.000000000000000e+00
2.049907663044630e-01 4.895800287153345e-01 0.000000000000000e+00
2.018469092984856e-01 4.955880816162657e-01 0.000000000000000e+00
2.396911734483430e-01 4.806800521126758e-01 0.000000000000000e+00
1.639133702876015e-01 4.769981848236504e-02 0.000000000000000e+00
1.555953991231371e-01 4.114548369589152e-02 0.000000000000000e+00
1.641921618250770e-01 3.644920924066895e-02 0.000000000000000e+00
1.690628388654633e-01 5.636206909303859e-02 0.000000000000000e+00
1.733841908790001e-01 4.945068556843489e-02 0.000000000000000e+00
1.222331356939245e-01 1.710682259024972e-01 0.000000000000000e+00
1.488046936251143e-01 1.578661704649881e-01 0.000000000000000e+00
1.571717424397985e-01 1.643944369147958e-01 0.000000000000000e+00
1.589402835130425e-01 4.787538608670611e-01 0.000000000000000e+00
1.655913473268362e-01 4.847716116359446e-01 0.000000000000000e+00
6.584292852868293e-02 1.535759461542670e-02 0.000000000000000e+00
7.682273510070695e-02 1.111359538042862e-02 0.000000000000000e+00
8.868425650573161e-02 2.170414791170534e-02 0.000000000000000e+00
8.357553067605865e-02 1.611276351759979e-02 0.000000000000000e+00
4.342985646254364e-02 4.534094492636698e-01 0.000000000000000e+00
3.962122018105554e-02 4.454598278132429e-01 0.000000000000000e+00
2.143001702049901e-01 7.408967813375050e-02 0.000000000000000e+00
2.217571580426673e-01 6.488850662026409e-02 0.000000000000000e+00
1.918122451628964e-01 4.930656589737720e-02 0.000000000000000e+00
1.971804016050240e-01 1.129185202353937e-01 0.000000000000000e+00
3.495348992632782e-02 1.031462241566764e-01 0.000000000000000e+00
4.431618033192836e-02 9.865874764877004e-02 0.000000000000000e+00
4.539588413508871e-02 1.071611040161389e-01 0.000000000000000e+00
1.229813112790305e-01 2.222227610255886e-01 0.000000000000000e+00
1.255665964214502e-01 2.114592726170291e-01 0.000000000000000e+00
1.338816490595198e-01 2.161827543304619e-01 0.000000000000000e+00
2.229188799157456e-01 1.553175722850097e-01 0.000000000000000e+00
9.917647766496396e-02 1.849067626010753e-01 0.000000000000000e+00
8.212284209268843e-02 2.253500063249052e-01 0.000000000000000e+00
7.552263548185417e-02 2.161983055703173e-01 0.000000000000000e+00
4.843292131679571e-02 4.636140208775576e-01 0.000000000000000e+00
5.648109503474675e-02 4.523369683793764e-01 0.000000000000000e+00
6.103747261164629e-02 4.650790199950789e-01 0.000000000000000e+00
1.970476209590563e-01 2.426639272223208e-02 0.000000000000000e+00
2.018110124216654e-01 3.300772940937279e-02 0.000000000000000e+00
5.336385267440605e-02 4.754254121166486e-01 0.000000000000000e+00
1.339132335670561e-01 5.747576988256366e-02 0.000000000000000e+00
1.289144261554816e-01 5.088639152409754e-02 0.000000000000000e+00
1.367895289569801e-01 4.961566668335573e-02 0.000000000000000e+00
1.357558518988326e-01 2.368702929244273e-02 0.000000000000000e+00
1.460914367668947e-01 2.370168075670827e-02 0.000000000000000e+00
1.424014695225127e-01 3.074252302566539e-02 0.000000000000000e+00
9.791637892448804e-02 4.570513456557083e-01 0.000000000000000e+00
1.000871416787124e-01 4.671817850922324e-01 0.000000000000000e+00
1.012822127298492e-01 4.768062222963590e-01 0.000000000000000e+00
1.118985544867176e-01 4.713908642806486e-01 0.000000000000000e+00
1.101689604688403e-01 4.827261186595918e-01 0.000000000000000e+00
7.055737113899122e-02 3.200188348647989e-01 0.000000000000000e+00
7.882553192408343e-02 3.279443098629000e-01 0.000000000000000e+00
2.349528201482704e-02 2.889527572680143e-01 0.000000000000000e+00
2.438095627842297e-02 3.009111150560344e-01 0.000000000000000e+00
8.239010414912457e-02 1.368596586400137e-01 0.000000000000000e+00
9.106920930014920e-02 1.303155389411173e-01 0.000000000000000e+00
1.389314503285794e-01 1.384712366753687e-01 0.000000000000000e+00
1.254640849177940e-01 1.350942268732035e-01 0.000000000000000e+00
1.339328582157705e-01 1.291045202644894e-01 0.000000000000000e+00
2.018478066784537e-01 3.343507244354308e-01 0.000000000000000e+00
1.921462351904495e-01 3.405238471327560e-01 0.000000000000000e+00
1.847316831470679e-01 3.068616274536175e-01 0.000000000000000e+00
1.948332475633597e-01 3.060149416160170e-01 0.000000000000000e+00
1.936017506366694e-01 3.135941512863635e-01 0.000000000000000e+00
1.073665066607628e-01 3.100209201803013e-01 0.000000000000000e+00
1.024995289369234e-01 3.197667605057444e-01 0.000000000000000e+00
9.725255150110955e-02 3.138502768085584e-01 0.000000000000000e+00
2.788729131633975e-02 1.698721288692535e-01 0.000000000000000e+00
5.908646061356743e-02 1.615504266917635e-01 0.000000000000000e+00
5.252096843475184e-02 1.560585858504775e-01 0.000000000000000e+00
1.920276438798795e-01 4.581360610081930e-01 0.000000000000000e+00
1.887775371897599e-01 4.490733799187695e-01 0.000000000000000e+00
1.977044323251795e-01 4.488305535224084e-01 0.000000000000000e+00
1.799731867769597e-01 4.324113941062284e-01 0.000000000000000e+00
1.720066466743536e-01 4.393408863382500e-01 0.000000000000000e+00
9.677895573738614e-02 3.036243396787011e-01 0.000000000000000e+00
3.519501813109299e-02 5.406086098859426e-02 0.000000000000000e+00
2.810918337119873e-02 4.348084416702297e-02 0.000000000000000e+00
4.761916584541015e-02 5.558403934229124e-02 0.000000000000000e+00
4.165392903314144e-02 4.391122091897028e-02 0.000000000000000e+00
1.938749273522928e-01 3.959673220453052e-01 0.000000000000000e+00
1.800610316135328e-01 3.943314823263984e-01 0.000000000000000e+00
1.884167790003110e-01 3.839339461799562e-01 0.000000000000000e+00
1.318613457590430e-01 2.605846872461036e-01 0.000000000000000e+00
1.622309325197731e-01 2.570149777129098e-01 0.000000000000000e+00
2.034082300449865e-01 3.453409402557677e-01 0.000000000000000e+00
2.087926820480598e-01 3.280325898609755e-01 0.000000000000000e+00
2.105006985622989e-01 3.618409449834930e-01 0.000000000000000e+00
2.122582194996940e-01 3.693294116223445e-01 0.000000000000000e+00
1.817696002832522e-01 3.558095654290819e-01 0.000000000000000e+00
1.236578540016375e-01 3.744862703530941e-01 0.000000000000000e+00
1.253417023578444e-01 4.047773982601373e-01 0.000000000000000e+00
1.357546986796672e-01 4.048761264372747e-01 0.000000000000000e+00
9.366402306640814e-02 3.494314754972313e-01 0.000000000000000e+00
8.239893455776215e-02 3.538972106956912e-01 0.000000000000000e+00
4.829609930206467e-02 3.774317092596196e-01 0.000000000000000e+00
3.983869886631292e-02 3.705747595466929e-01 0.000000000000000e+00
4.736032262966549e-02 3.654406572078200e-01 0.000000000000000e+00
1.568848502257151e-01 3.682103086889571e-01 0.000000000000000e+00
1.571845777121065e-01 3.439312018215613e-01 0.000000000000000e+00
1.695439907165233e-01 3.505493113907887e-01 0.000000000000000e+00
1.585356123694771e-01 3.534247537713548e-01 0.000000000000000e+00
2.206539324534191e-01 2.478022256670058e-01 0.000000000000000e+00
2.232345029377407e-01 2.345601640386587e-01 0.000000000000000e+00
1.100524670948796e-01 1.071284246114877e-01 0.000000000000000e+00
1.205160039383829e-01 1.133261729771643e-01 0.000000000000000e+00
9.722644984331909e-02 1.071432078731016e-01 0.000000000000000e+00
1.009445407919133e-01 9.685071641744114e-02 0.000000000000000e+00
2.286340224537672e-01 1.451227674292378e-01 0.000000000000000e+00
2.191584021735951e-01 1.379154574576390e-01 0.000000000000000e+00
2.402817562073054e-01 1.491822766364328e-01 0.000000000000000e+00
2.011752858528372e-01 1.484164359526962e-01 0.000000000000000e+00
2.024600746829744e-01 1.577045937085952e-01 0.000000000000000e+00
2.106525548364620e-01 1.309263799963103e-01 0.000000000000000e+00
2.506288496394836e-02 1.585209017969104e-01 0.000000000000000e+00
2.337583612769288e-02 1.343371463162417e-01 0.000000000000000e+00
1.226374548437281e-01 2.348960076951414e-01 0.000000000000000e+00
1.320400004371495e-01 2.427889690493306e-01 0.000000000000000e+00
8.008767433321462e-02 2.664418984343814e-01 0.000000000000000e+00
2.011132063834521e-01 2.526704968707544e-01 0.000000000000000e+00
2.040521434885402e-01 3.112957269564077e-01 0.000000000000000e+00
6.610572886892549e-02 3.626635739751949e-01 0.000000000000000e+00
7.881808170603520e-02 3.652706892794317e-01 0.000000000000000e+00
6.906648345523846e-02 3.739785688723825e-01 0.000000000000000e+00
1.009830953148953e-01 3.549780209633321e-01 0.000000000000000e+00
1.780633182238441e-01 2.602240354230688e-01 0.000000000000000e+00
1.319072324727307e-01 3.504691542245785e-01 0.000000000000000e+00
2.133221590144420e-01 4.652133399962810e-01 0.000000000000000e+00
2.169027437219392e-01 4.554046646835188e-01 0.000000000000000e+00
2.259172778261846e-01 4.473581775814749e-01 0.000000000000000e+00
1.254701419108283e-01 4.483894233485333e-01 0.000000000000000e+00
1.354688353300216e-01 4.534239119837065e-01 0.000000000000000e+00
1.123424747606356e-01 5.636345777745588e-02 0.000000000000000e+00
1.228946789352020e-01 5.797254480237146e-02 0.000000000000000e+00
1.290193738084546e-01 6.692669432716025e-02 0.000000000000000e+00
2.311795780693546e-01 6.760260187767661e-02 0.000000000000000e+00
2.242284454380933e-01 7.387575834189593e-02 0.000000000000000e+00
1.993624841303009e-01 1.015503166292496e-01 0.000000000000000e+00
2.015485447851758e-01 9.072762944045479e-02 0.000000000000000e+00
2.078943127325939e-01 9.798143170329900e-02 0.000000000000000e+00
6.273844402635377e-02 2.925391148833573e-01 0.000000000000000e+00
8.209311343076207e-02 2.739646504420761e-01 0.000000000000000e+00
1.112501587176287e-01 3.562458385424390e-01 0.000000000000000e+00
1.880924004391588e-01 1.350935771882426e-01 0.000000000000000e+00
1.915135740588608e-01 1.453970226147622e-01 0.000000000000000e+00
1.714583883013668e-01 1.577708717833027e-01 0.000000000000000e+00
9.725616674069557e-02 1.667880549402427e-01 0.000000000000000e+00
9.069142023288460e-02 1.557124876439519e-01 0.000000000000000e+00
1.023605003768036e-01 1.585369579443598e-01 0.000000000000000e+00
2.447097646743307e-02 2.647785037791979e-01 0.000000000000000e+00
3.087433068414622e-02 2.585412342133517e-01 0.000000000000000e+00
2.184945533482259e-02 2.755738697746862e-01 0.000000000000000e+00
2.149507327000735e-01 1.693515641559708e-01 0.000000000000000e+00
1.174031533248463e-01 2.494700389991615e-02 0.000000000000000e+00
1.313997304980036e-01 4.773642847554248e-01 0.000000000000000e+00
1.608030459107791e-01 4.693444351741318e-01 0.000000000000000e+00
1.374130710931941e-01 1.212302649539989e-01 0.000000000000000e+00
1.426460267715068e-01 1.287242763617116e-01 0.000000000000000e+00
1.251770604100133e-01 1.230819439353427e-01 0.000000000000000e+00
1.309297773897596e-01 1.127870704900090e-01 0.000000000000000e+00
3.791528330533289e-02 3.490425957466547e-01 0.000000000000000e+00
2.620339294110193e-02 3.469367963848427e-01 0.000000000000000e+00
2.163239545748810e-01 2.875792122217516e-01 0.000000000000000e+00
2.187181743418535e-01 3.000967663533027e-01 0.000000000000000e+00
7.989762880570506e-02 3.773069052297443e-01 0.000000000000000e+00
1.176443343684896e-01 4.631734762942433e-01 0.000000000000000e+00
1.671054141994274e-01 1.358921709168728e-01 0.000000000000000e+00
1.727277957608529e-01 1.271325707838126e-01 0.000000000000000e+00
1.774514092906728e-01 1.356791112872846e-01 0.000000000000000e+00
1.421536241868760e-01 1.120073433452249e-01 0.000000000000000e+00
1.506432365869037e-01 7.794366276562975e-02 0.000000000000000e+00
1.605155685679729e-01 7.680728778072532e-02 0.000000000000000e+00
1.495823367075513e-01 8.768090498410677e-02 0.000000000000000e+00
2.304575568426540e-02 2.128608089343443e-01 0.000000000000000e+00
1.419163041435884e-02 2.041743624773875e-01 0.000000000000000e+00
1.091624401049966e-02 2.163719256587618e-01 0.000000000000000e+00
1.039474283977334e-01 4.349444900715088e-01 0.000000000000000e+00
2.360668099350056e-01 2.053667732067495e-01 0.000000000000000e+00
5.371672645282482e-02 4.767389993042819e-03 0.000000000000000e+00
5.416633605116834e-02 4.480798381050821e-02 0.000000000000000e+00
6.374454375321484e-02 1.083179794978520e-01 0.000000000000000e+00
5.337642100178069e-02 1.270324631276109e-01 0.000000000000000e+00
1.807886817917660e-01 4.444289231740453e-01 0.000000000000000e+00
1.919399382453887e-01 4.381844829122876e-01 0.000000000000000e+00
7.218392820451658e-02 2.821517143068976e-02 0.000000000000000e+00
9.361357520315340e-02 7.750920973929505e-02 0.000000000000000e+00
9.376163412435203e-02 6.274994751945279e-02 0.000000000000000e+00
6.628446484528883e-02 2.044111763424710e-01 0.000000000000000e+00
8.213970545173588e-02 1.921145130752183e-01 0.000000000000000e+00
5.157420390176353e-02 3.869564835154064e-01 0.000000000000000e+00
1.849033029302949e-01 4.668614247284872e-01 0.000000000000000e+00
1.986157096925556e-01 4.812965833867370e-01 0.000000000000000e+00
1.814269897065857e-01 4.557868789769132e-01 0.000000000000000e+00
2.238381411583086e-01 4.669952642904480e-01 0.000000000000000e+00
3.745808903169662e-02 1.222039425392485e-01 0.000000000000000e+00
4.425089079975700e-02 8.184415699617363e-02 0.000000000000000e+00
2.706700333767357e-02 9.233212990187693e-02 0.000000000000000e+00
1.182208004215953e-01 3.985366345045768e-01 0.000000000000000e+00
2.332712113834959e-01 2.492133278162934e-01 0.000000000000000e+00
2.286132798661690e-01 2.583151762223907e-01 0.000000000000000e+00
2.112309179168766e-01 2.562251053543208e-01 0.000000000000000e+00
2.135092826963848e-01 2.671690965328197e-01 0.000000000000000e+00
3.933572241019435e-02 1.704916116334747e-01 0.000000000000000e+00
7.078847704813258e-02 4.324389019121968e-01 0.000000000000000e+00
5.860361768101088e-02 4.394859867960719e-01 0.000000000000000e+00
1.735819340775490e-01 3.604974828568517e-01 0.000000000000000e+00
1.813737464849653e-01 3.448633497347077e-01 0.000000000000000e+00
2.527938942660445e-02 4.343977925546663e-01 0.000000000000000e+00
2.196246472834656e-01 5.375395599052021e-02 0.000000000000000e+00
2.115920189015366e-01 4.681238178092650e-02 0.000000000000000e+00
2.211327239729863e-01 4.222948152437923e-02 0.000000000000000e+00
2.297987908047228e-01 3.899753670864885e-02 0.000000000000000e+00
1.895244973092438e-01 1.044416974006812e-01 0.000000000000000e+00
2.200959702118198e-01 2.592520325722852e-01 0.000000000000000e+00
5.990002186798724e-02 2.555433282939640e-01 0.000000000000000e+00
7.185270930376066e-02 2.613223033166865e-01 0.000000000000000e+00
4.045871837182474e-02 2.425322406936792e-01 0.000000000000000e+00
3.724460987994449e-02 2.331163783548640e-01 0.000000000000000e+00
2.728327715510787e-02 2.018347661741498e-01 0.000000000000000e+00
3.288537427643970e-02 2.107307787429665e-01 0.000000000000000e+00
1.032447236304448e-01 3.282415232128396e-01 0.000000000000000e+00
1.124241312778219e-01 3.221593102023005e-01 0.000000000000000e+00
8.483326166355451e-02 8.163533490896315e-02 0.000000000000000e+00
1.543056509046905e-01 2.250600994146114e-02 0.000000000000000e+00
1.528639265596729e-01 3.127537203107824e-02 0.000000000000000e+00
9.318196429454548e-02 1.146639984654501e-01 0.000000000000000e+00
1.021002322290159e-01 1.162056092523413e-01 0.000000000000000e+00
9.470418375160755e-02 1.212851252353063e-01 0.000000000000000e+00
2.295111251527600e-01 3.658470901527244e-01 0.000000000000000e+00
2.191305573031025e-01 3.634643098117557e-01 0.000000000000000e+00
1.466645415820929e-01 4.231300027607470e-01 0.000000000000000e+00
1.489838309185824e-01 3.967881896412024e-01 0.000000000000000e+00
1.613212235662091e-01 4.047581293352868e-01 0.000000000000000e+00
1.370318898836093e-02 4.908699051290527e-01 0.000000000000000e+00
3.388828389759364e-02 4.735465438650409e-01 0.000000000000000e+00
2.305905326482752e-01 1.506800786763958e-02 0.000000000000000e+00
2.237791403482502e-01 3.076118612628061e-02 0.000000000000000e+00
2.145003735786546e-01 2.526386443245157e-02 0.000000000000000e+00
1.902642326315632e-02 3.928699251008522e-02 0.000000000000000e+00
7.667963293179195e-02 4.082752883606617e-01 0.000000000000000e+00
1.090390078143978e-01 4.244632757868190e-01 0.000000000000000e+00
1.084186809356306e-01 4.148822359346640e-01 0.000000000000000e+00
1.483538972280236e-01 1.702862146636786e-01 0.000000000000000e+00
1.380844893886789e-01 1.711361267268176e-01 0.000000000000000e+00
1.144947731661857e-01 1.433356580180577e-01 0.000000000000000e+00
2.050544326028992e-01 2.109354849552356e-01 0.000000000000000e+00
1.940668875927147e-01 2.035731559248843e-01 0.000000000000000e+00
1.412012973818798e-01 1.882730237633759e-01 0.000000000000000e+00
1.399694653665617e-01 1.985051950528486e-01 0.000000000000000e+00
1.148494589414090e-01 2.292358498896345e-01 0.000000000000000e+00
9.576432931847960e-02 2.405192552850077e-01 0.000000000000000e+00
7.568194553799211e-02 1.812838499198843e-01 0.000000000000000e+00
1.392599602544456e-01 3.557406287611641e-01 0.000000000000000e+00
1.398282381212845e-01 3.483832156146865e-01 0.000000000000000e+00
1.481877174465471e-01 3.528283149828472e-01 0.000000000000000e+00
1.405980937303657e-01 3.856069836933964e-01 0.000000000000000e+00
1.162849478781396e-01 2.724075633954828e-01 0.000000000000000e+00
1.104226175879721e-01 1.685588137305755e-01 0.000000000000000e+00
1.087871393012354e-01 1.819934755618847e-01 0.000000000000000e+00
1.117573339606291e-01 1.554395052415649e-01 0.000000000000000e+00
3.818856665226551e-02 3.612751326670435e-01 0.000000000000000e+00
3.043722802972990e-02 3.564371792360341e-01 0.000000000000000e+00
1.992249816722402e-01 3.227132479935874e-01 0.000000000000000e+00
4.775154076264069e-02 3.496652696440965e-01 0.000000000000000e+00
4.550803225809831e-02 3.392353546657119e-01 0.000000000000000e+00
4.384159283572896e-02 3.039464207139025e-01 0.000000000000000e+00
1.269699825816220e-01 3.065241274968530e-01 0.000000000000000e+00
1.157128807450190e-01 3.013695300061606e-01 0.000000000000000e+00
1.239846778220054e-01 2.940027050501441e-01 0.000000000000000e+00
1.358937114336845e-01 2.812701416267432e-01 0.000000000000000e+00
1.295406113024565e-01 2.884550942549519e-01 0.000000000000000e+00
1.407429974251773e-01 2.685921778499462e-01 0.000000000000000e+00
1.273523707190516e-01 2.710359057931993e-01 0.000000000000000e+00
1.617276760067979e-01 2.759730149944418e-01 0.000000000000000e+00
3.926632595564417e-02 2.525120983158150e-01 0.000000000000000e+00
1.595363391888604e-02 2.646730745043339e-01 0.000000000000000e+00
2.874992051118849e-02 1.151087274059020e-01 0.000000000000000e+00
2.928643373035965e-02 1.255980447758471e-01 0.000000000000000e+00
2.241670462801820e-02 1.237218707052716e-01 0.000000000000000e+00
3.884726079806584e-02 9.146601438929902e-02 0.000000000000000e+00
2.278086107595129e-01 3.131741395042509e-01 0.000000000000000e+00
1.755302357549814e-01 1.946966986555748e-01 0.000000000000000e+00
5.057853947797608e-02 4.349761644052179e-01 0.000000000000000e+00
4.833129903725059e-02 4.438762773760631e-01 0.000000000000000e+00
2.072073489914214e-02 3.134602111800993e-01 0.000000000000000e+00
1.509131941979939e-01 1.833321462312411e-01 0.000000000000000e+00
1.320188809938914e-01 1.931892118382120e-01 0.000000000000000e+00
1.524431422099992e-01 2.374608557128285e-01 0.000000000000000e+00
1.432170696703018e-01 2.464810870256119e-01 0.000000000000000e+00
1.414594847585341e-01 2.371158037744698e-01 0.000000000000000e+00
1.546862022858789e-02 3.202145941250780e-01 0.000000000000000e+00
9.912914215304797e-03 3.155651543037138e-01 0.000000000000000e+00
5.328517315963238e-02 1.012902045630864e-01 0.000000000000000e+00
8.991270055034117e-02 1.879800673913205e-01 0.000000000000000e+00
2.181671282612538e-01 3.125467200856762e-01 0.000000000000000e+00
2.096610790087606e-01 3.199660297213368e-01 0.000000000000000e+00
2.212418709006178e-01 1.147351561337805e-01 0.000000000000000e+00
9.558911265023350e-02 4.458423506895978e-01 0.000000000000000e+00
9.210763909188190e-02 4.372572951362389e-01 0.000000000000000e+00
1.084181965573578e-01 4.036540633082223e-01 0.000000000000000e+00
6.113929059560745e-02 2.162136189505916e-01 0.000000000000000e+00
8.035374718050357e-02 2.341785114448944e-01 0.000000000000000e+00
6.917749307851195e-02 1.778376431857778e-01 0.000000000000000e+00
4.852852138666617e-02 1.645923819167456e-01 0.000000000000000e+00
1.344759055054140e-01 2.289524298518763e-01 0.000000000000000e+00
7.317747714530833e-02 3.562987124686233e-01 0.000000000000000e+00
6.803526777013182e-02 3.304273871066843e-01 0.000000000000000e+00
6.638897281999957e-02 3.410357414581736e-01 0.000000000000000e+00
1.698831051883300e-01 3.992694940411383e-01 0.000000000000000e+00
1.788607844859856e-01 3.759449941251142e-01 0.000000000000000e+00
1.811108773913526e-01 3.660304944078818e-01 0.000000000000000e+00
1.955153682213849e-01 2.145387571615625e-01 0.000000000000000e+00
2.027233982814086e-01 2.208492398887949e-01 0.000000000000000e+00
2.260083987321375e-01 2.236697053815656e-01 0.000000000000000e+00
7.852925448973086e-02 3.042130109028091e-01 0.000000000000000e+00
7.824683859838748e-02 1.606527996650715e-01 0.000000000000000e+00
2.022370072756465e-01 4.221439596838272e-02 0.000000000000000e+00
2.117601177184556e-01 3.519504811966435e-02 0.000000000000000e+00
4.518032621086677e-02 3.563600103664075e-01 0.000000000000000e+00
6.031756122770959e-02 3.827419186110910e-01 0.000000000000000e+00
5.766202143214443e-02 3.704007453771067e-01 0.000000000000000e+00
2.115420758858921e-01 2.763156237841214e-01 0.000000000000000e+00
2.209862273287133e-01 2.762365986939807e-01 0.000000000000000e+00
2.290633664464249e-01 2.835900272087268e-01 0.000000000000000e+00
2.281675277064432e-01 2.948179128799712e-01 0.000000000000000e+00
1.918429440237709e-01 2.756176169964762e-01 0.000000000000000e+00
2.035928438393993e-01 2.816482207371506e-01 0.000000000000000e+00
3.498829225395129e-02 1.792280801994141e-01 0.000000000000000e+00
2.246914377262984e-01 2.672596563194329e-01 0.000000000000000e+00
2.296597640812703e-01 2.742417997864233e-01 0.000000000000000e+00
1.054697380292859e-01 2.286069288075786e-01 0.000000000000000e+00
8.725457327202792e-02 1.667114141046031e-01 0.000000000000000e+00
1.016787032976321e-01 1.755314658244136e-01 0.000000000000000e+00
1.719544872659947e-01 4.210068580590613e-02 0.000000000000000e+00
1.933929574650589e-02 3.366811547647068e-01 0.000000000000000e+00
1.599519474950180e-01 3.863454083619013e-01 0.000000000000000e+00
1.443428759568901e-01 4.112098072013607e-01 0.000000000000000e+00
2.073010677878363e-01 1.907677010791408e-02 0.000000000000000e+00
1.982624337425440e-01 1.479168717495974e-02 0.000000000000000e+00
5.245911262131043e-02 4.854296348549743e-01 0.000000000000000e+00
4.520665852611977e-02 4.817975324179312e-01 0.000000000000000e+00
4.880652377490141e-02 2.483534363638211e-01 0.000000000000000e+00
5.106085712808527e-02 3.101517343150947e-02 0.000000000000000e+00
1.914321304340244e-01 9.310980737144910e-02 0.000000000000000e+00
2.337515992339755e-01 3.768661249732185e-01 0.000000000000000e+00
2.256778026503154e-01 3.567613707900173e-01 0.000000000000000e+00
2.424598623022746e-01 4.416751891773909e-01 0.000000000000000e+00
1.126305429845084e-01 9.289358111831449e-02 0.000000000000000e+00
1.624205175249839e-01 2.159916176861624e-01 0.000000000000000e+00
5.283457815487920e-02 2.905754900679864e-01 0.000000000000000e+00
5.382122112195508e-02 3.015643217730197e-01 0.000000000000000e+00
4.912795174661300e-02 3.126807953806843e-01 0.000000000000000e+00
3.608910956122471e-02 3.303260147591729e-02 0.000000000000000e+00
2.804516326815520e-02 4.756068526304932e-03 0.000000000000000e+00
3.336952051092013e-02 4.294017294372928e-03 0.000000000000000e+00
1.985840994640696e-01 1.639537718287725e-01 0.000000000000000e+00
4.091401678418845e-02 1.879426174800345e-01 0.000000000000000e+00
2.426361145678491e-01 4.912295763953914e-01 0.000000000000000e+00
9.278813235158569e-02 4.731041649766959e-01 0.000000000000000e+00
9.239170124760793e-02 8.872249276874775e-02 0.000000000000000e+00
1.896901269376544e-01 1.670255839942463e-02 0.000000000000000e+00
1.924402090925104e-01 9.695108544595803e-03 0.000000000000000e+00
1.641778175892718e-01 1.754162275211461e-02 0.000000000000000e+00
6.069649686931623e-02 4.835651068474177e-01 0.000000000000000e+00
5.776722107520649e-02 4.903366133213293e-01 0.000000000000000e+00
8.542004858671462e-02 4.821965331577983e-01 0.000000000000000e+00
8.664095792512733e-02 2.987801880228029e-01 0.000000000000000e+00
3.247420270521093e-02 4.404948207631663e-01 0.000000000000000e+00
7.542906739763287e-03 4.313023521542328e-01 0.000000000000000e+00
1.223652626433165e-02 4.233861427986429e-01 0.000000000000000e+00
1.352309432705674e-01 3.161841664131241e-01 0.000000000000000e+00
1.690290617638801e-01 4.955148109439022e-01 0.000000000000000e+00
1.755700746432848e-01 4.953151416232842e-01 0.000000000000000e+00
1.913355899360683e-01 4.876127829993638e-01 0.000000000000000e+00
1.908052514505806e-01 4.824949384154353e-01 0.000000000000000e+00
8.060978052060214e-02 4.756029446293724e-03 0.000000000000000e+00
7.490708191932348e-02 4.596720077509621e-03 0.000000000000000e+00
6.069765584844632e-02 2.402294147536371e-02 0.000000000000000e+00
5.522510277348076e-02 1.943474199619023e-02 0.000000000000000e+00
1.102853891699304e-01 2.795493840996469e-01 0.000000000000000e+00
1.449702581063972e-01 4.581721940678686e-01 0.000000000000000e+00
7.703554016734777e-02 4.617369987820942e-02 0.000000000000000e+00
8.229151646287140e-02 3.784550504066386e-02 0.000000000000000e+00
1.070597983394751e-01 4.483357150711839e-02 0.000000000000000e+00
1.032699820702914e-01 5.546611935971200e-02 0.000000000000000e+00
1.655793137893555e-01 1.129104919632823e-01 0.000000000000000e+00
1.544412467005847e-01 1.103035542668553e-01 0.000000000000000e+00
3.127252523169306e-02 1.413300911777325e-01 0.000000000000000e+00
2.267014533751246e-02 1.469897091238292e-01 0.000000000000000e+00
5.199710581835489e-02 1.476664306064431e-01 0.000000000000000e+00
6.773645252759541e-02 4.055666735829970e-01 0.000000000000000e+00
6.513764118615767e-02 3.944680795771779e-01 0.000000000000000e+00
6.388426034095057e-02 3.042477538815996e-02 0.000000000000000e+00
1.616587989152553e-01 3.953239274618840e-01 0.000000000000000e+00
1.717295309103398e-01 4.086157405709130e-01 0.000000000000000e+00
1.886710554770511e-01 4.763903816527889e-01 0.000000000000000e+00
1.982597685710536e-01 1.937489086320870e-01 0.000000000000000e+00
1.999725116499741e-01 1.356344657771934e-01 0.000000000000000e+00
1.933555391723449e-01 1.245132360510738e-01 0.000000000000000e+00
1.413741521012276e-01 1.650889619968918e-02 0.000000000000000e+00
1.435107254789979e-01 1.079654893533402e-02 0.000000000000000e+00
1.074651789244773e-01 4.890709933907368e-01 0.000000000000000e+00
1.290446718904501e-01 4.866628227739351e-01 0.000000000000000e+00
2.065659293528122e-01 2.739225144452866e-02 0.000000000000000e+00
4.229263919267420e-02 4.734399156083818e-01 0.000000000000000e+00
2.282490270515219e-01 5.845893491616556e-02 0.000000000000000e+00
1.155451335735627e-01 8.135755583168331e-03 0.000000000000000e+00
1.131217582607624e-01 1.522183214028962e-02 0.000000000000000e+00
1.105211305824712e-01 9.527641665339655e-03 0.000000000000000e+00
1.204656586670845e-01 1.393681879547070e-02 0.000000000000000e+00
1.344223934537222e-01 4.918009145531921e-01 0.000000000000000e+00
1.367164152354262e-01 4.847333386851284e-01 0.000000000000000e+00
1.394134448770296e-01 4.903981308113112e-01 0.000000000000000e+00
2.049318424260553e-01 3.942557164008146e-01 0.000000000000000e+00
2.013919843720177e-01 3.864168214265778e-01 0.000000000000000e+00
1.044553967933113e-01 2.575220362683038e-01 0.000000000000000e+00
1.540956647201679e-02 9.395446387617823e-02 0.000000000000000e+00
1.389229525836471e-01 6.422289918837880e-02 0.000000000000000e+00
9.917785935502156e-02 2.009237164993819e-02 0.000000000000000e+00
8.503654550298113e-02 8.960696576564448e-03 0.000000000000000e+00
1.642585673068114e-01 4.916047980279714e-01 0.000000000000000e+00
1.823901860786282e-01 1.257012044962359e-01 0.000000000000000e+00
1.758726557453328e-01 2.394816867903962e-01 0.000000000000000e+00
1.710536995390429e-01 2.468331580301906e-01 0.000000000000000e+00
1.222970939893837e-01 2.825227484631360e-01 0.000000000000000e+00
1.175398490811484e-01 3.118332614310435e-01 0.000000000000000e+00
2.297731868845027e-01 4.859206374225220e-02 0.000000000000000e+00
1.541942040772593e-01 3.597933855241847e-01 0.000000000000000e+00
1.640815711261061e-01 3.601400818338472e-01 0.000000000000000e+00
9.555964051397030e-02 3.775665102102215e-01 0.000000000000000e+00
1.615649197983789e-01 4.411893392235577e-01 0.000000000000000e+00
1.540593583471487e-01 4.332404722659595e-01 0.000000000000000e+00
6.168625855638907e-02 3.235324564373355e-01 0.000000000000000e+00
1.108001662858013e-01 3.692115804142763e-01 0.000000000000000e+00
7.676937565180998e-02 4.407212446669387e-01 0.000000000000000e+00
5.285741540914737e-02 1.372595595450750e-01 0.000000000000000e+00
2.218569398190749e-01 4.865197741980773e-01 0.000000000000000e+00
2.233035037683787e-01 4.774276151297335e-01 0.000000000000000e+00
1.022836784068565e-01 8.506703653404268e-02 0.000000000000000e+00
1.081916685493440e-01 2.071164447024727e-02 0.000000000000000e+00
1.529777386951281e-01 4.635609069170125e-01 0.000000000000000e+00
2.143538446526335e-01 4.420902058322084e-01 0.000000000000000e+00
2.037036874178994e-01 4.404802283005682e-01 0.000000000000000e+00
1.772715734889676e-01 4.031250156967682e-01 0.000000000000000e+00
1.221804550406671e-01 9.182687994660016e-02 0.000000000000000e+00
1.199061449389384e-01 4.632196984589210e-02 0.000000000000000e+00
1.144148988945763e-01 3.657163129231070e-02 0.000000000000000e+00
8.042960929006224e-02 6.285677753515698e-02 0.000000000000000e+00
8.360452002697785e-02 5.453785015459003e-02 0.000000000000000e+00
1.420763728704695e-01 1.781693255541670e-01 0.000000000000000e+00
2.034557792275374e-01 8.004335541585420e-02 0.000000000000000e+00
1.013528217122033e-01 2.363192598748640e-01 0.000000000000000e+00
7.499679661411363e-02 2.272460208656747e-01 0.000000000000000e+00
7.866062928600164e-02 2.015711203369468e-01 0.000000000000000e+00
2.118357677219637e-01 5.409908554950151e-02 0.000000000000000e+00
1.572778545488059e-01 6.986680103358454e-02 0.000000000000000e+00
1.833524587497338e-02 4.137682623761691e-01 0.000000000000000e+00
5.118082452496283e-02 4.189212606436199e-01 0.000000000000000e+00
7.223542079240493e-02 3.854725958049879e-01 0.000000000000000e+00
1.277260565219532e-01 1.458268727076299e-01 0.000000000000000e+00
1.207707811544355e-01 1.523677232453956e-01 0.000000000000000e+00
6.869117765338191e-02 1.666579201087371e-01 0.000000000000000e+00
1.641603061466483e-01 1.276869412630352e-01 0.000000000000000e+00
3.877112149930623e-02 1.130583489449169e-01 0.000000000000000e+00
1.674284651026454e-01 1.210337832692243e-01 0.000000000000000e+00
2.086769536436841e-01 2.469743627620101e-01 0.000000000000000e+00
1.757456970605918e-01 3.132934880692287e-01 0.000000000000000e+00
1.089258416419367e-01 4.605155774387671e-01 0.000000000000000e+00
2.274017819076580e-01 3.204796114998463e-01 0.000000000000000e+00
2.324246833217759e-01 1.552867432843947e-01 0.000000000000000e+00
4.095190116398215e-02 2.350964696096338e-02 0.000000000000000e+00
4.781727611170710e-02 2.114392740682416e-02 0.000000000000000e+00
2.773321902753924e-02 2.308669680356926e-01 0.000000000000000e+00
1.170858712155028e-01 4.096107730337285e-01 0.000000000000000e+00
1.155508777124353e-01 1.903588337386477e-01 0.000000000000000e+00
1.658078294641845e-01 1.643737815642088e-01 0.000000000000000e+00
7.635317635236050e-02 3.374434676485142e-01 0.000000000000000e+00
2.072364065160601e-01 4.492991065288808e-01 0.000000000000000e+00
9.544047374833216e-02 2.597720997313489e-01 0.000000000000000e+00
1.941437417081730e-01 4.059402674311401e-01 0.000000000000000e+00
3.707402673280612e-02 4.807377379468713e-01 0.000000000000000e+00
9.220353777550609e-02 4.816846668098883e-01 0.000000000000000e+00
1.534795938741990e-01 4.890669997693816e-02 0.000000000000000e+00
2.064003881197200e-01 4.843972891135903e-01 0.000000000000000e+00
2.124909970775715e-01 4.874641936743569e-01 0.000000000000000e+00
1.586458610603596e-01 1.693249490358115e-02 0.000000000000000e+00
6.518611173741787e-02 8.395392407516583e-02 0.000000000000000e+00
1.946832486005701e-01 8.408361743851343e-02 0.000000000000000e+00
1.210831092319741e-01 3.872265461663696e-01 0.000000000000000e+00
6.787048484947778e-02 2.383735712645509e-02 0.000000000000000e+00
4.935494331771183e-02 1.442553828654819e-02 0.000000000000000e+00
3.612456624522257e-02 4.633693216186642e-01 0.000000000000000e+00
8.859231629875551e-02 3.801462286995858e-01 0.000000000000000e+00
1.920781781756816e-02 4.783198529198868e-01 0.000000000000000e+00
2.308939344273936e-01 4.749596702299216e-01 0.000000000000000e+00
1.983223614153997e-02 4.929149917499277e-01 0.000000000000000e+00
1.969221598307058e-02 4.859010772123383e-01 0.000000000000000e+00
2.301829203602042e-01 7.479702731857922e-03 0.000000000000000e+00
2.052517453253389e-01 2.906276692052739e-01 0.000000000000000e+00
1.502570587168786e-01 4.817680198750892e-01 0.000000000000000e+00
1.672611738476358e-02 3.954331982324646e-01 0.000000000000000e+00
1.707411302298504e-01 2.548859666442054e-01 0.000000000000000e+00
1.130424428806057e-01 1.971406115762482e-01 0.000000000000000e+00
1.326746001798042e-01 2.046050556325894e-01 0.000000000000000e+00
1.355267783597944e-01 2.520407326328322e-01 0.000000000000000e+00
4.368914510714746e-02 1.696280072666797e-02 0.000000000000000e+00
8.007853845493204e-02 1.287777906920715e-01 0.000000000000000e+00
7.444044726604848e-02 3.475638129682978e-01 0.000000000000000e+00
1.888328764830593e-01 4.812147743139598e-03 0.000000000000000e+00
6.113984344556202e-02 4.952928068538842e-01 0.000000000000000e+00
7.046116898001695e-02 4.844918629127596e-01 0.000000000000000e+00
1.794088410312943e-01 1.552318331928085e-02 0.000000000000000e+00
1.112798698261587e-01 4.878467935383645e-01 0.000000000000000e+00
1.074679366154525e-01 4.949085449638175e-01 0.000000000000000e+00
1.395122707520622e-01 1.231828562825400e-02 0.000000000000000e+00
1.428167008805579e-01 5.038772289803268e-03 0.000000000000000e+00
1.712208695391312e-01 4.902141146683404e-01 0.000000000000000e+00
1.839862839825109e-02 4.748517870041915e-02 0.000000000000000e+00
2.861414932197561e-02 1.580309906423607e-02 0.000000000000000e+00
2.363433502514669e-01 9.961907588981973e-03 0.000000000000000e+00
1.063821160842416e-01 1.354673776179371e-02 0.000000000000000e+00
1.434433197973080e-01 4.862635528209748e-01 0.000000000000000e+00
1.638831959630677e-01 4.962034085066457e-01 0.000000000000000e+00
8.611680403693223e-02 3.796591493354288e-03 0.000000000000000e+00
2.148445934632073e-01 1.910052214676812e-02 0.000000000000000e+00
3.405537134996532e-02 4.953695390153044e-01 0.000000000000000e+00
2.155506068044914e-01 4.593392811577012e-03 0.000000000000000e+00
8.673506597962877e-02 4.956168879912314e-01 0.000000000000000e+00
1.632676063556104e-01 4.378057389317040e-03 0.000000000000000e+00
5.657695570625109e-02 1.064327676146914e-02 0.000000000000000e+00
2.096358578162209e-01 4.917303560302813e-01 0.000000000000000e+00
8.225399923524353e-02 4.940795847618482e-01 0.000000000000000e+00
1.677488258048664e-01 5.915071783303076e-03 0.000000000000000e+00