VARIABLES= "X", "Y", "K"
0.25 0.0102041 4.56581e-006
0.25 0.0204082 8.24944e-006
0.25 0.0306122 7.92598e-006
0.25 0.0408163 8.93417e-006
0.25 0.0510204 1.01786e-005
0.25 0.0612245 1.44153e-005
0.25 0.0714286 2.60704e-005
0.25 0.0816327 2.71314e-005
0.25 0.0918367 3.5036e-005
0.25 0.102041 4.14985e-005
0.25 0.112245 4.34905e-005
0.25 0.122449 4.59056e-005
0.25 0.132653 3.09443e-005
0.25 0.142857 4.05625e-005
0.25 0.153061 2.67409e-005
0.25 0.163265 4.36615e-005
0.25 0.173469 3.89586e-005
0.25 0.183673 4.19995e-005
0.25 0.193878 4.67688e-005
0.25 0.204082 4.54101e-005
0.25 0.214286 5.32553e-005
0.25 0.22449 4.91958e-005
0.25 0.234694 5.23816e-005
0.25 0.244898 7.62355e-005
0.25 0.255102 7.54378e-005
0.25 0.265306 7.70483e-005
0.25 0.27551 8.21485e-005
0.25 0.285714 0.000125206
0.25 0.295918 0.00011481
0.25 0.306122 0.000176927
0.25 0.316327 0.000187708
0.25 0.326531 0.000177776
0.25 0.336735 0.000172437
0.25 0.346939 0.000215232
0.25 0.357143 0.000237667
0.25 0.367347 0.000323451
0.25 0.377551 0.00035046
0.25 0.387755 0.000398669
0.25 0.397959 0.000447998
0.25 0.408163 0.000498872
0.25 0.418367 0.000555137
0.25 0.428571 0.00078423
0.25 0.438776 0.000830209
0.25 0.44898 0.00128021
0.25 0.459184 0.00114843
0.25 0.469388 0.00165725
0.25 0.479592 0.00162484
0.25 0.489796 0.00197032
0.25 0 1.99991e-006
0.25 0.5 0.00307054
0.238095 0.5 0.00644317
0.22619 0.5 0.0114288
0.214286 0.5 0.0171796
0.202381 0.5 0.0242157
0.190476 0.5 0.0334096
0.178571 0.5 0.0451303
0.166667 0.5 0.058105
0.154762 0.5 0.070188
0.142857 0.5 0.0849061
0.130952 0.5 0.105374
0.119048 0.5 0.129017
0.107143 0.5 0.160147
0.0952381 0.5 0.191343
0.0833333 0.5 0.230969
0.0714286 0.5 0.289579
0.0595238 0.5 0.358981
0.047619 0.5 0.439009
0.0357143 0.5 0.529368
0.0238095 0.5 0.640919
0.0119048 0.5 0.787157
0 0.5 1
0 0.489796 1
0 0.479592 1
0 0.469388 1
0 0.459184 1
0 0.44898 1
0 0.438776 1
0 0.428571 1
0 0.418367 1
0 0.408163 1
0 0.397959 1
0 0.387755 1
0 0.377551 1
0 0.367347 1
0 0.357143 1
0 0.346939 1
0 0.336735 1
0 0.326531 1
0 0.316327 1
0 0.306122 1
0 0.295918 1
0 0.285714 1
0 0.27551 1
0 0.265306 1
0 0.255102 1
0 0.244898 1
0 0.234694 1
0 0.22449 1
0 0.214286 1
0 0.204082 1
0 0.193878 1
0 0.183673 1
0 0.173469 1
0 0.163265 1
0 0.153061 1
0 0.142857 1
0 0.132653 1
0 0.122449 1
0 0.112245 1
0 0.102041 1
0 0.0918367 1
0 0.0816327 1
0 0.0714286 1
0 0.0612245 1
0 0.0510204 1
0 0.0408163 1
0 0.0306122 1
0 0.0204082 1
0 0.0102041 1
0 0 1
0.238095 0 4.50528e-006
0.22619 0 8.6448e-006
0.214286 0 1.23778e-005
0.202381 0 2.39839e-005
0.190476 0 4.05362e-005
0.178571 0 6.19603e-005
0.166667 0 9.39401e-005
0.154762 0 0.000184393
0.142857 0 0.000214896
0.130952 0 0.000721954
0.119048 0 0.00109857
0.107143 0 0.00168319
0.0952381 0 0.00420602
0.0833333 0 0.00596045
0.0714286 0 0.0111762
0.0595238 0 0.022322
0.047619 0 0.0400743
0.0357143 0 0.0805263
0.0238095 0 0.124012
0.0119048 0 0.249397
0.0509186 0.437899 0.105759
0.0506711 0.429481 0.114926
0.0511661 0.446316 0.137675
0.0504236 0.421064 0.121444
0.0604475 0.421064 0.0585476
0.0704714 0.421064 0.0342813
0.0704714 0.429481 0.0121093
0.0704714 0.437899 0.0188123
0.0704714 0.446316 0.0532021
0.0608187 0.446316 0.0809126
0.125788 0.433319 0.00859292
0.125417 0.444088 0.0209327
0.12616 0.42255 0.00791688
0.137297 0.42255 0.00361686
0.148435 0.42255 0.00424216
0.148435 0.43369 0.00489467
0.148435 0.444831 0.0105326
0.136926 0.444459 0.00981824
0.0533936 0.351993 0.0981202
0.0533936 0.361648 0.101706
0.0533936 0.342338 0.130867
0.0634175 0.342338 0.0623404
0.0734414 0.342338 0.0367788
0.0734414 0.35125 0.0155261
0.0734414 0.360163 0.0216754
0.0634175 0.360905 0.0422511
0.12616 0.354964 0.00558864
0.12616 0.363876 0.00468903
0.12616 0.346051 0.00555536
0.133956 0.346051 0.00357786
0.141752 0.346051 0.00294224
0.141381 0.356078 0.00119353
0.14101 0.366104 0.00240627
0.133585 0.36499 0.00237229
0.0472061 0.257422 0.0573411
0.0469585 0.249005 0.0625671
0.0474536 0.265839 0.0999639
0.046711 0.240587 0.109954
0.0566112 0.24034 0.0474072
0.0665113 0.240092 0.0166797
0.0764114 0.239845 0.0138499
0.0764114 0.247272 0.00693856
0.0764114 0.254699 0.00993282
0.0764114 0.262126 0.0237685
0.0667588 0.263364 0.0221427
0.0571062 0.264601 0.0402908
0.129377 0.264601 0.00298029
0.128882 0.254451 0.00309481
0.129872 0.274752 0.00556014
0.128387 0.244301 0.00389383
0.139154 0.244301 0.00121105
0.14992 0.244301 0.00075569
0.150167 0.254204 0.000428381
0.150415 0.264106 0.000691547
0.150662 0.274009 0.00194564
0.140267 0.27438 0.00203822
0.0533936 0.174734 0.0891313
0.0533936 0.16607 0.107558
0.0533936 0.183399 0.0966215
0.0533936 0.157405 0.0971322
0.0637888 0.157652 0.0443477
0.0741839 0.1579 0.0192786
0.084579 0.158147 0.0125236
0.084579 0.167307 0.00466103
0.084579 0.176467 0.00377966
0.084579 0.185627 0.00924394
0.0741839 0.184885 0.0159837
0.0637888 0.184142 0.0298221
0.130615 0.177458 0.00179101
0.130615 0.16706 0.00246356
0.130615 0.187856 0.00202884
0.130615 0.156662 0.00270906
0.139525 0.156167 0.00144467
0.148435 0.155672 0.000654179
0.157345 0.155177 0.000668401
0.157345 0.16607 0.000302203
0.157345 0.176963 0.000249835
0.157345 0.187856 0.000494758
0.148435 0.187856 0.000435937
0.139525 0.187856 0.000790085
0.0606702 0.0869965 0.0926661
0.0605217 0.0774899 0.0779984
0.0603732 0.0679833 0.0656844
0.0602247 0.0584767 0.0650879
0.0608187 0.0965031 0.103918
0.0600762 0.0489701 0.0572051
0.0708426 0.0489701 0.0206576
0.081609 0.0489701 0.00745633
0.0811635 0.0592194 0.00205199
0.080718 0.0694687 0.00141281
0.0802725 0.079718 0.00184426
0.079827 0.0899673 0.00501755
0.0793815 0.100217 0.0178725
0.0701001 0.0983598 0.0372258
0.135317 0.0762025 0.00138436
0.134822 0.0648144 0.001114
0.135812 0.0875906 0.001643
0.134327 0.0534263 0.000941525
0.143237 0.0529312 0.000293517
0.152147 0.052436 9.39646e-005
0.161058 0.0519409 0.000124374
0.161305 0.0630814 7.50008e-005
0.161553 0.074222 8.9931e-005
0.1618 0.0853625 0.000457298
0.153137 0.0861052 0.000486884
0.144475 0.0868479 0.000704973
0.0540686 0.0440731 0.108715
0.048061 0.0391761 0.154841
0.0420534 0.0342791 0.187673
0.0360457 0.029382 0.229858
0.0300381 0.024485 0.285885
0.0240305 0.019588 0.311082
0.0180229 0.014691 0.345744
0.0120152 0.00979402 0.402147
0.00600762 0.00489701 0.466055
0.0903954 0.0497128 0.0062414
0.0991817 0.0504555 0.00561685
0.107968 0.0511982 0.0045278
0.116754 0.0519409 0.00323882
0.125541 0.0526836 0.00195017
0.169952 0.0467468 0.000157308
0.178846 0.0415527 0.000153713
0.18774 0.0363586 0.000122648
0.196635 0.0311645 8.70983e-005
0.205529 0.0259704 6.48774e-005
0.214423 0.0207764 4.40017e-005
0.223317 0.0155823 2.58955e-005
0.232212 0.0103882 1.21445e-005
0.241106 0.00519409 4.40105e-006
0.161058 0.0969982 0.00103018
0.160315 0.108634 0.00156642
0.159573 0.12027 0.00185537
0.15883 0.131905 0.00190326
0.158088 0.143541 0.00145311
0.156107 0.197263 0.000941965
0.15487 0.206671 0.00134129
0.153632 0.216078 0.00165875
0.152395 0.225486 0.0016853
0.151157 0.234893 0.00131912
0.149177 0.286016 0.00437801
0.147692 0.298023 0.00634662
0.146207 0.31003 0.00736698
0.144722 0.322037 0.0072742
0.143237 0.334044 0.00527837
0.142247 0.375512 0.00491313
0.143485 0.384919 0.00653172
0.144722 0.394327 0.00728031
0.14596 0.403734 0.00690678
0.147197 0.413142 0.00544702
0.116259 0.444459 0.0360626
0.107102 0.444831 0.0496076
0.0979442 0.445202 0.0592113
0.0887866 0.445573 0.0589948
0.079629 0.445945 0.0552367
0.0709664 0.410914 0.0617087
0.0714614 0.400764 0.079196
0.0719564 0.390613 0.0832158
0.0724514 0.380463 0.0716985
0.0729464 0.370313 0.0446013
0.0739364 0.328969 0.0676471
0.0744314 0.3156 0.0929192
0.0749264 0.302232 0.0953883
0.0754214 0.288863 0.0879964
0.0759164 0.275494 0.0530225
0.0777727 0.230808 0.0262795
0.079134 0.221772 0.0361275
0.0804952 0.212736 0.038676
0.0818565 0.2037 0.0341726
0.0832178 0.194664 0.0221859
0.0837128 0.148492 0.0277873
0.0828465 0.138837 0.0444687
0.0819803 0.129182 0.0518719
0.081114 0.119527 0.04969
0.0802477 0.109872 0.036382
0.162344 0.0400967 0.000238247
0.154388 0.0384263 0.000376439
0.155515 0.0454519 0.000203204
0.0195999 0.00770867 0.213113
0.221638 0.00729449 1.43443e-005
0.212184 0.010502 2.68741e-005
0.202917 0.0118235 3.86468e-005
0.198235 0.0203408 6.38303e-005
0.194511 0.0104664 4.63416e-005
0.190217 0.018772 7.68051e-005
0.183712 0.0245505 0.000119617
0.183303 0.0120732 8.35337e-005
0.172816 0.0215387 0.000191199
0.0294619 0.0166685 0.217383
0.0237741 0.0132872 0.227555
0.028073 0.0084798 0.147996
0.0366523 0.0131179 0.143885
0.0342034 0.0210528 0.210751
0.0390105 0.0213793 0.170954
0.0456051 0.0180004 0.113415
0.191324 0.026429 9.22332e-005
0.170557 0.00962147 0.00013224
0.164535 0.0244981 0.000288284
0.161159 0.0175755 0.000318809
0.145589 0.0270976 0.000813491
0.141271 0.0171279 0.000836288
0.135872 0.0263506 0.00139383
0.0423265 0.0260326 0.16334
0.0436928 0.00786073 0.0726052
0.0546722 0.037622 0.104156
0.0590462 0.0418118 0.0709017
0.048669 0.0268099 0.122681
0.0569199 0.0205031 0.0719324
0.0648215 0.027308 0.0558718
0.0618093 0.0359044 0.065322
0.0713943 0.0363954 0.0334176
0.0646046 0.0424895 0.0421191
0.0964216 0.0439763 0.00750615
0.0664566 0.00911869 0.0271867
0.0741405 0.0149101 0.0247637
0.0776979 0.00764164 0.0132443
0.0761376 0.0242676 0.0285365
0.0831462 0.0157986 0.0166067
0.0561454 0.0302521 0.0911113
0.106644 0.0226386 0.00573938
0.102873 0.0315702 0.00738912
0.111854 0.0340567 0.00485574
0.0870746 0.00759395 0.00836478
0.0952829 0.0153553 0.00860476
0.110487 0.0442143 0.0047987
0.119494 0.0418198 0.00324438
0.117633 0.025539 0.00343978
0.122658 0.0334517 0.00284312
0.129629 0.04044 0.00194376
0.131155 0.0323776 0.0018641
0.124436 0.0469002 0.00236906
0.106061 0.010099 0.00333212
0.114478 0.00731811 0.00183523
0.147659 0.043769 0.000405117
0.151821 0.0112447 0.000398137
0.151351 0.0203981 0.000557593
0.148858 0.0348063 0.000621033
0.139735 0.0357941 0.00111734
0.137558 0.0456628 0.000908324
0.124428 0.0103044 0.00157953
0.134002 0.0104376 0.000903859
0.142422 0.00640078 0.000433887
0.171172 0.0384159 0.000189771
0.130298 0.0478226 0.00154792
0.103188 0.0391632 0.00676307
0.103506 0.0459854 0.00586856
0.156916 0.0289449 0.000425115
0.167407 0.0307504 0.000243557
0.177334 0.0323426 0.000167936
0.0788175 0.0423426 0.0160712
0.0610947 0.0143621 0.048281
0.0665932 0.0181188 0.0422191
0.123079 0.0193891 0.00237691
0.115387 0.0158814 0.00306856
0.0975179 0.0258578 0.00945251
0.0942455 0.0347015 0.0105884
0.0499802 0.0333651 0.129532
0.0544091 0.00970784 0.0498462
0.126866 0.0260614 0.00221801
0.0828672 0.0345163 0.0186147
0.0874443 0.0424751 0.0107366
0.088544 0.0250233 0.0149639
0.160986 0.00735847 0.000193169
0.20681 0.0182044 4.76078e-005
0.130934 0.018355 0.00148638
0.144389 0.150505 0.00142287
0.137469 0.1473 0.00308296
0.142738 0.280188 0.00325554
0.153736 0.0938928 0.000977997
0.147197 0.194117 0.000969082
0.140916 0.414582 0.00527264
0.0883512 0.0569635 0.00380631
0.0748783 0.44193 0.030921
0.117819 0.43638 0.020266
0.150693 0.149698 0.00111593
0.135287 0.338112 0.00554739
0.129709 0.0582773 0.00116932
0.125121 0.0616106 0.00191505
0.142299 0.236908 0.001615
0.128694 0.369965 0.00522584
0.135546 0.37069 0.00395476
0.139527 0.0953484 0.00197648
0.147435 0.0922233 0.000936766
0.140693 0.106627 0.00328417
0.131914 0.102216 0.00433958
0.138879 0.302918 0.00888642
0.141229 0.29386 0.0072007
0.13276 0.295988 0.0103399
0.135675 0.280446 0.00446213
0.127497 0.286146 0.0102698
0.13818 0.287107 0.0065417
0.12403 0.401766 0.0142241
0.136184 0.398717 0.00909825
0.129849 0.392021 0.0111727
0.134186 0.40827 0.00839727
0.13796 0.390915 0.00846586
0.117635 0.0821817 0.004507
0.106305 0.0833304 0.00626421
0.112827 0.0929324 0.00730193
0.130426 0.320068 0.0120451
0.136033 0.329475 0.00788989
0.131482 0.197048 0.00288652
0.137853 0.193811 0.00148043
0.119168 0.210173 0.00718291
0.130396 0.206979 0.00404115
0.123505 0.19957 0.00496942
0.117458 0.224059 0.00815429
0.109985 0.21698 0.0108126
0.0884517 0.0670025 0.00286421
0.0993504 0.0708597 0.00452787
0.0911169 0.0759957 0.00402041
0.0853821 0.0752035 0.00228502
0.100743 0.0948452 0.010969
0.0908916 0.437716 0.0427824
0.0848237 0.439709 0.0442987
0.097267 0.431512 0.0357726
0.0979229 0.440227 0.0455182
0.0785183 0.43788 0.0327359
0.076078 0.430188 0.021366
0.0854102 0.431943 0.0352991
0.124006 0.0720524 0.00242649
0.11704 0.0641445 0.00303537
0.119606 0.0576915 0.00268688
0.113939 0.0575177 0.00340378
0.100251 0.0587946 0.00457333
0.108327 0.0626133 0.00400184
0.0867672 0.102691 0.0206122
0.0890209 0.0936612 0.010241
0.0929715 0.117246 0.0275242
0.091226 0.109085 0.0242316
0.0867459 0.115937 0.0348118
0.090308 0.132624 0.0338767
0.0886047 0.123364 0.0365909
0.118786 0.428144 0.0135483
0.101412 0.419729 0.0290212
0.115214 0.420313 0.0177581
0.111309 0.409093 0.021921
0.12419 0.413187 0.0118409
0.111026 0.438394 0.0332687
0.104839 0.437106 0.037053
0.0883258 0.414301 0.037344
0.0902887 0.401603 0.0404978
0.0795841 0.406697 0.0521423
0.107697 0.392359 0.0243764
0.11874 0.391495 0.0169998
0.111982 0.385935 0.0204594
0.105605 0.228988 0.0128985
0.141439 0.222625 0.00262299
0.144527 0.229928 0.00204938
0.1473 0.209508 0.0018843
0.14655 0.217224 0.00211427
0.122011 0.375301 0.0111172
0.131889 0.376725 0.00722249
0.0801348 0.396554 0.0584261
0.103119 0.384582 0.0265276
0.111105 0.377374 0.0187904
0.0798699 0.365537 0.0305825
0.0879566 0.359559 0.0256014
0.0793755 0.356946 0.0201498
0.121291 0.348655 0.00789795
0.117135 0.354015 0.0107161
0.0908355 0.340803 0.0302575
0.0995492 0.334425 0.0289727
0.0889458 0.328729 0.0437664
0.100308 0.357145 0.0215997
0.0919994 0.350136 0.0252364
0.08262 0.348338 0.0240246
0.0817696 0.337732 0.0369505
0.0989454 0.1044 0.0165056
0.099746 0.113212 0.0198818
0.151938 0.125227 0.00274688
0.148871 0.134146 0.00296632
0.137849 0.312638 0.00988521
0.126851 0.332398 0.0107994
0.119712 0.31254 0.019071
0.11196 0.305821 0.0256822
0.10729 0.316427 0.0297132
0.108866 0.328479 0.0244798
0.110145 0.339762 0.0189426
0.117341 0.333136 0.0168227
0.0864909 0.306242 0.0636295
0.0870475 0.284423 0.050935
0.120389 0.252151 0.00659536
0.0868116 0.271294 0.0334904
0.120079 0.242032 0.00677982
0.0942189 0.263377 0.0218474
0.100808 0.25262 0.0153339
0.0902337 0.2522 0.0161503
0.0839772 0.260247 0.0193223
0.0809054 0.267042 0.0304622
0.110696 0.244443 0.0107214
0.115892 0.234613 0.00848045
0.0824836 0.250137 0.0110286
0.0808992 0.243195 0.0110121
0.0869685 0.243209 0.0149019
0.0925364 0.216767 0.0210813
0.0901877 0.224057 0.0216019
0.0961361 0.223786 0.0177641
0.100726 0.240819 0.0142054
0.134249 0.237785 0.0024259
0.13624 0.230107 0.00298946
0.0955759 0.20772 0.0184157
0.0892043 0.201189 0.0224274
0.0874443 0.210037 0.0271389
0.085438 0.218699 0.0280523
0.0897454 0.193434 0.0152814
0.0944329 0.188052 0.0105525
0.0966873 0.169559 0.00676549
0.107143 0.176186 0.00676647
0.107282 0.164666 0.00743944
0.117554 0.169627 0.00491159
0.10685 0.190054 0.00861101
0.116189 0.181502 0.00532737
0.0981904 0.159175 0.0101053
0.090964 0.161963 0.00783649
0.108658 0.142702 0.0132879
0.0993046 0.136526 0.0209398
0.096743 0.148355 0.016933
0.115948 0.158499 0.0068779
0.106986 0.153696 0.0101759
0.0908378 0.155226 0.0135658
0.135282 0.135536 0.0052431
0.121012 0.138352 0.0093431
0.127899 0.145876 0.00592898
0.0905628 0.140982 0.0283273
0.152046 0.103479 0.00185723
0.145824 0.143688 0.00245608
0.128239 0.113899 0.00649676
0.117716 0.120329 0.0105309
0.124305 0.127249 0.00850634
0.0877975 0.372349 0.0338666
0.0992882 0.375499 0.0265165
0.0959605 0.366541 0.0251871
0.0976169 0.277427 0.0300515
0.095415 0.286479 0.0395425
0.0834609 0.318941 0.0622424
0.100129 0.345457 0.0234548
0.0943956 0.316227 0.0472393
0.111022 0.12986 0.0140483
0.122 0.0905849 0.00481571
0.127642 0.0835024 0.00266546
0.115536 0.288371 0.0190578
0.103309 0.289448 0.0314786
0.11065 0.297451 0.0257149
0.120027 0.277424 0.0121197
0.12289 0.268161 0.00671703
0.114647 0.268306 0.0126983
0.0788371 0.373631 0.0441196
0.114958 0.199252 0.00721241
0.118647 0.191188 0.00539116
0.123852 0.176001 0.00322798
0.124289 0.184359 0.00326397
0.149677 0.115578 0.00282358
0.139167 0.116974 0.00439536
0.143263 0.124979 0.00396513
0.101077 0.216407 0.0153014
0.10482 0.266474 0.0182531
0.111756 0.257852 0.0119298
0.109636 0.429874 0.0266989
0.132566 0.416344 0.00603114
0.108618 0.117947 0.0148502
0.116971 0.111904 0.00968016
0.108614 0.105373 0.012088
0.0944344 0.0555188 0.00485735
0.105699 0.367686 0.0199707
0.120922 0.341045 0.0108007
0.128869 0.340569 0.00627699
0.0996303 0.324583 0.0344821
0.0931452 0.294475 0.0482636
0.101223 0.303586 0.0381933
0.102682 0.400483 0.028301
0.11286 0.399108 0.0212019
0.0909997 0.38344 0.0381125
0.0876599 0.392372 0.0446433
0.096798 0.392549 0.0336544
0.123849 0.161111 0.00395637
0.0976734 0.180198 0.00801211
0.0907765 0.17499 0.00523735
0.0821376 0.379444 0.0474749
0.0806024 0.387338 0.0567795
0.0833623 0.295315 0.0690753
0.118057 0.38285 0.0156726
0.111411 0.360051 0.0151181
0.109003 0.350582 0.0168405
0.130031 0.30714 0.0128157
0.120926 0.299098 0.0173555
0.0924722 0.233594 0.0176149
0.0843557 0.22744 0.0245013
0.0828764 0.236184 0.0178532
0.125623 0.233542 0.00517485
0.149117 0.201886 0.00144942
0.12974 0.219997 0.0045719
0.117195 0.1487 0.00892814
0.0955317 0.0838353 0.00644619
0.135392 0.384117 0.0081035
0.121668 0.101279 0.00661209
0.129752 0.0934687 0.00349543
0.0985347 0.124631 0.0237007
0.139183 0.21301 0.00280591
0.109577 0.278351 0.0201003
0.140445 0.202179 0.00217232
0.125714 0.192206 0.00359802
0.13396 0.123788 0.00573347
0.0973859 0.19758 0.0140867
0.106618 0.205275 0.0113803
0.124512 0.153707 0.00541444
0.0904082 0.181067 0.00670832
0.0940497 0.244452 0.0153974
0.0868687 0.0830777 0.00403399
0.111885 0.0726383 0.00415785
0.11881 0.261572 0.00837842
0.11844 0.323967 0.0189234
0.122627 0.367926 0.00800175
0.120016 0.361651 0.0085593
0.0811253 0.42286 0.032662
0.0907576 0.423992 0.0342012
0.0987749 0.409068 0.0310279
0.0780946 0.415167 0.0421365
0.0934817 0.100825 0.0163729
0.115602 0.368402 0.0133621
0.132004 0.151942 0.00321817
0.1261 0.383863 0.0114779
0.115797 0.346742 0.0129939
0.146611 0.0984657 0.00171268
0.124114 0.260405 0.00448398
0.0939931 0.0616678 0.00417665
0.186926 0.0678288 0.000189854
0.196095 0.0573656 0.000147395
0.196298 0.0691524 0.000195292
0.0653019 0.271292 0.0533482
0.068955 0.365588 0.0331279
0.0763888 0.15044 0.0337163
0.07898 0.189783 0.0136308
0.00811129 0.487837 0.841062
0.241787 0.491998 0.00406494
0.0654176 0.33325 0.0857043
0.0625778 0.412263 0.0808105
0.00689177 0.0154944 0.619399
0.0171009 0.0213882 0.432412
0.0130577 0.0165786 0.466705
0.0696813 0.231922 0.0312478
0.0616207 0.231065 0.0480937
0.0740953 0.106357 0.0385108
0.0726218 0.115497 0.0726147
0.0681256 0.107838 0.0704173
0.0147453 0.0294239 0.540496
0.0116195 0.0216067 0.541929
0.240362 0.014431 9.25053e-006
0.237473 0.0226502 1.77667e-005
0.0660862 0.283222 0.102207
0.0659352 0.295874 0.127352
0.0568986 0.304556 0.186576
0.0544513 0.288867 0.174049
0.0447308 0.34245 0.232255
0.0487338 0.337403 0.2017
0.0449173 0.322134 0.282877
0.045869 0.309491 0.281182
0.0535618 0.315356 0.21084
0.0746096 0.207674 0.052523
0.0762342 0.200497 0.0416791
0.067375 0.212424 0.0728927
0.0676316 0.201538 0.0649557
0.0742626 0.193808 0.0316264
0.0657105 0.191726 0.0460757
0.0196436 0.037484 0.500139
0.029307 0.0401134 0.357574
0.0191801 0.0470094 0.54489
0.0220746 0.025283 0.389581
0.024458 0.0315298 0.393388
0.0310306 0.0320561 0.303794
0.00638541 0.033142 0.760731
0.0112589 0.0394603 0.666762
0.0290865 0.0503741 0.388343
0.0359272 0.0580638 0.295814
0.023962 0.0592101 0.476769
0.0385681 0.040159 0.237152
0.0356565 0.0351353 0.25744
0.0488799 0.046363 0.155424
0.0435457 0.0443384 0.195043
0.171098 0.0563539 0.000116359
0.178815 0.0497971 0.000143767
0.182317 0.0582678 0.000146942
0.23167 0.0325289 3.44671e-005
0.242296 0.0286752 1.47478e-005
0.242334 0.0371765 1.76403e-005
0.213761 0.492979 0.0153894
0.224706 0.486317 0.00957928
0.243645 0.484739 0.00285668
0.241886 0.477184 0.00314078
0.220952 0.47548 0.00966559
0.231656 0.474726 0.00617917
0.244249 0.0454862 1.61151e-005
0.232399 0.0171821 1.83096e-005
0.229227 0.0227042 2.75963e-005
0.236559 0.045158 3.45166e-005
0.242639 0.053607 2.31303e-005
0.221875 0.0614725 9.98709e-005
0.227351 0.074115 0.000105295
0.216166 0.0668681 0.0001346
0.232354 0.0576774 5.81548e-005
0.242834 0.0625333 2.85536e-005
0.238681 0.0687453 4.67893e-005
0.242969 0.0865084 4.54566e-005
0.219829 0.0353965 5.80168e-005
0.214185 0.0286911 5.63912e-005
0.221944 0.0258099 4.16032e-005
0.240867 0.0779721 4.682e-005
0.240337 0.469478 0.00327695
0.0457963 0.365926 0.214101
0.0567292 0.369043 0.1083
0.0500801 0.376996 0.2032
0.0660147 0.370972 0.0659767
0.0638843 0.395559 0.116392
0.0563549 0.402597 0.153603
0.053831 0.413218 0.126711
0.0445532 0.414792 0.21972
0.0460377 0.396942 0.254731
0.0378328 0.405495 0.338454
0.0356489 0.392988 0.375322
0.202275 0.489787 0.0218834
0.227822 0.44457 0.00465604
0.23578 0.437804 0.00262794
0.237175 0.450181 0.00306594
0.0702882 0.143975 0.0710608
0.0692091 0.151431 0.0445636
0.0627547 0.147478 0.0876304
0.0629213 0.136629 0.130417
0.0544731 0.144163 0.16577
0.0564048 0.151516 0.0988045
0.0476718 0.158752 0.158534
0.0444278 0.163845 0.197895
0.0736612 0.134713 0.076396
0.0534499 0.0515689 0.107732
0.0452742 0.0526588 0.186515
0.0517618 0.0577659 0.12489
0.0537799 0.0638184 0.0986601
0.0390245 0.0689751 0.266232
0.0460801 0.0623069 0.180236
0.0134984 0.0564675 0.671099
0.00824357 0.0617115 0.773893
0.00599197 0.0556951 0.816904
0.0536306 0.0948355 0.147548
0.00834308 0.077849 0.783534
0.0199861 0.0791532 0.556986
0.0127838 0.0881003 0.701157
0.0523015 0.0807236 0.125831
0.0487823 0.0881514 0.178886
0.02418 0.0694998 0.476992
0.0151964 0.0673863 0.647111
0.0522033 0.105849 0.217427
0.0456784 0.0966771 0.241093
0.017643 0.132765 0.666697
0.0130811 0.122737 0.725501
0.0245483 0.123337 0.553603
0.0215136 0.101439 0.561221
0.0102181 0.105088 0.741896
0.0145886 0.0964258 0.672804
0.011027 0.469043 0.785282
0.00703078 0.476803 0.848157
0.025909 0.455822 0.533124
0.0209438 0.467633 0.633303
0.0150515 0.459557 0.722183
0.0216542 0.488689 0.646251
0.0598587 0.220059 0.0892587
0.0515732 0.227268 0.115711
0.0465251 0.233891 0.132609
0.0703523 0.222671 0.0524991
0.0474018 0.213302 0.191213
0.0392406 0.225196 0.263629
0.0675843 0.1255 0.114351
0.0615658 0.115332 0.145874
0.0773795 0.143291 0.050892
0.0158105 0.144037 0.671082
0.00811196 0.13811 0.80233
0.00772495 0.12969 0.809373
0.0138673 0.154942 0.679171
0.0074933 0.146658 0.802363
0.0253431 0.172452 0.496029
0.0144664 0.178675 0.680578
0.0159157 0.166433 0.648549
0.026117 0.181339 0.477256
0.032672 0.177679 0.378641
0.0356458 0.188108 0.3335
0.00770533 0.161411 0.782677
0.0485465 0.192121 0.167881
0.0453346 0.183987 0.185534
0.00514932 0.18416 0.860442
0.0112802 0.191107 0.738435
0.0224576 0.18978 0.540933
0.0284238 0.199765 0.446086
0.00770941 0.199123 0.797594
0.00997599 0.208935 0.752194
0.0577434 0.189552 0.0710621
0.0101872 0.235524 0.749139
0.00637928 0.22816 0.820758
0.0143772 0.22636 0.67219
0.0331407 0.252554 0.290348
0.0231722 0.247909 0.479846
0.0315392 0.241454 0.334739
0.014147 0.256288 0.665923
0.0137669 0.244544 0.685859
0.0390647 0.261862 0.183058
0.00615008 0.269896 0.835183
0.0138738 0.268456 0.686986
0.01043 0.276921 0.755664
0.0410133 0.272434 0.206659
0.0355219 0.280746 0.327387
0.0316068 0.270248 0.348394
0.0304172 0.261303 0.349712
0.0231785 0.265139 0.485451
0.0250954 0.256713 0.44244
0.00682768 0.263286 0.823273
0.0551644 0.271982 0.0879841
0.00661353 0.283064 0.821758
0.00866309 0.291738 0.789165
0.0526266 0.278741 0.143037
0.0483788 0.273912 0.140683
0.066782 0.323684 0.112276
0.0628712 0.31535 0.147429
0.0333813 0.313411 0.427066
0.0185383 0.311515 0.635888
0.0262346 0.301633 0.516987
0.0151379 0.3005 0.687117
0.00680885 0.300102 0.824423
0.0079271 0.313831 0.808798
0.00579169 0.321309 0.84529
0.0162631 0.333309 0.659261
0.0269969 0.341316 0.489036
0.0160156 0.346637 0.656016
0.0475428 0.357426 0.157619
0.00633405 0.33317 0.830037
0.00818435 0.32732 0.799435
0.0387941 0.375209 0.331348
0.0266153 0.374877 0.502355
0.0333217 0.365189 0.399368
0.0076714 0.341158 0.799536
0.00741567 0.35016 0.803039
0.00668778 0.364905 0.813061
0.0133728 0.358454 0.703646
0.0268576 0.35447 0.490707
0.0228888 0.3646 0.559564
0.0608532 0.378662 0.12104
0.0163529 0.398573 0.643187
0.00717389 0.403654 0.807551
0.00697805 0.395061 0.816655
0.0113635 0.387362 0.745302
0.0132369 0.42 0.685751
0.00702646 0.411877 0.807615
0.0147215 0.409203 0.654576
0.0159566 0.448059 0.680328
0.0108584 0.438696 0.742834
0.0194739 0.439578 0.596713
0.024913 0.424552 0.488069
0.0173831 0.431411 0.620795
0.0413974 0.434669 0.215668
0.0353372 0.445774 0.338179
0.0284965 0.435354 0.442958
0.0490715 0.455949 0.215576
0.043745 0.449861 0.233713
0.00668251 0.429396 0.816314
0.0160156 0.478154 0.716597
0.0268735 0.476625 0.565853
0.00691783 0.462306 0.842908
0.00782886 0.453968 0.823623
0.0311697 0.493161 0.548328
0.0384711 0.458522 0.353616
0.047097 0.465104 0.293122
0.0388056 0.472937 0.417064
0.0678488 0.456136 0.114586
0.0758871 0.451524 0.0826357
0.0693964 0.480004 0.227205
0.073972 0.490822 0.24262
0.0630428 0.49005 0.298091
0.0863905 0.46302 0.118359
0.0755569 0.46303 0.135791
0.0778846 0.457053 0.104659
0.0680398 0.467888 0.18182
0.057168 0.463533 0.209752
0.078077 0.472123 0.168308
0.0835981 0.452677 0.0840555
0.0826589 0.484058 0.189089
0.0925678 0.490337 0.174861
0.101053 0.451778 0.0700938
0.107852 0.456109 0.0707491
0.0976753 0.472763 0.126456
0.0875863 0.474897 0.152822
0.108005 0.466742 0.0933132
0.117324 0.461304 0.0673586
0.116406 0.471582 0.0909813
0.11425 0.451662 0.0540792
0.100883 0.493056 0.159445
0.108955 0.490644 0.134564
0.133407 0.45249 0.0250303
0.122694 0.452616 0.0409222
0.125856 0.490094 0.101086
0.120814 0.480275 0.0974078
0.130361 0.480719 0.0823821
0.143234 0.461737 0.0382806
0.129508 0.461692 0.0521623
0.116766 0.488014 0.112682
0.143818 0.474086 0.0566818
0.135269 0.471409 0.063952
0.136062 0.489203 0.0825618
0.154756 0.472737 0.0435299
0.161142 0.493588 0.0566904
0.173944 0.465502 0.0266082
0.16742 0.457569 0.0242296
0.177283 0.45659 0.0211676
0.171322 0.489916 0.0447616
0.191659 0.485869 0.0278316
0.234778 0.462548 0.00433978
0.24302 0.457003 0.00209593
0.243364 0.463546 0.00218859
0.154861 0.413981 0.00552774
0.23387 0.425967 0.0024512
0.235979 0.414434 0.00177987
0.242554 0.421791 0.00116772
0.153967 0.406019 0.00608468
0.241235 0.429931 0.00152648
0.243995 0.435478 0.00123464
0.185559 0.462886 0.0210657
0.186539 0.450694 0.0161566
0.192117 0.457475 0.0166316
0.196438 0.439704 0.0105675
0.210014 0.436121 0.00737098
0.207184 0.447723 0.0100165
0.159992 0.39809 0.0059095
0.16395 0.409045 0.00607111
0.198658 0.409107 0.00506017
0.209043 0.40825 0.00419571
0.205524 0.417219 0.00540314
0.153883 0.389259 0.00584165
0.173362 0.37002 0.00365777
0.18037 0.379442 0.00398119
0.169354 0.379927 0.00434984
0.241274 0.403476 0.000984072
0.243355 0.393079 0.000680817
0.149545 0.353619 0.00220852
0.147583 0.361321 0.00198919
0.229356 0.383591 0.00156137
0.240966 0.383505 0.000754988
0.234395 0.393929 0.00142416
0.171375 0.353432 0.0031754
0.160369 0.351055 0.00320025
0.171785 0.343023 0.00326116
0.217563 0.334842 0.00126864
0.22725 0.337282 0.000943504
0.218902 0.345829 0.00135219
0.226095 0.355812 0.00116704
0.214867 0.357614 0.00171261
0.180617 0.330145 0.00293058
0.165925 0.330645 0.00400249
0.222361 0.364508 0.00149595
0.15422 0.329457 0.00521362
0.159862 0.32058 0.00491823
0.232971 0.365025 0.00096347
0.242432 0.361234 0.000459823
0.24081 0.368823 0.000598118
0.155298 0.311454 0.00565128
0.244149 0.34037 0.000286604
0.240556 0.347099 0.00045579
0.155756 0.292985 0.00454179
0.242189 0.311619 0.0002824
0.232326 0.313855 0.000585862
0.238252 0.304176 0.000372453
0.234234 0.326809 0.000600286
0.243581 0.324028 0.000266831
0.24315 0.332299 0.000296649
0.166217 0.288353 0.00309134
0.157197 0.281347 0.00285871
0.178651 0.289309 0.00238973
0.189868 0.291372 0.00190607
0.18152 0.2984 0.00253837
0.185484 0.316273 0.0026072
0.172591 0.319543 0.00353048
0.177185 0.2638 0.00131918
0.186139 0.269282 0.00134436
0.175277 0.276669 0.00187442
0.243001 0.298077 0.000225853
0.243479 0.277053 0.000165834
0.23913 0.283227 0.000279777
0.183204 0.2435 0.000938805
0.189083 0.252448 0.000972097
0.179647 0.253479 0.00108154
0.241978 0.261993 0.000152205
0.234476 0.271196 0.000330726
0.232867 0.256714 0.000291142
0.157421 0.240781 0.000944925
0.221185 0.254184 0.000474404
0.209922 0.250057 0.000630376
0.218572 0.243665 0.000448606
0.163419 0.247573 0.000928163
0.155875 0.24882 0.000629579
0.165656 0.237169 0.00103548
0.158406 0.232747 0.00120822
0.165403 0.225404 0.00117159
0.218887 0.281584 0.000745695
0.211536 0.273503 0.000836181
0.223573 0.275025 0.000588137
0.178578 0.221211 0.000879183
0.189367 0.232254 0.000801363
0.175949 0.233687 0.000957697
0.242508 0.253152 0.000131016
0.158851 0.21698 0.00141466
0.167952 0.211262 0.0010349
0.243668 0.221912 7.82759e-005
0.23907 0.215085 0.000116472
0.194142 0.199044 0.000509752
0.203175 0.201162 0.000439958
0.198255 0.208567 0.000528191
0.164432 0.181842 0.000363072
0.167722 0.189266 0.000537386
0.243351 0.207663 7.49652e-005
0.200506 0.180972 0.000398701
0.190088 0.187487 0.000477727
0.192453 0.175948 0.000436187
0.202022 0.169552 0.000389866
0.215087 0.167979 0.000297169
0.208519 0.176044 0.000345721
0.189681 0.16501 0.000480231
0.180746 0.176818 0.000473787
0.177226 0.163668 0.0005264
0.242221 0.198878 8.08886e-005
0.166313 0.159618 0.000517096
0.233259 0.18213 0.000148536
0.242315 0.178112 7.39895e-005
0.241843 0.188352 8.02972e-005
0.168554 0.140857 0.00109618
0.243458 0.169699 6.46386e-005
0.166549 0.129802 0.00138578
0.170219 0.123809 0.00132566
0.2207 0.142942 0.000257943
0.22634 0.13482 0.000210242
0.230926 0.143197 0.000170899
0.22609 0.151104 0.000208629
0.227742 0.162092 0.000192712
0.216081 0.1542 0.000296633
0.175683 0.1316 0.00108674
0.235875 0.134035 0.000127104
0.243993 0.130371 6.02534e-005
0.243987 0.136541 5.96364e-005
0.23968 0.125161 9.59882e-005
0.169752 0.0975679 0.000784922
0.17498 0.108385 0.00100849
0.239451 0.115505 9.46827e-005
0.21741 0.095554 0.000231229
0.21852 0.0847132 0.000185683
0.22736 0.089611 0.000142865
0.193461 0.121112 0.000645109
0.206812 0.117936 0.000406322
0.202457 0.129033 0.000493547
0.190835 0.0767131 0.000257417
0.18334 0.084372 0.000354978
0.181417 0.0757182 0.000242522
0.242629 0.106498 6.46513e-005
0.23839 0.0961284 8.01381e-005
0.173662 0.0680743 0.000138692
0.235588 0.084972 7.78136e-005
0.193411 0.044891 0.000125155
0.18724 0.0508103 0.000141531
0.185219 0.0445806 0.000137832
0.156194 0.42812 0.00549181
0.158214 0.437027 0.00867755
0.199467 0.0364542 9.44127e-005
0.0404703 0.132982 0.356428
0.0488035 0.121707 0.274278
0.051526 0.134174 0.228816
0.00842135 0.115225 0.779094
0.0220064 0.406459 0.541744
0.00503027 0.382856 0.856589
0.229614 0.405472 0.00215485
0.151939 0.378552 0.00478947
0.236747 0.338445 0.000557303
0.178077 0.307844 0.00294826
0.191154 0.302922 0.00212473
0.185031 0.369498 0.00332728
0.177872 0.360737 0.00318954
0.189753 0.360132 0.00282584
0.150501 0.344723 0.0033299
0.242993 0.291188 0.000203781
0.159034 0.258172 0.000834097
0.166998 0.267069 0.00145306
0.15778 0.270345 0.0014553
0.227074 0.215565 0.000240266
0.234939 0.205878 0.000147216
0.162874 0.202153 0.000975443
0.172001 0.199358 0.000734611
0.209533 0.391257 0.00315573
0.221808 0.394453 0.00246834
0.212744 0.400462 0.00339976
0.210185 0.185008 0.000338908
0.222333 0.186464 0.00024386
0.213978 0.197516 0.00033012
0.164877 0.150436 0.000826206
0.228448 0.282653 0.000529639
0.220761 0.291641 0.000791466
0.234211 0.293333 0.000433365
0.0252283 0.222136 0.481428
0.0213442 0.235898 0.527405
0.0155601 0.217053 0.648995
0.00771542 0.219881 0.793323
0.0670256 0.30683 0.127389
0.0133255 0.321784 0.7144
0.235391 0.225207 0.000163636
0.222899 0.231132 0.000338079
0.172977 0.245123 0.00100644
0.169774 0.255812 0.00111518
0.179895 0.472359 0.0281404
0.189552 0.474065 0.0242997
0.180981 0.482008 0.0327997
0.182602 0.491559 0.0361833
0.0339633 0.484718 0.503186
0.232257 0.194333 0.000165529
0.18359 0.198675 0.000598969
0.18047 0.209094 0.000737559
0.229103 0.124429 0.000186444
0.197804 0.139649 0.000533571
0.192937 0.152892 0.00052823
0.182672 0.143845 0.000740062
0.211803 0.056201 0.000115941
0.221525 0.0529527 8.4349e-005
0.226108 0.0444718 5.95656e-005
0.211988 0.369654 0.0021651
0.225115 0.373456 0.00155103
0.217122 0.382215 0.00231061
0.191645 0.37965 0.00354549
0.197724 0.369884 0.00289504
0.200752 0.331298 0.00198573
0.197769 0.341097 0.00219096
0.191317 0.333656 0.00240302
0.161624 0.301288 0.00432179
0.197294 0.1079 0.000506859
0.184974 0.0975347 0.000576185
0.197884 0.0965716 0.000414771
0.174704 0.0893062 0.000459795
0.175779 0.388978 0.00477728
0.187098 0.389456 0.00430465
0.181673 0.399019 0.00520229
0.201491 0.426824 0.00720858
0.213328 0.424709 0.00535584
0.235302 0.10657 0.000116604
0.210859 0.226795 0.000475266
0.201471 0.228353 0.000612911
0.204104 0.218191 0.00051363
0.037794 0.301042 0.361839
0.0394289 0.356573 0.298896
0.0459261 0.349679 0.189509
0.0201489 0.112956 0.596603
0.0305772 0.115659 0.461908
0.00526782 0.0868939 0.846324
0.0243313 0.140467 0.556581
0.029316 0.133007 0.495649
0.0381398 0.15485 0.333091
0.0490041 0.151593 0.178913
0.0193537 0.2914 0.609049
0.0220968 0.278853 0.541559
0.191291 0.217493 0.000660315
0.171772 0.182187 0.000461722
0.24388 0.152934 5.96593e-005
0.23983 0.143617 9.36727e-005
0.215116 0.130479 0.000326251
0.166656 0.361434 0.00334953
0.155951 0.361509 0.00302875
0.204239 0.380658 0.00299744
0.236327 0.355083 0.000683618
0.150027 0.369298 0.00339739
0.192719 0.399372 0.0046173
0.197588 0.312998 0.00194837
0.204047 0.321428 0.00173114
0.192879 0.324187 0.00227071
0.0276879 0.400326 0.475599
0.0425781 0.424157 0.211167
0.210328 0.295035 0.00115682
0.215386 0.302605 0.00107846
0.198645 0.25178 0.000834894
0.204491 0.261843 0.000844274
0.193512 0.261311 0.00104149
0.0337182 0.383089 0.399237
0.0241363 0.387669 0.531333
0.212389 0.467458 0.0119011
0.197951 0.464115 0.0168504
0.205948 0.457547 0.0125099
0.0397728 0.245445 0.168549
0.0339644 0.21136 0.361374
0.0404802 0.200902 0.275429
0.188962 0.427708 0.00860066
0.176732 0.42798 0.00880668
0.182409 0.417978 0.00713562
0.173753 0.44787 0.0176648
0.182112 0.438349 0.0120546
0.224315 0.418522 0.00339614
0.223356 0.433317 0.00464097
0.197961 0.389941 0.00372227
0.194021 0.350896 0.00246349
0.181534 0.351856 0.0029163
0.164219 0.466609 0.0315774
0.169243 0.476308 0.0363547
0.109876 0.479189 0.114299
0.100509 0.484301 0.145297
0.0403952 0.112854 0.361115
0.0301045 0.466209 0.502859
0.243885 0.4132 0.000846859
0.00821688 0.048341 0.761469
0.1534 0.302875 0.00579757
0.242963 0.230223 8.84003e-005
0.215126 0.218222 0.000383709
0.208393 0.208853 0.000418452
0.217952 0.208613 0.00031947
0.176501 0.408522 0.00617649
0.187598 0.408894 0.00576435
0.0318369 0.105839 0.418034
0.04167 0.103987 0.312023
0.199378 0.283193 0.00132849
0.187847 0.280394 0.00164366
0.197436 0.272024 0.0011565
0.210134 0.328685 0.00152067
0.217907 0.326953 0.00117397
0.204111 0.151704 0.000417787
0.207353 0.160715 0.000365779
0.199465 0.160142 0.000432258
0.238956 0.162278 9.92541e-005
0.0450308 0.48364 0.396912
0.0515573 0.491857 0.377253
0.0407074 0.4924 0.463788
0.0569641 0.453426 0.129748
0.200492 0.24055 0.000713173
0.192201 0.24401 0.000849539
0.224867 0.455315 0.0063629
0.235937 0.484717 0.00561887
0.165563 0.428309 0.00783389
0.160122 0.419902 0.005892
0.171073 0.418679 0.00692649
0.235301 0.236119 0.000187699
0.238709 0.245865 0.000169332
0.228231 0.244858 0.000315332
0.243987 0.270212 0.000136945
0.215485 0.0449411 8.29591e-005
0.183269 0.155684 0.000593594
0.177552 0.189095 0.000540365
0.0572532 0.325248 0.168033
0.049275 0.330969 0.221164
0.0215223 0.0909201 0.550654
0.0411827 0.0798096 0.249498
0.0307983 0.0747412 0.381332
0.164694 0.276756 0.00215299
0.0419911 0.290198 0.290898
0.0304983 0.290834 0.43054
0.0377919 0.0983665 0.326785
0.00688233 0.248761 0.816179
0.204271 0.0455736 0.000105967
0.201461 0.0771814 0.000231781
0.194662 0.0867376 0.000342764
0.0336275 0.14278 0.434246
0.0252596 0.149748 0.533424
0.0479238 0.178106 0.134913
0.0461082 0.171417 0.160846
0.187195 0.131164 0.000753313
0.168916 0.116248 0.00136105
0.0390571 0.334703 0.327284
0.214129 0.320115 0.00128671
0.220447 0.311892 0.000991095
0.22368 0.321465 0.00094552
0.226959 0.302844 0.000696199
0.0237155 0.323087 0.548637
0.00968244 0.306414 0.77589
0.201632 0.191858 0.000416938
0.195166 0.130354 0.000605077
0.163228 0.195261 0.000732768
0.24404 0.353607 0.000345153
0.208367 0.338736 0.00170146
0.161281 0.371958 0.00392262
0.157603 0.338848 0.00401646
0.206765 0.108887 0.000377916
0.215973 0.108034 0.000290745
0.147119 0.484578 0.0637617
0.159585 0.485025 0.0512571
0.153068 0.49254 0.0639316
0.172789 0.079868 0.000244857
0.138711 0.479967 0.0696887
0.206081 0.34897 0.00194379
0.0142769 0.370008 0.688306
0.0170686 0.379631 0.644987
0.00895113 0.378239 0.781634
0.156669 0.460007 0.0289013
0.218932 0.407246 0.00330598
0.0921995 0.481271 0.156669
0.214482 0.455627 0.00934284
0.243487 0.37442 0.000502707
0.0217406 0.209477 0.549
0.0442277 0.143589 0.282083
0.225188 0.20291 0.000237538
0.223439 0.195306 0.000241835
0.0337294 0.417138 0.372128
0.0229049 0.414517 0.527141
0.0288323 0.408787 0.457593
0.0989979 0.460559 0.0919926
0.0581222 0.207634 0.111749
0.0504852 0.202264 0.169628
0.218836 0.461272 0.00869078
0.207373 0.08816 0.000268049
0.227635 0.112538 0.000189563
0.227071 0.101598 0.000177009
0.00692878 0.445696 0.826074
0.202557 0.359649 0.00231312
0.160259 0.448152 0.0173942
0.169668 0.437785 0.0118118
0.193901 0.418348 0.0065618
0.20089 0.293575 0.0014727
0.210511 0.286053 0.00102919
0.214213 0.261246 0.000652299
0.222982 0.265748 0.000526955
0.223913 0.466133 0.00776803
0.218006 0.445249 0.00692796
0.0550453 0.388941 0.175338
0.0432207 0.385694 0.290698
0.0343586 0.427316 0.344397
0.0304573 0.0850807 0.398466
0.171831 0.299423 0.00319567
0.210911 0.236963 0.000527557
0.243395 0.23836 9.59618e-005
0.179494 0.120142 0.00103637
0.173812 0.152434 0.000708306
0.170773 0.398404 0.00558491
0.206414 0.13544 0.000427885
0.167885 0.172533 0.000378975
0.0310001 0.232013 0.368069
0.209263 0.311702 0.00141969
0.0474954 0.298987 0.256912
0.125083 0.471075 0.0764486
0.0648743 0.386654 0.111053
0.0359565 0.123309 0.417069
0.0625627 0.104776 0.100033
0.204101 0.302872 0.00151473
0.0371288 0.34675 0.340013
0.0061673 0.241684 0.826313
0.0389913 0.2364 0.230147
0.203327 0.399813 0.00396778
0.213109 0.076126 0.000180835
0.00630196 0.0251485 0.722898
0.209584 0.035936 7.55181e-005
0.0258765 0.160924 0.513178
0.036555 0.168355 0.323258
0.205822 0.0671491 0.000166834
0.0134314 0.284395 0.706592
0.0543308 0.484214 0.330329
0.059947 0.480525 0.279364
0.0649492 0.404488 0.099468
0.189405 0.206567 0.000603596
0.0370559 0.0474737 0.271102
0.0430969 0.0395423 0.19182
0.233042 0.492736 0.00758463
0.0065311 0.0677844 0.815294
0.210281 0.1426 0.000372559
0.219022 0.11857 0.000275832
0.051969 0.474578 0.30689
0.0610086 0.473234 0.239729
0.185972 0.110778 0.000761858
0.166418 0.310344 0.00398558
0.0303065 0.0954739 0.411954
0.00685413 0.0952884 0.809486
0.0578752 0.197362 0.10373
0.214228 0.415189 0.0043225
0.225238 0.174667 0.000215026
0.207095 0.101158 0.000341438
0.235742 0.3748 0.000944362
0.0564135 0.335355 0.132388
0.235329 0.171347 0.000129116
0.0588167 0.126471 0.17717
0.0336506 0.324917 0.414282
0.224032 0.32966 0.000987252
0.045636 0.280562 0.206766
0.160237 0.381514 0.00474386
0.164961 0.389293 0.00517055
0.201267 0.477154 0.0193722
0.212725 0.481773 0.0140447
0.197736 0.45281 0.0137187
0.0278432 0.331533 0.483821
0.0504413 0.071736 0.136821
0.151842 0.39812 0.00649817
0.186043 0.342097 0.00267793
0.00761749 0.168651 0.797806
0.0389479 0.0903864 0.294874
0.0751951 0.124886 0.0731411
0.150128 0.453236 0.0209203
0.243361 0.44234 0.00152325
0.240466 0.318527 0.000345999
0.0169313 0.199698 0.633733
0.00578928 0.371573 0.835024
0.0250093 0.444806 0.515164
0.0930106 0.452944 0.0798517
0.216459 0.177868 0.000286417
0.0743932 0.215456 0.0517512
0.23114 0.346816 0.000847409
0.142571 0.451423 0.0165934
0.0653782 0.226429 0.0566637
0.234494 0.152522 0.000138605
0.044679 0.442742 0.17532
0.0478715 0.406655 0.216082
0.0405909 0.177669 0.247263
0.185113 0.260064 0.00114932
0.0589409 0.278795 0.111572
0.0412286 0.253258 0.115324
0.0304608 0.0660808 0.372538
0 0.510204 1
0 0.520408 1
0 0.530612 1
0 0.540816 1
0 0.55102 1
0 0.561224 1
0 0.571429 1
0 0.581633 1
0 0.591837 1
0 0.602041 1
0 0.612245 1
0 0.622449 1
0 0.632653 1
0 0.642857 1
0 0.653061 1
0 0.663265 1
0 0.673469 1
0 0.683673 1
0 0.693878 1
0 0.704082 1
0 0.714286 1
0 0.72449 1
0 0.734694 1
0 0.744898 1
0 0.755102 1
0 0.765306 1
0 0.77551 1
0 0.785714 1
0 0.795918 1
0 0.806122 1
0 0.816327 1
0 0.826531 1
0 0.836735 1
0 0.846939 1
0 0.857143 1
0 0.867347 1
0 0.877551 1
0 0.887755 1
0 0.897959 1
0 0.908163 1
0 0.918367 1
0 0.928571 1
0 0.938776 1
0 0.94898 1
0 0.959184 1
0 0.969388 1
0 0.979592 1
0 0.989796 1
0 1 1
0.0131579 1 0.219606
0.0263158 1 0.137485
0.0394737 1 0.078595
0.0526316 1 0.051365
0.0657895 1 0.0540699
0.0789474 1 0.0369629
0.0921053 1 0.0277264
0.105263 1 0.0234559
0.118421 1 0.0118531
0.131579 1 0.0145072
0.144737 1 0.0117695
0.157895 1 0.00985635
0.171053 1 0.00653061
0.184211 1 0.00295789
0.197368 1 0.00326333
0.210526 1 0.00186877
0.223684 1 0.00158379
0.236842 1 0.000741241
0.25 1 0.000292211
0.25 0.989796 0.000418788
0.25 0.979592 0.000752584
0.25 0.969388 0.000739949
0.25 0.959184 0.00123277
0.25 0.94898 0.00162839
0.25 0.938776 0.00185347
0.25 0.928571 0.00225887
0.25 0.918367 0.00275278
0.25 0.908163 0.00281254
0.25 0.897959 0.00349567
0.25 0.887755 0.00307356
0.25 0.877551 0.00371781
0.25 0.867347 0.00432208
0.25 0.857143 0.00470119
0.25 0.846939 0.00527795
0.25 0.836735 0.00525579
0.25 0.826531 0.00423851
0.25 0.816327 0.00399904
0.25 0.806122 0.00369166
0.25 0.795918 0.00414496
0.25 0.785714 0.00412967
0.25 0.77551 0.0039651
0.25 0.765306 0.00366127
0.25 0.755102 0.0048126
0.25 0.744898 0.00534431
0.25 0.734694 0.00556006
0.25 0.72449 0.00405204
0.25 0.714286 0.00484923
0.25 0.704082 0.00373253
0.25 0.693878 0.00415124
0.25 0.683673 0.00568761
0.25 0.673469 0.00495044
0.25 0.663265 0.00446339
0.25 0.653061 0.00406356
0.25 0.642857 0.00367877
0.25 0.632653 0.00440859
0.25 0.622449 0.00378026
0.25 0.612245 0.00376187
0.25 0.602041 0.00469024
0.25 0.591837 0.00332412
0.25 0.581633 0.00352155
0.25 0.571429 0.00382609
0.25 0.561224 0.00388224
0.25 0.55102 0.00394476
0.25 0.540816 0.003828
0.25 0.530612 0.00277127
0.25 0.520408 0.00246079
0.25 0.510204 0.00258143
0.0939222 0.524678 0.242048
0.0967173 0.516275 0.220254
0.0866265 0.519788 0.259169
0.241236 0.50882 0.00533239
0.00847874 0.992248 0.459312
0.00807046 0.508432 0.851657
0.241566 0.991554 0.000727379
0.243853 0.971531 0.00136984
0.23997 0.977487 0.00172507
0.229536 0.978403 0.00330003
0.237304 0.984351 0.00155525
0.240168 0.954733 0.00299744
0.24388 0.96428 0.00161512
0.0179476 0.992918 0.256884
0.0151214 0.985218 0.48098
0.0352198 0.992862 0.139013
0.0453732 0.99225 0.106111
0.0390892 0.985158 0.199328
0.0500553 0.984206 0.162749
0.210088 0.508339 0.0217168
0.219513 0.506494 0.0159873
0.218403 0.51448 0.0179361
0.0205696 0.520973 0.723768
0.0124969 0.515436 0.803041
0.0103174 0.522315 0.843443
0.00695107 0.528709 0.882544
0.00911193 0.538412 0.863205
0.00566669 0.546437 0.901757
0.0122256 0.547988 0.832592
0.023619 0.543965 0.71919
0.213187 0.539597 0.0244368
0.203467 0.534083 0.0311854
0.199287 0.543327 0.0364277
0.197742 0.51106 0.031369
0.187244 0.508184 0.0400059
0.0424998 0.565349 0.561869
0.0362859 0.554044 0.603721
0.0320105 0.566197 0.649252
0.244031 0.516418 0.00406176
0.0553432 0.992094 0.0826377
0.00636959 0.971022 0.781787
0.010686 0.977524 0.671445
0.235417 0.966911 0.00326954
0.213869 0.94547 0.0137327
0.204399 0.952196 0.0159145
0.212029 0.958179 0.0116187
0.18801 0.517952 0.0417927
0.243244 0.533121 0.00504629
0.238435 0.53955 0.0080428
0.0176188 0.509678 0.736987
0.0279508 0.5772 0.69207
0.0219741 0.567896 0.743156
0.0168971 0.578711 0.799689
0.17635 0.5514 0.0657328
0.179057 0.53793 0.058243
0.167826 0.543779 0.075127
0.227815 0.58544 0.0171869
0.236997 0.581816 0.00986118
0.230068 0.574769 0.0144702
0.0371449 0.50673 0.541025
0.00755333 0.576896 0.890889
0.0840212 0.930366 0.230734
0.073815 0.937103 0.261092
0.0850361 0.943259 0.201532
0.0216753 0.975732 0.488642
0.0147911 0.968524 0.642592
0.231309 0.990403 0.00164918
0.240851 0.934648 0.0038652
0.00778015 0.960815 0.801947
0.0860327 0.990159 0.0529819
0.0088809 0.933959 0.842314
0.00693656 0.942727 0.852207
0.0138199 0.940733 0.770866
0.0816846 0.980394 0.0961917
0.0750473 0.988801 0.0724664
0.122016 0.905493 0.147041
0.124961 0.915962 0.126805
0.13087 0.908253 0.123865
0.0157837 0.907037 0.780171
0.0124115 0.917522 0.812326
0.0231952 0.914036 0.698677
0.237926 0.917457 0.0057367
0.24296 0.925438 0.00358717
0.195697 0.985748 0.00729253
0.204991 0.991714 0.00385435
0.208125 0.981716 0.00657816
0.193165 0.911955 0.0352898
0.20503 0.917402 0.0254307
0.202275 0.90459 0.0303103
0.184233 0.991731 0.00612698
0.232644 0.897938 0.00947453
0.242493 0.902453 0.00454483
0.242172 0.892272 0.00515323
0.228103 0.92388 0.00973519
0.227186 0.910302 0.0116364
0.159676 0.506705 0.0721079
0.14881 0.509498 0.089159
0.158226 0.514121 0.0784512
0.0879971 0.509018 0.237512
0.0991766 0.50754 0.196681
0.0149777 0.591248 0.819248
0.0239308 0.585762 0.730635
0.217654 0.919952 0.0165952
0.214335 0.907883 0.0206137
0.197875 0.973494 0.0118056
0.201669 0.961883 0.0142981
0.190317 0.964642 0.0175414
0.238805 0.873077 0.00852008
0.182859 0.977235 0.0148195
0.242078 0.862678 0.00685037
0.0261754 0.902221 0.685993
0.116722 0.96104 0.0813987
0.105952 0.965499 0.0895963
0.114518 0.969733 0.0696166
0.240004 0.556353 0.00748662
0.233935 0.565142 0.0113132
0.242722 0.564999 0.00592173
0.0135637 0.926485 0.795519
0.00705578 0.925082 0.872092
0.118722 0.991534 0.0238534
0.129654 0.985963 0.0299171
0.00726749 0.910419 0.869847
0.00835344 0.901628 0.857302
0.149566 0.544701 0.107407
0.154195 0.555996 0.101774
0.159157 0.547591 0.0901274
0.239689 0.57286 0.00783378
0.138529 0.516093 0.113149
0.149994 0.522834 0.0972061
0.1272 0.510231 0.127227
0.116196 0.50789 0.151089
0.21741 0.577659 0.0239094
0.0320633 0.599783 0.66358
0.0212095 0.601858 0.757392
0.0283921 0.611375 0.695299
0.0663057 0.509804 0.347151
0.0553246 0.507267 0.407052
0.056508 0.516182 0.417308
0.0377698 0.575695 0.603939
0.0674061 0.523328 0.360199
0.0265166 0.630055 0.712542
0.0209599 0.620354 0.760757
0.0152821 0.629117 0.813444
0.0482172 0.519771 0.478249
0.0427309 0.526673 0.528646
0.0544739 0.527938 0.446461
0.00943932 0.618959 0.870644
0.0160708 0.611015 0.809539
0.00721165 0.609366 0.892802
0.0779898 0.524209 0.300674
0.0772792 0.515393 0.295097
0.00684406 0.62769 0.896124
0.149759 0.986429 0.0204704
0.152577 0.975162 0.0293296
0.159041 0.979693 0.0214295
0.0087904 0.891112 0.858445
0.0176884 0.887775 0.769236
0.0129749 0.882377 0.819981
0.239368 0.853075 0.00889354
0.242174 0.84373 0.00748493
0.00631081 0.882314 0.892133
0.186828 0.822089 0.0639668
0.173257 0.819616 0.0849777
0.179843 0.830555 0.0731333
0.0223137 0.878074 0.733324
0.00943929 0.873784 0.862293
0.242525 0.810314 0.00741611
0.0103256 0.854735 0.859896
0.016175 0.866007 0.80015
0.0220517 0.85853 0.751273
0.0632679 0.826583 0.453343
0.0748172 0.828731 0.388185
0.0710701 0.817906 0.411981
0.24366 0.80199 0.00641654
0.217721 0.812159 0.0301013
0.214497 0.824935 0.0333757
0.226022 0.82032 0.0210492
0.0957179 0.865442 0.26781
0.0841657 0.857522 0.320616
0.08356 0.867755 0.315091
0.00794079 0.844194 0.884353
0.241574 0.779244 0.00840637
0.24381 0.789017 0.00644775
0.0177974 0.817039 0.803344
0.0094265 0.810138 0.8715
0.00797328 0.820995 0.88594
0.244663 0.770492 0.00594428
0.006658 0.801545 0.902548
0.00833259 0.794898 0.886135
0.176224 0.743182 0.0849448
0.185317 0.7444 0.0723072
0.180146 0.736155 0.0792132
0.0151905 0.800469 0.821091
0.0143537 0.789845 0.827408
0.201563 0.760223 0.0535414
0.198716 0.770645 0.0554094
0.207297 0.770337 0.0458965
0.240123 0.751304 0.0101837
0.242213 0.74137 0.00848704
0.0961205 0.786119 0.298748
0.0850371 0.794123 0.349941
0.0964851 0.797423 0.295393
0.00580821 0.786863 0.91471
0.226266 0.730559 0.0235885
0.238229 0.733205 0.0118992
0.235144 0.722959 0.0148828
0.00941876 0.749369 0.869621
0.00715351 0.759639 0.893677
0.0169597 0.759571 0.789496
0.152108 0.691019 0.132409
0.145972 0.705541 0.149115
0.159946 0.70303 0.115609
0.015344 0.740179 0.812314
0.00927825 0.730409 0.875221
0.0068082 0.73991 0.898948
0.0168582 0.721022 0.805597
0.00708603 0.720594 0.899546
0.22289 0.700718 0.0271975
0.2138 0.694679 0.0357782
0.210801 0.703388 0.0394101
0.229198 0.683886 0.0202065
0.232527 0.674235 0.0166738
0.220088 0.67802 0.0287428
0.0103232 0.712607 0.872573
0.00590936 0.706614 0.911303
0.23809 0.684021 0.0120548
0.242572 0.67647 0.00801913
0.231846 0.692553 0.018051
0.22146 0.689315 0.0277553
0.0805698 0.642184 0.369409
0.0703753 0.641715 0.418148
0.0741051 0.65028 0.402019
0.0189553 0.695272 0.781225
0.00847 0.687818 0.885596
0.00769755 0.698367 0.896161
0.102444 0.67509 0.280549
0.0938057 0.673482 0.317484
0.0981022 0.684257 0.299589
0.0186193 0.680467 0.776814
0.0075182 0.677126 0.89153
0.232875 0.662301 0.016901
0.241843 0.667963 0.0084768
0.242077 0.657588 0.00826999
0.242608 0.637041 0.0071032
0.0246322 0.669536 0.724179
0.029057 0.677934 0.688957
0.185051 0.628625 0.0707305
0.189352 0.616269 0.0620049
0.178972 0.620904 0.0783289
0.223023 0.666987 0.0251824
0.213557 0.669711 0.0340802
0.00586575 0.668816 0.907907
0.083957 0.671449 0.356796
0.0858083 0.681635 0.350932
0.241638 0.609302 0.00742899
0.108445 0.513308 0.176387
0.0174297 0.896871 0.768028
0.226394 0.877781 0.0157553
0.234384 0.88559 0.00991408
0.238172 0.600444 0.0101173
0.00702266 0.642875 0.894408
0.0123552 0.651555 0.833962
0.0190943 0.731772 0.778887
0.236014 0.703406 0.0138862
0.239518 0.71373 0.0108802
0.243956 0.707201 0.00679285
0.133261 0.701509 0.179467
0.124422 0.695635 0.202968
0.123796 0.706162 0.205483
0.127304 0.816717 0.183502
0.132031 0.82865 0.168467
0.13613 0.819784 0.161435
0.212979 0.731047 0.0383205
0.20834 0.74022 0.0440367
0.219801 0.742858 0.0309749
0.242574 0.64729 0.00752991
0.135807 0.651939 0.165408
0.136121 0.662554 0.168603
0.145029 0.655931 0.143329
0.00715169 0.829538 0.896881
0.143638 0.743199 0.15377
0.13799 0.752181 0.165217
0.146609 0.753499 0.145854
0.0780649 0.81082 0.379147
0.0895108 0.808225 0.326103
0.0788556 0.803198 0.377968
0.00720306 0.863787 0.887192
0.236337 0.836402 0.0110176
0.188931 0.863583 0.0538924
0.18989 0.850881 0.0556253
0.181599 0.85736 0.0654759
0.197214 0.789389 0.0554625
0.189355 0.777497 0.0669987
0.187341 0.789548 0.0680339
0.243398 0.727214 0.00752271
0.243618 0.72072 0.00723983
0.0958159 0.735676 0.306419
0.0873183 0.729727 0.340389
0.0853832 0.736567 0.347984
0.190886 0.831831 0.0577215
0.184263 0.840283 0.0648526
0.137594 0.787564 0.164717
0.140936 0.779886 0.157008
0.133271 0.779435 0.175007
0.186131 0.65201 0.0700821
0.18515 0.639739 0.0716414
0.17387 0.64536 0.0912996
0.236134 0.591134 0.0113181
0.243574 0.594722 0.00617406
0.24352 0.586691 0.00585953
0.0253819 0.593598 0.71905
0.0869715 0.614186 0.328693
0.0994446 0.616508 0.27732
0.0936137 0.604884 0.294595
0.0833437 0.708976 0.35778
0.0958004 0.714604 0.306415
0.0922564 0.702599 0.321516
0.163344 0.725918 0.110228
0.172184 0.712974 0.0924773
0.156406 0.715574 0.124474
0.00669007 0.98498 0.683654
0.0296007 0.923828 0.606572
0.0354127 0.91071 0.58087
0.0617716 0.940046 0.319691
0.0588942 0.949227 0.310536
0.0696002 0.948614 0.252819
0.138507 0.982024 0.0315169
0.143301 0.974376 0.0359901
0.134404 0.936394 0.0869931
0.138288 0.927039 0.0896548
0.129232 0.925823 0.106236
0.166815 0.589658 0.0917674
0.158752 0.599392 0.10919
0.168656 0.601612 0.0912855
0.236042 0.518031 0.00842251
0.242878 0.524628 0.00487007
0.172661 0.563563 0.0742858
0.185773 0.561011 0.0557676
0.115041 0.550942 0.190536
0.108979 0.558935 0.213191
0.120033 0.559368 0.181949
0.0288613 0.513225 0.630737
0.183592 0.811008 0.0701554
0.197792 0.814237 0.0523089
0.191239 0.804271 0.0613689
0.238262 0.769828 0.0115801
0.145595 0.717267 0.149751
0.09022 0.758635 0.3313
0.0833786 0.770078 0.360559
0.0964155 0.772424 0.299804
0.149569 0.910872 0.0867419
0.152449 0.896731 0.092721
0.139303 0.902621 0.112575
0.0970377 0.878294 0.250872
0.109147 0.881676 0.206163
0.104726 0.872505 0.227107
0.0991736 0.594732 0.268046
0.105468 0.604618 0.249809
0.140678 0.610265 0.148713
0.149683 0.618608 0.130925
0.151561 0.607644 0.125325
0.00938912 0.768849 0.871511
0.0429262 0.807097 0.59134
0.0415223 0.795863 0.600551
0.0324978 0.799892 0.668468
0.225381 0.842429 0.0190324
0.225023 0.854352 0.0186177
0.233652 0.845927 0.0120501
0.242199 0.820445 0.0078801
0.0737507 0.959643 0.203343
0.0865565 0.958265 0.155061
0.0786086 0.950926 0.206526
0.0965091 0.989303 0.045293
0.0422062 0.650333 0.594196
0.0533949 0.645539 0.519525
0.0465848 0.638161 0.562083
0.00817876 0.660922 0.879252
0.0186631 0.660309 0.776615
0.0510828 0.797513 0.53465
0.0582417 0.788722 0.49033
0.046892 0.787371 0.563895
0.0294345 0.852549 0.696733
0.0394578 0.855888 0.614762
0.0358441 0.847851 0.648239
0.0790293 0.752692 0.383124
0.0776863 0.741652 0.387443
0.0666052 0.747732 0.44876
0.124869 0.771652 0.198046
0.127097 0.785489 0.190931
0.154901 0.577201 0.108483
0.167641 0.576089 0.0859185
0.16059 0.56576 0.0939852
0.190851 0.692644 0.0621391
0.199439 0.684524 0.0506694
0.188627 0.68247 0.0649602
0.227627 0.645742 0.0205926
0.234046 0.651642 0.0154167
0.234738 0.641525 0.0140246
0.107423 0.792829 0.251798
0.114375 0.802228 0.224288
0.119814 0.793932 0.210057
0.164206 0.786736 0.105303
0.176651 0.785401 0.0844668
0.168535 0.77853 0.0974001
0.161421 0.907329 0.0716616
0.163544 0.896835 0.0752528
0.137176 0.916186 0.102932
0.142141 0.576257 0.133537
0.146967 0.585172 0.127567
0.143711 0.644196 0.145156
0.132451 0.634418 0.174851
0.131861 0.64504 0.175983
0.158253 0.920636 0.0665325
0.154558 0.935671 0.0593046
0.167039 0.929628 0.0496457
0.127697 0.960971 0.0665928
0.13147 0.972942 0.0469677
0.138525 0.962938 0.0504163
0.163585 0.692354 0.10783
0.151262 0.725904 0.136787
0.0661839 0.916004 0.346668
0.0749187 0.924638 0.281275
0.0791156 0.913896 0.281218
0.0620127 0.874201 0.434338
0.0539852 0.883189 0.483478
0.0642754 0.883741 0.408857
0.0684423 0.617078 0.418828
0.0588343 0.623567 0.477322
0.0679086 0.626253 0.424115
0.118661 0.605364 0.205844
0.13151 0.602418 0.168873
0.123797 0.594817 0.186229
0.0683212 0.723849 0.435668
0.0726145 0.713824 0.410429
0.0604174 0.715047 0.47785
0.0635621 0.647139 0.458328
0.0559683 0.655821 0.507016
0.0671356 0.656082 0.439606
0.236698 0.907694 0.00654526
0.178887 0.878904 0.0633587
0.171743 0.888579 0.0678866
0.186564 0.888342 0.0491951
0.208825 0.713455 0.042001
0.199997 0.707196 0.0514323
0.198654 0.717811 0.0540236
0.244249 0.700503 0.00638617
0.065628 0.571679 0.415605
0.0650575 0.585923 0.426777
0.0776361 0.581277 0.349639
0.116977 0.541958 0.179761
0.119971 0.532426 0.165969
0.10948 0.533921 0.194879
0.108491 0.821383 0.240001
0.105899 0.832032 0.247065
0.113663 0.831421 0.220365
0.157216 0.870915 0.0974453
0.152429 0.861054 0.11067
0.145333 0.868849 0.121396
0.0983595 0.889238 0.234039
0.0865718 0.885661 0.28462
0.0893939 0.8962 0.260796
0.132401 0.865225 0.152186
0.119735 0.863628 0.189516
0.123131 0.876286 0.171439
0.0770144 0.662393 0.388478
0.0900475 0.663898 0.329491
0.0873827 0.591859 0.311637
0.081591 0.604492 0.348134
0.120897 0.716416 0.215599
0.128263 0.725215 0.19388
0.13407 0.714013 0.178785
0.037607 0.703364 0.62684
0.0270306 0.702102 0.705289
0.0290832 0.709353 0.69178
0.186869 0.59107 0.0594429
0.194884 0.58529 0.0484136
0.187677 0.579924 0.0567595
0.202553 0.619291 0.0441849
0.198833 0.607003 0.0470049
0.010766 0.602104 0.859767
0.0063586 0.595199 0.906092
0.0442519 0.59665 0.56737
0.0483414 0.605434 0.544484
0.0534054 0.600169 0.505749
0.118929 0.675883 0.223257
0.132003 0.675532 0.182778
0.124995 0.666268 0.20362
0.110535 0.626439 0.239083
0.0994486 0.636847 0.285729
0.112259 0.641563 0.239754
0.0860427 0.845856 0.321817
0.079284 0.838535 0.356563
0.0742789 0.849632 0.373292
0.0461003 0.846784 0.565516
0.0504104 0.859148 0.532608
0.0605608 0.851494 0.462087
0.09728 0.839636 0.280894
0.0873863 0.838487 0.321932
0.0730632 0.796398 0.408276
0.0619526 0.797941 0.466169
0.0680699 0.806719 0.430115
0.150853 0.881682 0.104399
0.140608 0.890181 0.119247
0.168697 0.874283 0.077981
0.228615 0.752273 0.0209499
0.232437 0.742031 0.0168922
0.19782 0.745451 0.0571732
0.18923 0.75409 0.066826
0.199857 0.859546 0.0410995
0.209005 0.868518 0.0300675
0.211682 0.856484 0.0294485
0.208544 0.816584 0.0402675
0.204417 0.82286 0.0445913
0.108766 0.681309 0.257826
0.116746 0.688523 0.229624
0.0731091 0.675835 0.409725
0.0636372 0.685256 0.459226
0.076445 0.690348 0.39331
0.180585 0.965394 0.0213926
0.183108 0.95625 0.0238182
0.218242 0.974674 0.0063329
0.220363 0.986359 0.00354836
0.0650283 0.664775 0.454509
0.0312873 0.658956 0.672039
0.0297683 0.648474 0.684038
0.022212 0.652086 0.743291
0.203701 0.846442 0.0400726
0.214707 0.837596 0.0304043
0.203196 0.832801 0.0443724
0.233048 0.862806 0.013127
0.224741 0.864025 0.0179718
0.228273 0.869629 0.0153206
0.241431 0.625579 0.00762828
0.244066 0.617015 0.00564088
0.237473 0.616423 0.0102479
0.195532 0.642687 0.0558127
0.0499118 0.955919 0.335473
0.0427722 0.967986 0.320336
0.0551283 0.965586 0.265236
0.0362402 0.957811 0.421586
0.0491716 0.925177 0.438309
0.0391606 0.93014 0.49625
0.0466625 0.934265 0.426537
0.192773 0.634007 0.0588376
0.194725 0.625981 0.0561511
0.177816 0.584096 0.071336
0.180183 0.572587 0.0654817
0.0356428 0.839642 0.650664
0.0458354 0.833767 0.567594
0.0347723 0.830288 0.656682
0.0246565 0.83538 0.740647
0.0158703 0.82706 0.822179
0.0124214 0.836576 0.852193
0.134186 0.686192 0.177125
0.139771 0.69369 0.164135
0.141842 0.682751 0.157581
0.151639 0.676728 0.13293
0.161079 0.666329 0.113204
0.148294 0.665457 0.138267
0.202463 0.695286 0.0476311
0.192454 0.701709 0.059929
0.0614861 0.757001 0.474781
0.0520726 0.749199 0.536259
0.0541062 0.762569 0.519815
0.0274624 0.740317 0.702273
0.0267413 0.726487 0.711902
0.198765 0.89285 0.0356931
0.190618 0.900837 0.0407891
0.164212 0.861022 0.0888476
0.177925 0.866865 0.068109
0.173549 0.856716 0.0756419
0.0194024 0.641311 0.771552
0.0339474 0.58764 0.646617
0.174881 0.771563 0.0885891
0.210491 0.751052 0.042298
0.0527705 0.82445 0.52124
0.0563651 0.832754 0.492755
0.0325029 0.773469 0.665888
0.02258 0.782285 0.750611
0.0342126 0.78744 0.650932
0.225233 0.955652 0.00755275
0.217947 0.964995 0.00838098
0.0988354 0.976667 0.0775172
0.0954136 0.96613 0.1084
0.0884951 0.972257 0.108911
0.183636 0.768441 0.0743326
0.104736 0.703965 0.273296
0.098296 0.695281 0.298965
0.12311 0.73515 0.2078
0.129933 0.745431 0.188099
0.135128 0.734307 0.174868
0.151646 0.533907 0.0992492
0.158591 0.529683 0.0849425
0.208599 0.518467 0.0248789
0.242296 0.547032 0.00599462
0.19888 0.524778 0.0330462
0.187891 0.529048 0.0449812
0.195716 0.534071 0.0377117
0.206882 0.562105 0.0311247
0.206309 0.572641 0.0328804
0.214457 0.56787 0.025026
0.116598 0.812634 0.215027
0.120198 0.824726 0.202036
0.132718 0.839508 0.162826
0.122591 0.837593 0.192302
0.0628663 0.984013 0.123566
0.0731118 0.768325 0.408148
0.075274 0.777273 0.396361
0.0548163 0.775646 0.513334
0.0426174 0.778408 0.592269
0.104456 0.807101 0.258838
0.0984256 0.816593 0.28225
0.12128 0.751247 0.211911
0.112076 0.750043 0.241192
0.116799 0.759902 0.225537
0.156257 0.761379 0.123329
0.140895 0.762023 0.158323
0.147337 0.773046 0.142544
0.0371381 0.730741 0.62531
0.0351782 0.717088 0.641749
0.0608475 0.557075 0.433498
0.0703072 0.561312 0.380118
0.0371128 0.543415 0.588752
0.0345775 0.534489 0.60361
0.00695885 0.562677 0.89509
0.011586 0.569171 0.847842
0.0966773 0.933915 0.174699
0.104655 0.923347 0.167635
0.0911808 0.920725 0.219833
0.146981 0.92388 0.0798717
0.108672 0.951793 0.111477
0.105259 0.940804 0.138096
0.0971486 0.947353 0.147961
0.0899361 0.907375 0.243271
0.0804661 0.900866 0.292629
0.184436 0.91888 0.0392384
0.18875 0.927668 0.0328897
0.194469 0.920835 0.0315508
0.143646 0.93291 0.0762527
0.121683 0.950556 0.0902521
0.138534 0.990935 0.0190019
0.155875 0.588258 0.111064
0.103403 0.568534 0.237696
0.113748 0.570226 0.207058
0.148776 0.566412 0.115431
0.139877 0.566461 0.133579
0.177606 0.596431 0.0750963
0.167484 0.749981 0.101465
0.16971 0.736481 0.0969134
0.202664 0.665263 0.0468227
0.18781 0.670873 0.0666239
0.197326 0.676016 0.0533042
0.206905 0.643995 0.0411797
0.202556 0.632434 0.0460153
0.0888166 0.692425 0.336761
0.0483937 0.682856 0.551889
0.0464013 0.695392 0.566012
0.0567559 0.694454 0.49683
0.0854122 0.539472 0.287773
0.0745075 0.534274 0.331008
0.0765878 0.546163 0.335781
0.124706 0.581744 0.177468
0.12476 0.568852 0.172811
0.0741019 0.889387 0.342004
0.0694057 0.903553 0.350879
0.0791629 0.622795 0.369344
0.0873913 0.632657 0.334981
0.0900839 0.622653 0.318727
0.0455951 0.662026 0.573342
0.0552081 0.665292 0.512314
0.12393 0.64134 0.200714
0.120788 0.633813 0.207853
0.110921 0.579798 0.221634
0.179539 0.750156 0.0799249
0.175443 0.726855 0.0868693
0.185994 0.728781 0.0711272
0.182415 0.720529 0.0754719
0.0756366 0.722115 0.396289
0.0778395 0.730134 0.385006
0.0837711 0.720654 0.358686
0.110153 0.737798 0.249554
0.100672 0.747871 0.285657
0.0868571 0.573552 0.300737
0.087833 0.560962 0.291998
0.0775668 0.567511 0.343285
0.0571185 0.610729 0.487683
0.0623863 0.598147 0.448
0.141783 0.856557 0.134221
0.15401 0.849421 0.112354
0.161168 0.838128 0.10093
0.149652 0.836573 0.125611
0.197773 0.871243 0.0409243
0.213783 0.880966 0.02472
0.223221 0.889318 0.0166531
0.194464 0.953386 0.0196981
0.163503 0.989069 0.0124816
0.168818 0.97863 0.0182026
0.132028 0.560116 0.150617
0.124939 0.54956 0.165017
0.0437472 0.877282 0.568116
0.0444369 0.887161 0.548072
0.0649501 0.544231 0.398873
0.0635831 0.533554 0.395118
0.0565782 0.538001 0.444435
0.179867 0.512045 0.0490331
0.169034 0.510849 0.062919
0.0625771 0.927831 0.346753
0.0559335 0.91781 0.408446
0.160843 0.628351 0.10993
0.170565 0.620067 0.0916938
0.162551 0.612234 0.104999
0.20508 0.585212 0.0360976
0.196622 0.595254 0.0476786
0.243441 0.910689 0.00405711
0.197387 0.555556 0.0401657
0.197122 0.566409 0.0427092
0.233702 0.529455 0.0103856
0.19671 0.824788 0.0513082
0.201308 0.800692 0.0497403
0.206764 0.791205 0.0437789
0.04021 0.8211 0.61259
0.0663403 0.781865 0.442522
0.114537 0.664703 0.237279
0.0989497 0.647952 0.290905
0.108278 0.654933 0.259684
0.168553 0.830443 0.0898159
0.150109 0.786734 0.136051
0.158806 0.797113 0.115287
0.0954944 0.852369 0.277787
0.104477 0.849074 0.246162
0.0508256 0.943293 0.373998
0.0419936 0.948967 0.408725
0.0438822 0.977435 0.243109
0.0535439 0.974927 0.219335
0.223231 0.655454 0.0242972
0.198992 0.65324 0.0517259
0.210936 0.654541 0.0363756
0.136543 0.772053 0.167342
0.154695 0.808308 0.123717
0.163978 0.804364 0.104632
0.0258192 0.557937 0.70039
0.0320011 0.524022 0.614046
0.0253671 0.531084 0.687083
0.126173 0.685663 0.198362
0.0283049 0.686706 0.690714
0.0377867 0.690429 0.624129
0.119255 0.743765 0.218372
0.129129 0.75817 0.188126
0.118979 0.888587 0.171676
0.125383 0.895858 0.148472
0.129729 0.88743 0.144785
0.160192 0.888876 0.0852125
0.161787 0.88063 0.0859898
0.0755699 0.786923 0.395984
0.219186 0.932673 0.0135755
0.224572 0.942479 0.00952119
0.225251 0.967934 0.00570103
0.0290546 0.811361 0.706886
0.0423288 0.866336 0.588113
0.0522159 0.870664 0.510966
0.178231 0.848959 0.0713905
0.225552 0.831513 0.0202148
0.242821 0.829063 0.00714453
0.0217436 0.958239 0.580852
0.0319827 0.947842 0.502828
0.0215993 0.944472 0.653288
0.207698 0.598583 0.0352454
0.209954 0.609775 0.0343415
0.218686 0.603196 0.0255954
0.229943 0.622324 0.0168354
0.230354 0.608828 0.0161862
0.22347 0.56687 0.0183233
0.225797 0.635204 0.0214778
0.213977 0.634722 0.0328195
0.218322 0.644972 0.0288876
0.0455557 0.583811 0.552121
0.169473 0.636171 0.0963516
0.16233 0.641257 0.10897
0.144487 0.596583 0.137134
0.0595029 0.863661 0.462243
0.0391491 0.628332 0.613188
0.0484183 0.62032 0.5475
0.0386523 0.616993 0.616307
0.0562241 0.906523 0.430747
0.0612486 0.893842 0.416389
0.227991 0.557057 0.0149193
0.217406 0.558971 0.0223884
0.0403081 0.742409 0.604452
0.0420831 0.751647 0.596005
0.219935 0.754149 0.0306554
0.21546 0.764445 0.0360473
0.225279 0.76158 0.0245085
0.227874 0.775928 0.0216463
0.215956 0.786068 0.034405
0.225667 0.793001 0.0236426
0.0995148 0.900322 0.217697
0.113229 0.914403 0.157242
0.110004 0.903795 0.179267
0.210426 0.927058 0.0194955
0.178307 0.92744 0.0404769
0.183663 0.934378 0.0332338
0.0933665 0.725339 0.315387
0.116058 0.726076 0.230874
0.0786295 0.876549 0.329163
0.0715417 0.864745 0.378744
0.0697656 0.877709 0.379588
0.115919 0.939621 0.115694
0.126267 0.942127 0.0939849
0.12488 0.93414 0.106218
0.167 0.848989 0.0876441
0.173088 0.839526 0.0810686
0.132542 0.592544 0.162777
0.137541 0.585223 0.147024
0.228106 0.713108 0.0223565
0.217783 0.710174 0.0325112
0.218292 0.720199 0.0322732
0.0465279 0.612373 0.561404
0.189823 0.538389 0.0450144
0.187685 0.547836 0.0497822
0.165225 0.554956 0.0828497
0.0337336 0.639686 0.653726
0.0634113 0.766003 0.459974
0.104298 0.759672 0.26894
0.165287 0.768685 0.104226
0.16867 0.762147 0.0994098
0.181617 0.798714 0.0746392
0.124893 0.624332 0.1937
0.118953 0.616787 0.20974
0.177543 0.635746 0.0846012
0.153513 0.658355 0.125883
0.161517 0.652536 0.111575
0.151649 0.651522 0.12957
0.136788 0.547058 0.135104
0.143295 0.556573 0.123479
0.163288 0.521991 0.0750047
0.175542 0.937506 0.03755
0.181902 0.908543 0.0457376
0.036286 0.759642 0.638869
0.0269481 0.763361 0.708861
0.012163 0.77929 0.847516
0.196713 0.882239 0.0396944
0.204207 0.877972 0.0333218
0.108979 0.975418 0.0657593
0.0658785 0.970444 0.19106
0.0780736 0.970207 0.146192
0.0514634 0.705854 0.533841
0.134005 0.949999 0.0719872
0.107785 0.932548 0.144163
0.16617 0.940079 0.0434161
0.172357 0.968283 0.0242294
0.17495 0.959662 0.0271607
0.165994 0.958977 0.0334677
0.019955 0.708656 0.776013
0.21696 0.522578 0.0199993
0.151837 0.947609 0.0521124
0.144118 0.94275 0.0659916
0.190328 0.765096 0.0658217
0.204525 0.780143 0.0476316
0.214546 0.775658 0.0367367
0.0858536 0.529155 0.275062
0.0982131 0.580317 0.262182
0.0739958 0.595267 0.38071
0.0701291 0.606382 0.40573
0.108492 0.893272 0.194372
0.199283 0.730901 0.0546844
0.190562 0.722044 0.0646276
0.179827 0.690562 0.0783209
0.171027 0.698242 0.0937878
0.182298 0.701317 0.0746614
0.177596 0.68059 0.0827382
0.170961 0.688548 0.0933918
0.208857 0.935186 0.0183144
0.199962 0.94206 0.0211144
0.221771 0.900082 0.0164944
0.103651 0.524133 0.205828
0.104099 0.546745 0.221997
0.0936434 0.551993 0.263048
0.0986768 0.559221 0.249337
0.115602 0.782255 0.22659
0.10511 0.780744 0.263225
0.0882559 0.745648 0.338698
0.176675 0.610264 0.0799651
0.187478 0.602925 0.0613298
0.191885 0.796706 0.061353
0.15752 0.823592 0.112974
0.213538 0.991958 0.00297016
0.0742092 0.633582 0.396887
0.209264 0.969127 0.00991251
0.053348 0.566908 0.48957
0.137083 0.878231 0.134225
0.113605 0.853372 0.214692
0.103493 0.857203 0.244398
0.141052 0.844822 0.141416
0.128006 0.851015 0.172247
0.029904 0.69548 0.678707
0.128562 0.61351 0.179862
0.13712 0.62201 0.159932
0.185982 0.944055 0.0279081
0.0881351 0.874885 0.290056
0.2417 0.693006 0.00878783
0.144876 0.815479 0.144053
0.0818049 0.818926 0.357241
0.0503884 0.815257 0.538855
0.0557602 0.806804 0.504243
0.221398 0.549164 0.0190558
0.226845 0.539367 0.0149588
0.214771 0.662302 0.0314268
0.123409 0.653305 0.205627
0.102244 0.665583 0.28142
0.0394578 0.517015 0.538909
0.0471243 0.510828 0.467481
0.22001 0.614405 0.0257793
0.212305 0.618916 0.0330289
0.1561 0.737654 0.126083
0.145423 0.733034 0.150368
0.0974494 0.627119 0.289415
0.0868006 0.652423 0.340744
0.0970424 0.657237 0.299406
0.187891 0.711993 0.066822
0.0499594 0.895431 0.494859
0.0451771 0.904436 0.514835
0.0197874 0.922899 0.722635
0.160549 0.969176 0.0298359
0.174209 0.987401 0.0107568
0.0191324 0.808502 0.787274
0.0855595 0.549715 0.294466
0.0536517 0.546387 0.474102
0.142443 0.79524 0.153463
0.149811 0.798362 0.136427
0.0157429 0.557548 0.801035
0.00604931 0.588763 0.908844
0.00928356 0.583537 0.87555
0.0543066 0.934127 0.381658
0.0296129 0.967356 0.432191
0.0321477 0.862283 0.665031
0.025273 0.867487 0.711882
0.037536 0.896337 0.585877
0.107011 0.691854 0.264713
0.109565 0.716242 0.253812
0.114755 0.708618 0.2359
0.0266641 0.987126 0.272337
0.0219557 0.967463 0.531258
0.214254 0.799363 0.034857
0.224067 0.803685 0.0245069
0.145847 0.630818 0.140031
0.153172 0.638214 0.12478
0.204954 0.886126 0.031721
0.0623619 0.958262 0.261226
0.066206 0.838254 0.430888
0.0742265 0.701893 0.402251
0.0869728 0.830247 0.328886
0.0947453 0.568308 0.269093
0.111336 0.591445 0.225925
0.0375699 0.671474 0.627245
0.196847 0.576304 0.0446299
0.189531 0.570836 0.0533098
0.21882 0.625075 0.0276576
0.132236 0.797772 0.175493
0.0546116 0.590411 0.493889
0.121917 0.9685 0.0629215
0.10792 0.985654 0.0446434
0.119115 0.978341 0.0502149
0.116969 0.926093 0.13118
0.234237 0.80237 0.014728
0.227439 0.81089 0.0208124
0.234534 0.814959 0.0143537
0.0728438 0.978775 0.12298
0.110192 0.770776 0.246614
0.176418 0.5228 0.0575507
0.0874555 0.582046 0.303496
0.106371 0.574688 0.231397
0.0349171 0.749469 0.639956
0.0565502 0.72674 0.506082
0.0452778 0.723009 0.571283
0.0478611 0.735135 0.554006
0.0771252 0.506601 0.280505
0.0965385 0.534426 0.242565
0.171449 0.91656 0.0528756
0.171913 0.902662 0.0597172
0.0264207 0.890705 0.689774
0.0351699 0.883696 0.61878
0.179106 0.760132 0.0803703
0.0551772 0.57876 0.485334
0.0485203 0.556141 0.514278
0.0854472 0.781213 0.348913
0.235939 0.788986 0.0131825
0.174471 0.670158 0.0879206
0.182898 0.662567 0.0736094
0.164491 0.680818 0.105616
0.142119 0.672385 0.154734
0.051572 0.71671 0.537126
0.0577885 0.739152 0.502225
0.0673112 0.735304 0.450078
0.0506709 0.629599 0.533698
0.128823 0.524381 0.13658
0.115211 0.524076 0.168772
0.0196831 0.932963 0.709999
0.00676568 0.554483 0.895864
0.217936 0.86278 0.0226322
0.0461526 0.758132 0.570797
0.0662672 0.77392 0.441871
0.145536 0.95435 0.0526954
0.187928 0.875597 0.0522355
0.0269015 0.823364 0.723682
0.244041 0.578885 0.00521802
0.159776 0.775464 0.113338
0.169923 0.796773 0.0948648
0.233763 0.944507 0.00575928
0.242842 0.94402 0.00276924
0.0336769 0.87254 0.641921
0.0189089 0.846547 0.790932
0.207632 0.676545 0.0415191
0.233836 0.762201 0.0158911
0.154476 0.645545 0.122098
0.0399774 0.940249 0.457436
0.0200905 0.771137 0.769385
0.0446631 0.768113 0.58089
0.200037 0.929094 0.0252235
0.0708627 0.759123 0.421664
0.167404 0.532256 0.0725337
0.210392 0.528324 0.025141
0.115189 0.699173 0.234723
0.103753 0.725833 0.274806
0.130152 0.901533 0.131974
0.0824528 0.893173 0.292779
0.194474 0.840473 0.0524507
0.0337951 0.976814 0.317387
0.143445 0.826894 0.142524
0.0775899 0.613297 0.372405
0.060354 0.635481 0.472583
0.242861 0.762292 0.0075441
0.0285852 0.844394 0.707838
0.0441512 0.7129 0.58172
0.134466 0.809887 0.168079
0.143003 0.804412 0.151218
0.164298 0.812617 0.10293
0.233086 0.547998 0.0114304
0.131366 0.692778 0.18353
0.210938 0.686033 0.0381873
0.113061 0.871714 0.203379
0.140985 0.533698 0.119526
0.0768641 0.944989 0.229098
0.0985257 0.957715 0.119931
0.0119996 0.949543 0.772629
0.111136 0.841374 0.22619
0.22927 0.509728 0.0115749
0.230316 0.934166 0.00790053
0.0361589 0.681487 0.637913
0.0669727 0.695052 0.441326
0.0595317 0.673996 0.484696
0.215917 0.847455 0.027363
0.23478 0.825415 0.0134287
0.0444328 0.547495 0.535546
0.00971673 0.634807 0.865095
0.0192956 0.748602 0.769893
0.0601414 0.816301 0.476548
0.0549408 0.840759 0.499051
0.110886 0.614072 0.234126
0.226928 0.721536 0.0232772
0.123788 0.805328 0.195807
0.225804 0.520739 0.0145132
0.161446 0.582542 0.0982491
0.0930505 0.54447 0.260809
0.139496 0.523874 0.116728
0.137669 0.507164 0.10533
0.211467 0.894968 0.0248855
0.219833 0.870595 0.0205365
0.101336 0.911695 0.196279
0.172777 0.807182 0.0884521
0.210187 0.626031 0.0356201
0.154017 0.749142 0.13021
0.134403 0.579036 0.150991
0.133057 0.572233 0.150869
0.0824995 0.922554 0.250997
0.0136318 0.669299 0.824362
0.128334 0.538152 0.150086
0.0794899 0.762063 0.379687
0.0305725 0.621531 0.679729
0.118835 0.845838 0.199516
0.207534 0.722456 0.0441262
0.208293 0.80873 0.0409029
0.191585 0.935382 0.0283326
0.17325 0.949245 0.0331598
0.0236232 0.793806 0.741746
0.173541 0.65852 0.0907245
0.191786 0.660942 0.0619873
0.0255291 0.716626 0.723436
0.167162 0.773485 0.100321
0.0635855 0.704016 0.458177
0.149354 0.965469 0.039205
0.155376 0.957333 0.0417682
0.161005 0.948187 0.0428433
0.0469854 0.914233 0.481633
0.091253 0.819867 0.314296
0.0777819 0.556436 0.337676
0.173781 0.628585 0.0883295
0.109365 0.672247 0.25428
0.00617695 0.515359 0.883118
0.0700566 0.553294 0.376507
0.10839 0.863977 0.223075
0.243066 0.883153 0.00510829
0.217012 0.59106 0.0256471
0.227748 0.596609 0.0177572
0.180548 0.897793 0.0510358
0.090537 0.642449 0.323734
0.132778 0.766019 0.177353
0.117096 0.897298 0.167746
0.13319 0.89544 0.1304
0.139907 0.835461 0.146717
0.0671541 0.790393 0.438077
0.0159894 0.53091 0.794201
0.0492605 0.670904 0.54633
0.0302956 0.936764 0.563217
0.026735 0.753305 0.7053
0.0904068 0.981878 0.0760657
0.0465929 0.537491 0.513761
0.0399936 0.920744 0.518206
0.119143 0.515912 0.147587
0.209056 0.551654 0.0284367
0.0237453 0.802905 0.742992
0.159096 0.538621 0.0873809
0.221261 0.530438 0.0180938
0.243748 0.98448 0.000883464
0.0984174 0.826388 0.280052
0.0830176 0.699248 0.359624
0.241529 0.795656 0.00824341
0.190105 0.737283 0.0665444
0.0398526 0.607165 0.604457
0.140265 0.725303 0.162903
0.0125681 0.704303 0.857377
0.0468626 0.573828 0.535566
0.235236 0.632187 0.012588
0.236074 0.92706 0.00588528
