1 0 tri         63      64      81
2 0 tri         82       1       2
3 0 tri         83      41      42
4 0 tri         84      21      22
5 0 tri         85      61      62
6 0 tri          3       4      86
7 0 tri          3      86      87
8 0 tri         23      24      88
9 0 tri         23      88      89
10 0 tri         90      91       5
11 0 tri         92      93      94
12 0 tri         95      96      25
13 0 tri         97      98      99
14 0 tri        100     101     102
15 0 tri        103     104     105
16 0 tri        106     107     108
17 0 tri        109      79     110
18 0 tri        111     112     113
19 0 tri        114     115     116
20 0 tri        115     117     118
21 0 tri        119      19     120
22 0 tri        121      28      29
23 0 tri        122     123     124
24 0 tri        125     121     126
25 0 tri         17     127     128
26 0 tri        129     130     131
27 0 tri        132     113     112
28 0 tri        133       8       9
29 0 tri        134     135     136
30 0 tri        126     137     125
31 0 tri        138     131     139
32 0 tri        140     141      33
33 0 tri        142     143      99
34 0 tri         77     144     145
35 0 tri        146     133     147
36 0 tri        148     149     150
37 0 tri        151     152     153
38 0 tri        154     155     156
39 0 tri        157     158     159
40 0 tri        160     161     162
41 0 tri        163     150      13
42 0 tri        147     164     146
43 0 tri        165     166     156
44 0 tri        167     168      94
45 0 tri        169     170     171
46 0 tri        172     173      73
47 0 tri        174     161     175
48 0 tri        176     177     178
49 0 tri        179     180     181
50 0 tri         37     182     183
51 0 tri        184     185     186
52 0 tri        187     188     189
53 0 tri        190      39     191
54 0 tri         68     192     193
55 0 tri        182     190     194
56 0 tri        195      52     196
57 0 tri        197     198     153
58 0 tri        199     200     201
59 0 tri        202     203      42
60 0 tri         43     204     202
61 0 tri        205     206     207
62 0 tri        208     205     209
63 0 tri         49     210      48
64 0 tri         49     211     210
65 0 tri        212     213     214
66 0 tri        215     216     217
67 0 tri        216     215      50
68 0 tri        218     219     220
69 0 tri        221     222      57
70 0 tri        223     224     225
71 0 tri        221      57      58
72 0 tri        226     227     228
73 0 tri        221     229     230
74 0 tri        231     232     233
75 0 tri        234     235     236
76 0 tri        237     238      65
77 0 tri        239     240     241
78 0 tri         63      81     242
79 0 tri        243     244     141
80 0 tri        245     246     173
81 0 tri        247     248     249
82 0 tri        127     119     250
83 0 tri         60     251      59
84 0 tri         66      67     231
85 0 tri        252     207      46
86 0 tri        253     254     255
87 0 tri        144     109     256
88 0 tri          6       7     100
89 0 tri         11     249     164
90 0 tri        257     258     259
91 0 tri        260     261     262
92 0 tri        176     178      54
93 0 tri         31     263     137
94 0 tri        264     265     266
95 0 tri         71     267     180
96 0 tri        268     269     270
97 0 tri        271     272     273
98 0 tri        274     275     276
99 0 tri        277     278     279
100 0 tri        280     281     282
101 0 tri        283     284     285
102 0 tri        286     287     288
103 0 tri        289     290     291
104 0 tri        292     293     294
105 0 tri        295     296     297
106 0 tri        298     299     300
107 0 tri        130     129     163
108 0 tri        301     302     303
109 0 tri        174     304     140
110 0 tri        305     306     307
111 0 tri        155     154     172
112 0 tri        308     309     310
113 0 tri         60     311     251
114 0 tri        312      81     313
115 0 tri         79     314     110
116 0 tri        315      86     316
117 0 tri         19     317     120
118 0 tri        318      88     319
119 0 tri         39     320     191
120 0 tri        203     202     321
121 0 tri        322     323     324
122 0 tri        298     278     325
123 0 tri        326     327     288
124 0 tri        328     329     228
125 0 tri        133     330       8
126 0 tri        331     332     333
127 0 tri        121     334      28
128 0 tri        111     335     336
129 0 tri        177     176     337
130 0 tri        338     339     340
131 0 tri        341     342     343
132 0 tri        344     283     285
133 0 tri        273     345     271
134 0 tri        346     347     348
135 0 tri        349     198     350
136 0 tri        183      36      37
137 0 tri        351     352      98
138 0 tri        128      16      17
139 0 tri        353     354      93
140 0 tri        145      76      77
141 0 tri        207     252     355
142 0 tri        356     357     294
143 0 tri        358     286     274
144 0 tri        359     297     360
145 0 tri        361     362     212
146 0 tri         52     195      51
147 0 tri        298     363     364
148 0 tri        365     366     367
149 0 tri        368     335     346
150 0 tri        369     370     371
151 0 tri        372     373     374
152 0 tri        375     376     377
153 0 tri        378     332     331
154 0 tri        379     380     381
155 0 tri        245     382     103
156 0 tri        383     220     384
157 0 tri        243     385     253
158 0 tri        386     387     388
159 0 tri        148     389     247
160 0 tri        390     248     391
161 0 tri        241     392     239
162 0 tri        393     394     395
163 0 tri        396     397     398
164 0 tri        399     114     400
165 0 tri        239     401     240
166 0 tri        402      56     403
167 0 tri        159     404     157
168 0 tri        405     406     407
169 0 tri        408     339     324
170 0 tri        409     295     410
171 0 tri        173     411     245
172 0 tri         75     412     413
173 0 tri        150     414     148
174 0 tri         15     415     416
175 0 tri        175     243     304
176 0 tri         35     417     418
177 0 tri        292     357     419
178 0 tri        420     421     355
179 0 tri        352     336     422
180 0 tri        423     348     424
181 0 tri        157     425     426
182 0 tri        344     427     428
183 0 tri        429     226     329
184 0 tri        224     104     218
185 0 tri        373     430     349
186 0 tri        431     367     432
187 0 tri        433     408     324
188 0 tri        196      53     171
189 0 tri        341     343     434
190 0 tri        435     423     436
191 0 tri        437     436     438
192 0 tri        299     298     364
193 0 tri        439     193     440
194 0 tri         69     179     192
195 0 tri        441     387     442
196 0 tri        443     117     444
197 0 tri        445     248     389
198 0 tri        106     108     446
199 0 tri        447     357     448
200 0 tri        430     373     449
201 0 tri        397     351     450
202 0 tri        352     422     451
203 0 tri         93     452     353
204 0 tri        354     453     454
205 0 tri        119     127      18
206 0 tri        455     456     457
207 0 tri        190     182      38
208 0 tri        197     458     459
209 0 tri        109     144      78
210 0 tri        460     461     462
211 0 tri        463     464     465
212 0 tri        466     467     392
213 0 tri        468     469     276
214 0 tri        470     471     472
215 0 tri        305     307     473
216 0 tri        474     424     266
217 0 tri        475     308     310
218 0 tri        476     477     478
219 0 tri        479     301     303
220 0 tri        257     480     481
221 0 tri        234     482     483
222 0 tri        287     262     409
223 0 tri        484     431     485
224 0 tri        214     361     212
225 0 tri        339     408     486
226 0 tri        324     236     322
227 0 tri        487     359     488
228 0 tri        410     326     288
229 0 tri        466     489     429
230 0 tri        490     395     491
231 0 tri        492     372     493
232 0 tri        494     278     277
233 0 tri         99     495     142
234 0 tri        496     497     302
235 0 tri        151     430     498
236 0 tri        473     499     500
237 0 tri         94     501     167
238 0 tri        502     503     504
239 0 tri         45      46     207
240 0 tri        447     505     419
241 0 tri        506     301     507
242 0 tri        336     335     508
243 0 tri        509     308     471
244 0 tri        510     332     511
245 0 tri        353     512     513
246 0 tri        514     407     515
247 0 tri        351     397     516
248 0 tri        116     396     517
249 0 tri        518     519     520
250 0 tri         31     244     263
251 0 tri        521     522     523
252 0 tri         11     149     249
253 0 tri        524     525     504
254 0 tri         71     246     267
255 0 tri        526     527     528
256 0 tri        311      60      85
257 0 tri        529     461     530
258 0 tri        314      82     531
259 0 tri        532     533     534
260 0 tri        320      83     203
261 0 tri        535     456     536
262 0 tri        317      84     537
263 0 tri        380     503     381
264 0 tri        218     383     224
265 0 tri        376     538     377
266 0 tri        441     539     388
267 0 tri        370     496     371
268 0 tri        540     391     541
269 0 tri        542     543     240
270 0 tri        544     545     546
271 0 tri        442     547     441
272 0 tri        442     548     549
273 0 tri        331     470     378
274 0 tri        157     332     158
275 0 tri        550     328     551
276 0 tri        228     225     552
277 0 tri        279     492     277
278 0 tri        298     553     363
279 0 tri        357     356     554
280 0 tri        357     292     294
281 0 tri        555     169     177
282 0 tri        340     556     401
283 0 tri        425     157     404
284 0 tri        107     106     557
285 0 tri        116     517     114
286 0 tri         28     334     399
287 0 tri        543     558     559
288 0 tri        555     337     558
289 0 tri        490     491     233
290 0 tri         68     193     232
291 0 tri        514     515     102
292 0 tri          8     330     101
293 0 tri        288     275     274
294 0 tri        260     553     560
295 0 tri        113     132     561
296 0 tri        562     335     563
297 0 tri        493     564     492
298 0 tri        432     565     566
299 0 tri        343     283     567
300 0 tri        342     568     569
301 0 tri        271     341     434
302 0 tri        507     570     272
303 0 tri        443     547     561
304 0 tri        125     539     571
305 0 tri        199     572     200
306 0 tri        221     201     222
307 0 tri        394     573     491
308 0 tri        313     527     312
309 0 tri        398     574     517
310 0 tri        319     536     318
311 0 tri        406     575     515
312 0 tri        316     530     315
313 0 tri         36     188     417
314 0 tri        576     577     162
315 0 tri         16     123     415
316 0 tri        578     579     139
317 0 tri         76     134     412
318 0 tri        168     165     580
319 0 tri        581     582     474
320 0 tri        424     348     347
321 0 tri        583     506     480
322 0 tri        344     331     427
323 0 tri        584     585     494
324 0 tri        586     365     323
325 0 tri        532     587     533
326 0 tri         38     182      37
327 0 tri        530     461     588
328 0 tri         78     144      77
329 0 tri        536     456     589
330 0 tri         18     127      17
331 0 tri        421     420     590
332 0 tri        207     505     205
333 0 tri        357     350     448
334 0 tri        591     356     294
335 0 tri        553     260     592
336 0 tri        281     280     593
337 0 tri         44      45     206
338 0 tri        587     532     208
339 0 tri        475     594     453
340 0 tri        595     165     167
341 0 tri        479     596     422
342 0 tri        597     579     142
343 0 tri        430     449     500
344 0 tri        498     577     151
345 0 tri        401     239     598
346 0 tri        550     359     360
347 0 tri        169     186     599
348 0 tri        600     195     601
349 0 tri        539     125     255
350 0 tri         31      32     244
351 0 tri        248     390     602
352 0 tri         11      12     149
353 0 tri        603     105     104
354 0 tri         71      72     246
355 0 tri        488     604     478
356 0 tri        605     269     476
357 0 tri        584     494     366
358 0 tri        235     261     606
359 0 tri        607     360     546
360 0 tri        239     467     607
361 0 tri        381     605     379
362 0 tri        504     608     502
363 0 tri        371     259     369
364 0 tri        597     596     497
365 0 tri        377     265     375
366 0 tri        499     498     500
367 0 tri        609     610     362
368 0 tri        186     169     184
369 0 tri        469     268     509
370 0 tri        468     276     275
371 0 tri        587     611     459
372 0 tri        505     209     205
373 0 tri        558     337     559
374 0 tri        572     463     612
375 0 tri        287     613     262
376 0 tri        488     326     487
377 0 tri        569     614     615
378 0 tri        344     470     331
379 0 tri        437     616     617
380 0 tri        593     553     592
381 0 tri        489     618     394
382 0 tri        429     393     226
383 0 tri        480     567     481
384 0 tri        434     619     271
385 0 tri        620     364     438
386 0 tri        348     423     435
387 0 tri        291     620     289
388 0 tri        449     473     500
389 0 tri        249     248     602
390 0 tri        147       9      10
391 0 tri        603     104     224
392 0 tri        179      69      70
393 0 tri        539     255     254
394 0 tri        126      29      30
395 0 tri        590     420     210
396 0 tri        211      49     215
397 0 tri        197     189     458
398 0 tri        587     448     611
399 0 tri         97     124     621
400 0 tri        621     535     450
401 0 tri         92     135     622
402 0 tri        622     529     452
403 0 tri        290     623     624
404 0 tri        432     564     493
405 0 tri        391     540     625
406 0 tri        540     427     426
407 0 tri        361     626     362
408 0 tri         50      51     216
409 0 tri        235     606     585
410 0 tri        338     234     236
411 0 tri        580     136     168
412 0 tri         76     412      75
413 0 tri        189     152     576
414 0 tri         36     417      35
415 0 tri        124     143     578
416 0 tri         16     415      15
417 0 tri        620     627     474
418 0 tri        377     306     581
419 0 tri        469     468     268
420 0 tri        381     309     270
421 0 tri        619     480     628
422 0 tri        371     302     583
423 0 tri        235     584     322
424 0 tri        324     339     338
425 0 tri        542     184     555
426 0 tri        177     169     171
427 0 tri        512     629     406
428 0 tri        513     405     557
429 0 tri        397     630     398
430 0 tri        396     631     632
431 0 tri        633     272     570
432 0 tri        634     508     368
433 0 tri        217     626     361
434 0 tri        635     610     609
435 0 tri        608     504     525
436 0 tri        580     636     136
437 0 tri        597     637     638
438 0 tri        131     122     578
439 0 tri        498     639     640
440 0 tri        161     187     576
441 0 tri        329     641     642
442 0 tri        429     489     393
443 0 tri        572     199     463
444 0 tri        200     559     403
445 0 tri         25      96      24
446 0 tri         95      26     400
447 0 tri         65     238      64
448 0 tri        237      66     231
449 0 tri          5      91       4
450 0 tri         90       6     100
451 0 tri        184     556     486
452 0 tri        401     545     340
453 0 tri        243     160     519
454 0 tri        387     386     375
455 0 tri        148     138     522
456 0 tri        369     391     445
457 0 tri        245     643     525
458 0 tri        220     219     379
459 0 tri        165     608     166
460 0 tri        245     525     382
461 0 tri        138     139     638
462 0 tri        148     522     389
463 0 tri        160     162     640
464 0 tri        243     519     385
465 0 tri        479     634     301
466 0 tri        302     497     303
467 0 tri        475     472     308
468 0 tri        310     644     594
469 0 tri        464     528     527
470 0 tri        463     465     612
471 0 tri        620     438     627
472 0 tri        620     291     299
473 0 tri        590     211     214
474 0 tri        566     565     293
475 0 tri        453     354     510
476 0 tri        354     353     645
477 0 tri        130     163      14
478 0 tri        131     138     414
479 0 tri        155     172      74
480 0 tri        166     411     156
481 0 tri        174     140      34
482 0 tri        243     175     160
483 0 tri        571     444     117
484 0 tri         28     399      27
485 0 tri         68     232      67
486 0 tri         68      69     192
487 0 tri        646     446     108
488 0 tri          8     101       7
489 0 tri          2       3      87
490 0 tri        531     315     110
491 0 tri         42      43     202
492 0 tri        203     321     191
493 0 tri         22      23      89
494 0 tri        537     318     120
495 0 tri         62      63     242
496 0 tri        312     229     251
497 0 tri        466     647     648
498 0 tri        401     598     545
499 0 tri        228     440     225
500 0 tri        604     649     384
501 0 tri        281     592     358
502 0 tri        569     650     614
503 0 tri        233     439     490
504 0 tri        491     237     233
505 0 tri        517      95     114
506 0 tri        399     400      27
507 0 tri        102     651     514
508 0 tri        515      90     102
509 0 tri        337     176     402
510 0 tri        403      56     222
511 0 tri        224     383     225
512 0 tri        105     603     181
513 0 tri        548     652     265
514 0 tri        442     653     547
515 0 tri        557     106     404
516 0 tri        513     512     405
517 0 tri        631     443     132
518 0 tri        396     632     397
519 0 tri        266     424     264
520 0 tri        548     387     652
521 0 tri        605     270     269
522 0 tri        605     654     220
523 0 tri        257     481     428
524 0 tri        259     258     541
525 0 tri        272     628     507
526 0 tri        655     435     633
527 0 tri        540     541     258
528 0 tri        446     390     625
529 0 tri        656     394     618
530 0 tri        464     463     528
531 0 tri        657     398     630
532 0 tri        457     535     621
533 0 tri        658     406     629
534 0 tri        462     529     622
535 0 tri        615     659     284
536 0 tri        569     568     650
537 0 tri        344     481     567
538 0 tri        344     285     470
539 0 tri        549     653     442
540 0 tri        264     548     265
541 0 tri        510     645     158
542 0 tri        157     426     333
543 0 tri        562     563     653
544 0 tri        346     655     368
545 0 tri        582     305     289
546 0 tri        291     290     279
547 0 tri        191     660     194
548 0 tri        532     661     208
549 0 tri        437     280     616
550 0 tri        617     273     633
551 0 tri        566     431     432
552 0 tri        356     591     374
553 0 tri        112     351     516
554 0 tri        335     111     113
555 0 tri        446     646     390
556 0 tri        446     625     425
557 0 tri        404     513     557
558 0 tri        404     106     425
559 0 tri        184     542     556
560 0 tri        184     486     185
561 0 tri        492     624     372
562 0 tri        374     373     349
563 0 tri         74      75     413
564 0 tri        155     636     580
565 0 tri         14      15     416
566 0 tri        131     130     122
567 0 tri         34      35     418
568 0 tri        161     174     187
569 0 tri        207     355     505
570 0 tri        205     662     206
571 0 tri        220     379     605
572 0 tri        383     384     649
573 0 tri        118     443     631
574 0 tri        444     571     539
575 0 tri        468     327     477
576 0 tri        605     476     654
577 0 tri        230     229     526
578 0 tri         59     229      58
579 0 tri         86       4      91
580 0 tri        315     531      87
581 0 tri         81      64     238
582 0 tri        312     311     242
583 0 tri         88      24      96
584 0 tri        318     537      89
585 0 tri        409     261     483
586 0 tri        545     663     664
587 0 tri        545     544     296
588 0 tri        607     550     360
589 0 tri        420     355     252
590 0 tri         47      48     210
591 0 tri        590     213     292
592 0 tri        421     419     505
593 0 tri        505     355     421
594 0 tri        505     447     209
595 0 tri        566     212     485
596 0 tri        431     484     365
597 0 tri        610     635     665
598 0 tri        169     599     170
599 0 tri        329     642     429
600 0 tri        239     607     546
601 0 tri        409     410     287
602 0 tri        409     482     295
603 0 tri        647     612     465
604 0 tri        489     648     464
605 0 tri        341     282     342
606 0 tri        615     284     569
607 0 tri         98      97     621
608 0 tri         99      98     352
609 0 tri        198     197     459
610 0 tri        430     153     198
611 0 tri         93      92     622
612 0 tri         94      93     354
613 0 tri        551     552     649
614 0 tri        604     654     476
615 0 tri        538     499     306
616 0 tri        430     500     498
617 0 tri        271     628     272
618 0 tri        616     345     273
619 0 tri        483     482     409
620 0 tri        235     483     261
621 0 tri        644     595     501
622 0 tri        644     310     309
623 0 tri        523     637     496
624 0 tri        637     523     638
625 0 tri        520     639     538
626 0 tri        639     520     640
627 0 tri        470     659     471
628 0 tri        472     511     378
629 0 tri        214     213     590
630 0 tri        361     214     211
631 0 tri        366     365     586
632 0 tri        408     433     665
633 0 tri        660     661     532
634 0 tri        205     208     662
635 0 tri        612     647     241
636 0 tri        612     543     572
637 0 tri        281     358     568
638 0 tri        592     281     593
639 0 tri        455     127     250
640 0 tri        455     123     128
641 0 tri        182     194     534
642 0 tri        666     188     183
643 0 tri        460     144     256
644 0 tri        460     134     145
645 0 tri        274     286     288
646 0 tri        468     275     327
647 0 tri        624     492     290
648 0 tri        373     624     623
649 0 tri        441     388     387
650 0 tri        539     441     444
651 0 tri        587     209     448
652 0 tri        209     587     208
653 0 tri        443     444     547
654 0 tri        561     653     563
655 0 tri         53     196      52
656 0 tri        171      53     178
657 0 tri        250     456     455
658 0 tri        536     589     318
659 0 tri        256     461     460
660 0 tri        530     588     315
661 0 tri         19      20     317
662 0 tri        120     318     589
663 0 tri         79      80     314
664 0 tri        110     315     588
665 0 tri         39      40     320
666 0 tri        191     321     660
667 0 tri        305     582     306
668 0 tri        290     305     623
669 0 tri        357     554     350
670 0 tri        419     421     292
671 0 tri        474     582     620
672 0 tri        474     627     423
673 0 tri        480     506     628
674 0 tri        480     667     567
675 0 tri        298     300     278
676 0 tri        553     298     560
677 0 tri        425     106     446
678 0 tri        425     625     540
679 0 tri        489     464     618
680 0 tri        394     656     573
681 0 tri        453     501     454
682 0 tri        594     475     310
683 0 tri        422     495     451
684 0 tri        303     596     479
685 0 tri        545     296     663
686 0 tri        664     338     340
687 0 tri        556     542     240
688 0 tri        486     556     339
689 0 tri        397     535     630
690 0 tri        398     657     574
691 0 tri        512     529     629
692 0 tri        406     658     575
693 0 tri        452      93     622
694 0 tri        512     452     529
695 0 tri        450      98     621
696 0 tri        397     450     535
697 0 tri        595     608     165
698 0 tri        595     644     502
699 0 tri        228     329     226
700 0 tri        228     552     328
701 0 tri        298     325     560
702 0 tri        278     300     279
703 0 tri        366     586     584
704 0 tri        366     277     564
705 0 tri        240     401     556
706 0 tri        241     647     392
707 0 tri        638     523     522
708 0 tri        139     597     638
709 0 tri        640     520     519
710 0 tri        162     498     640
711 0 tri        279     300     291
712 0 tri        492     279     290
713 0 tri        226     490     227
714 0 tri        223     440     193
715 0 tri        646     146     602
716 0 tri        625     390     391
717 0 tri        460     135     134
718 0 tri        135     460     462
719 0 tri        666     189     188
720 0 tri        666     533     458
721 0 tri        455     124     123
722 0 tri        124     455     457
723 0 tri        243     141     304
724 0 tri        244     243     253
725 0 tri        150     129     414
726 0 tri        149     148     247
727 0 tri        173     154     411
728 0 tri        246     245     103
729 0 tri        479     508     634
730 0 tri        508     479     336
731 0 tri        225     440     223
732 0 tri        552     225     383
733 0 tri        215     361     211
734 0 tri         50     215      49
735 0 tri        427     331     333
736 0 tri        344     428     481
737 0 tri         43      44     204
738 0 tri        202     662     661
739 0 tri        519     518     385
740 0 tri        538     376     520
741 0 tri        522     521     389
742 0 tri        496     370     523
743 0 tri        525     524     382
744 0 tri        503     380     504
745 0 tri        655     348     435
746 0 tri        348     655     346
747 0 tri        555     184     169
748 0 tri        337     555     177
749 0 tri        206     662     204
750 0 tri        207     206      45
751 0 tri        274     568     358
752 0 tri        287     286     613
753 0 tri        192     181     603
754 0 tri        192     223     193
755 0 tri        571     121     125
756 0 tri        121     571     334
757 0 tri        646     133     146
758 0 tri        133     646     330
759 0 tri        221      58     229
760 0 tri        221     230     199
761 0 tri        656     238     573
762 0 tri        238     656      81
763 0 tri        657      96     574
764 0 tri         96     657      88
765 0 tri        658      91     575
766 0 tri         91     658      86
767 0 tri        308     472     471
768 0 tri        308     509     309
769 0 tri        506     507     628
770 0 tri        301     506     302
771 0 tri        330     108     651
772 0 tri        108     330     646
773 0 tri        475     511     472
774 0 tri        511     475     510
775 0 tri        542     558     543
776 0 tri        558     542     555
777 0 tri        566     485     431
778 0 tri        212     566     213
779 0 tri        334     117     115
780 0 tri        117     334     571
781 0 tri        282     341     345
782 0 tri        568     282     281
783 0 tri        534     194     660
784 0 tri        459     533     587
785 0 tri        548     442     387
786 0 tri        347     562     549
787 0 tri        471     659     615
788 0 tri        471     469     509
789 0 tri        324     323     433
790 0 tri        408     665     185
791 0 tri        349     430     198
792 0 tri        349     554     374
793 0 tri        564     367     366
794 0 tri        492     564     277
795 0 tri        346     562     347
796 0 tri        562     346     335
797 0 tri        326     410     487
798 0 tri        326     478     477
799 0 tri        437     593     280
800 0 tri        593     437     363
801 0 tri        613     358     592
802 0 tri        358     613     286
803 0 tri        584     586     322
804 0 tri        585     584     235
805 0 tri        423     424     474
806 0 tri        423     627     436
807 0 tri        567     667     434
808 0 tri        567     283     344
809 0 tri         55     176      54
810 0 tri        337     402     403
811 0 tri        262     613     260
812 0 tri        409     262     261
813 0 tri        626     600     601
814 0 tri        362     626     609
815 0 tri        359     487     297
816 0 tri        604     359     551
817 0 tri        439     440     227
818 0 tri        490     226     393
819 0 tri        528     463     199
820 0 tri        528     230     526
821 0 tri        187     417     188
822 0 tri        187     174     418
823 0 tri        122     415     123
824 0 tri        122     130     416
825 0 tri        636     412     134
826 0 tri        636     155     413
827 0 tri        651     101     330
828 0 tri        101     651     102
829 0 tri        439     232     193
830 0 tri        232     439     233
831 0 tri        115     399     334
832 0 tri        399     115     114
833 0 tri        649     604     551
834 0 tri        383     649     552
835 0 tri        633     435     617
836 0 tri        272     633     273
837 0 tri        247     389     248
838 0 tri        247     249     149
839 0 tri        103     382     104
840 0 tri        103     267     246
841 0 tri        253     385     254
842 0 tri        253     263     244
843 0 tri        322     236     235
844 0 tri        322     586     323
845 0 tri        382     219     104
846 0 tri        219     382     524
847 0 tri        385     386     254
848 0 tri        386     385     518
849 0 tri        333     332     157
850 0 tri        333     426     427
851 0 tri        158     332     510
852 0 tri        158     645     159
853 0 tri        576     187     189
854 0 tri        577     576     152
855 0 tri        578     122     124
856 0 tri        579     578     143
857 0 tri        156     580     165
858 0 tri        580     156     155
859 0 tri        540     258     427
860 0 tri        540     426     425
861 0 tri        151     577     152
862 0 tri        151     153     430
863 0 tri        142     579     143
864 0 tri         99     451     495
865 0 tri        167     165     168
866 0 tri         94     454     501
867 0 tri        610     665     433
868 0 tri        362     610     484
869 0 tri        350     554     349
870 0 tri        350     198     611
871 0 tri        210     211     590
872 0 tri        210     420      47
873 0 tri        292     421     590
874 0 tri        292     213     293
875 0 tri        611     448     350
876 0 tri        459     611     198
877 0 tri        599     601     170
878 0 tri        195     600     216
879 0 tri         47     252      46
880 0 tri        252      47     420
881 0 tri        369     541     391
882 0 tri        541     369     259
883 0 tri        432     367     564
884 0 tri        565     432     493
885 0 tri        438     364     363
886 0 tri        437     617     436
887 0 tri        338     664     234
888 0 tri        338     236     324
889 0 tri        164      10      11
890 0 tri        146     164     249
891 0 tri        180      70      71
892 0 tri        180     267     105
893 0 tri        137      30      31
894 0 tri        137     263     255
895 0 tri        547     653     561
896 0 tri        441     547     444
897 0 tri        132     516     631
898 0 tri        561     132     443
899 0 tri        602     390     646
900 0 tri        602     146     249
901 0 tri        113     563     335
902 0 tri        563     113     561
903 0 tri        255     125     137
904 0 tri        255     263     253
905 0 tri        105     181     180
906 0 tri        105     267     103
907 0 tri        354     645     510
908 0 tri        354     454      94
909 0 tri        560     606     261
910 0 tri        606     560     325
911 0 tri        116     115     118
912 0 tri        396     116     631
913 0 tri        514     651     107
914 0 tri        407     514     557
915 0 tri        218     104     219
916 0 tri        218     220     383
917 0 tri        457     456     535
918 0 tri        457     621     124
919 0 tri        462     461     529
920 0 tri        462     622     135
921 0 tri        302     506     583
922 0 tri        496     637     497
923 0 tri        309     509     270
924 0 tri        309     503     644
925 0 tri        306     582     581
926 0 tri        538     639     499
927 0 tri        583     257     259
928 0 tri        257     583     480
929 0 tri        581     266     265
930 0 tri        266     581     474
931 0 tri        365     367     431
932 0 tri        323     365     484
933 0 tri        234     664     663
934 0 tri        234     483     235
935 0 tri        227     490     439
936 0 tri        228     227     440
937 0 tri        351     668     352
938 0 tri        351      98     450
939 0 tri        353     452     512
940 0 tri        353     513     159
941 0 tri        623     449     373
942 0 tri        449     623     473
943 0 tri        363     553     593
944 0 tri        363     437     438
945 0 tri        445     391     248
946 0 tri        445     389     521
947 0 tri        345     280     282
948 0 tri        271     345     341
949 0 tri        342     282     568
950 0 tri        343     342     569
951 0 tri        368     655     570
952 0 tri        368     508     335
953 0 tri        295     482     296
954 0 tri        410     295     487
955 0 tri        530     629     529
956 0 tri        629     530     658
957 0 tri        536     630     535
958 0 tri        630     536     657
959 0 tri        422     336     479
960 0 tri        422     596     495
961 0 tri        453     510     475
962 0 tri        453     594     501
963 0 tri        250     589     456
964 0 tri        589     250     120
965 0 tri        256     588     461
966 0 tri        588     256     110
967 0 tri        268     468     269
968 0 tri        509     268     270
969 0 tri        352     668     336
970 0 tri        352     451      99
971 0 tri        254     388     539
972 0 tri        388     254     386
973 0 tri         32     141     244
974 0 tri        141      32      33
975 0 tri         72     173     246
976 0 tri        173      72      73
977 0 tri         12     150     149
978 0 tri        150      12      13
979 0 tri        527     618     464
980 0 tri        618     527     656
981 0 tri        294     565     591
982 0 tri        554     356     374
983 0 tri        657     319      88
984 0 tri        319     657     536
985 0 tri        656     313      81
986 0 tri        313     656     527
987 0 tri        658     316      86
988 0 tri        316     658     530
989 0 tri        312     526     229
990 0 tri        526     312     527
991 0 tri        328     641     329
992 0 tri        551     328     552
993 0 tri        466     648     489
994 0 tri        466     429     642
995 0 tri        258     428     427
996 0 tri        428     258     257
997 0 tri        112     668     351
998 0 tri        112     516     132
999 0 tri        614     276     469
1000 0 tri        276     614     274
1001 0 tri        372     624     373
1002 0 tri        372     374     591
1003 0 tri        525     643     608
1004 0 tri        504     380     524
1005 0 tri        522     138     638
1006 0 tri        523     370     521
1007 0 tri        519     160     640
1008 0 tri        520     376     518
1009 0 tri        634     507     301
1010 0 tri        507     634     570
1011 0 tri        283     343     284
1012 0 tri        470     285     659
1013 0 tri        371     496     302
1014 0 tri        259     371     583
1015 0 tri        381     503     309
1016 0 tri        605     381     270
1017 0 tri        377     538     306
1018 0 tri        265     377     581
1019 0 tri        476     269     477
1020 0 tri        476     478     604
1021 0 tri        469     615     614
1022 0 tri        615     469     471
1023 0 tri        251     311     312
1024 0 tri         59     251     229
1025 0 tri         89      88     318
1026 0 tri         89     537      22
1027 0 tri         87      86     315
1028 0 tri         87     531       2
1029 0 tri        242      81     312
1030 0 tri        242     311      62
1031 0 tri        284     343     569
1032 0 tri        285     284     659
1033 0 tri        599     186     635
1034 0 tri        599     609     601
1035 0 tri        559     572     543
1036 0 tri        403     559     337
1037 0 tri        393     489     394
1038 0 tri        393     395     490
1039 0 tri        340     339     556
1040 0 tri        340     545     664
1041 0 tri        199     201     221
1042 0 tri        199     230     528
1043 0 tri        260     560     261
1044 0 tri        592     260     613
1045 0 tri        362     485     212
1046 0 tri        485     362     484
1047 0 tri        648     465     464
1048 0 tri        465     648     647
1049 0 tri         83      40      41
1050 0 tri        203      83      42
1051 0 tri         85      60      61
1052 0 tri        311      85      62
1053 0 tri         84      20      21
1054 0 tri        537      84      22
1055 0 tri         82      80       1
1056 0 tri        531      82       2
1057 0 tri        405     512     406
1058 0 tri        557     405     407
1059 0 tri        516     632     631
1060 0 tri        397     632     516
1061 0 tri        107     557     514
1062 0 tri        108     107     651
1063 0 tri        183     182     666
1064 0 tri        183     188      36
1065 0 tri        128     127     455
1066 0 tri        128     123      16
1067 0 tri        145     144     460
1068 0 tri        145     134      76
1069 0 tri        550     641     328
1070 0 tri        550     551     359
1071 0 tri        654     384     220
1072 0 tri        384     654     604
1073 0 tri        288     287     410
1074 0 tri        275     288     327
1075 0 tri        118     117     443
1076 0 tri        118     631     116
1077 0 tri        297     487     295
1078 0 tri        297     296     544
1079 0 tri        190      38      39
1080 0 tri        194     190     191
1081 0 tri        109      78      79
1082 0 tri        256     109     110
1083 0 tri        119      18      19
1084 0 tri        250     119     120
1085 0 tri        223     603     224
1086 0 tri        603     223     192
1087 0 tri        222     201     200
1088 0 tri         57     222      56
1089 0 tri        237     573     238
1090 0 tri         66     237      65
1091 0 tri         90     575      91
1092 0 tri          6      90       5
1093 0 tri         95     574      96
1094 0 tri         26      95      25
1095 0 tri        477     269     468
1096 0 tri        477     327     326
1097 0 tri        136     636     134
1098 0 tri        168     136     135
1099 0 tri        502     608     595
1100 0 tri        502     644     503
1101 0 tri        661     321     202
1102 0 tri        208     661     662
1103 0 tri        411     154     156
1104 0 tri        245     411     643
1105 0 tri        414     129     131
1106 0 tri        148     414     138
1107 0 tri        175     304     174
1108 0 tri        160     175     161
1109 0 tri        499     307     306
1110 0 tri        499     639     498
1111 0 tri        178     177     171
1112 0 tri         54     178      53
1113 0 tri        204      44     206
1114 0 tri        202     204     662
1115 0 tri        666     534     533
1116 0 tri        534     666     182
1117 0 tri        289     620     582
1118 0 tri        289     305     290
1119 0 tri        217     600     626
1120 0 tri        215     217     361
1121 0 tri        216      51     195
1122 0 tri        216     600     217
1123 0 tri        168      92      94
1124 0 tri         92     168     135
1125 0 tri        143      97      99
1126 0 tri         97     143     124
1127 0 tri        152     197     153
1128 0 tri        197     152     189
1129 0 tri        314      80      82
1130 0 tri        110     314     531
1131 0 tri        317      20      84
1132 0 tri        120     317     537
1133 0 tri        320      40      83
1134 0 tri        191     320     203
1135 0 tri        378     470     472
1136 0 tri        378     511     332
1137 0 tri        497     637     597
1138 0 tri        303     497     596
1139 0 tri        163     129     150
1140 0 tri         14     163      13
1141 0 tri        172     154     173
1142 0 tri         74     172      73
1143 0 tri        140     304     141
1144 0 tri         34     140      33
1145 0 tri        185     486     408
1146 0 tri        185     665     635
1147 0 tri        660     321     661
1148 0 tri        660     532     534
1149 0 tri        668     111     336
1150 0 tri        111     668     112
1151 0 tri        607     467     642
1152 0 tri        607     641     550
1153 0 tri        585     325     278
1154 0 tri        325     585     606
1155 0 tri        484     433     323
1156 0 tri        433     484     610
1157 0 tri         55     402     176
1158 0 tri        402      55      56
1159 0 tri        400     114      95
1160 0 tri         27     400      26
1161 0 tri        231      67     232
1162 0 tri        231     233     237
1163 0 tri        100       7     101
1164 0 tri        100     102      90
1165 0 tri        447     419     357
1166 0 tri        209     447     448
1167 0 tri        347     264     424
1168 0 tri        264     347     549
1169 0 tri        170     196     171
1170 0 tri        196     170     195
1171 0 tri        491     395     394
1172 0 tri        491     573     237
1173 0 tri        517     396     398
1174 0 tri        517     574      95
1175 0 tri        200     572     559
1176 0 tri        200     403     222
1177 0 tri        515     407     406
1178 0 tri        515     575      90
1179 0 tri        643     166     608
1180 0 tri        166     643     411
1181 0 tri        159     645     353
1182 0 tri        404     159     513
1183 0 tri        570     634     368
1184 0 tri        570     655     633
1185 0 tri        299     364     620
1186 0 tri        300     299     291
1187 0 tri        543     241     240
1188 0 tri        241     543     612
1189 0 tri        274     650     568
1190 0 tri        614     650     274
1191 0 tri        434     343     567
1192 0 tri        434     667     619
1193 0 tri        546     598     239
1194 0 tri        545     598     546
1195 0 tri        616     280     345
1196 0 tri        617     616     273
1197 0 tri        375     518     376
1198 0 tri        518     375     386
1199 0 tri        369     521     370
1200 0 tri        521     369     445
1201 0 tri        379     524     380
1202 0 tri        524     379     219
1203 0 tri        360     544     546
1204 0 tri        544     360     297
1205 0 tri        162     161     576
1206 0 tri        162     577     498
1207 0 tri        139     131     578
1208 0 tri        139     579     597
1209 0 tri        418     417     187
1210 0 tri        418     174      34
1211 0 tri        413     412     636
1212 0 tri        413     155      74
1213 0 tri        416     415     122
1214 0 tri        416     130      14
1215 0 tri        494     585     278
1216 0 tri        366     494     277
1217 0 tri        436     617     435
1218 0 tri        438     436     627
1219 0 tri        458     189     666
1220 0 tri        459     458     533
1221 0 tri        375     652     387
1222 0 tri        265     652     375
1223 0 tri        293     213     566
1224 0 tri        294     293     565
1225 0 tri        601     609     626
1226 0 tri        170     601     195
1227 0 tri        619     667     480
1228 0 tri        271     619     628
1229 0 tri        147     133       9
1230 0 tri        147      10     164
1231 0 tri        179      70     180
1232 0 tri        192     179     181
1233 0 tri        126     121      29
1234 0 tri        126      30     137
1235 0 tri        642     641     607
1236 0 tri        642     467     466
1237 0 tri        473     623     305
1238 0 tri        473     307     499
1239 0 tri        635     609     599
1240 0 tri        635     186     185
1241 0 tri        482     663     296
1242 0 tri        663     482     234
1243 0 tri        493     591     565
1244 0 tri        591     493     372
1245 0 tri        392     647     466
1246 0 tri        239     392     467
1247 0 tri        501     594     644
1248 0 tri        501     595     167
1249 0 tri        597     495     596
1250 0 tri        495     597     142
1251 0 tri        488     359     604
1252 0 tri        488     478     326
1253 0 tri        549     548     264
1254 0 tri        549     562     653
