1    0.000000000000000e+00   0.000000000000000e+00   0.000000000000000e+00 
2    5.000000000000000e-03   0.000000000000000e+00   0.000000000000000e+00 
3    1.000000000000000e-02   0.000000000000000e+00   0.000000000000000e+00 
4    1.500000000000000e-02   0.000000000000000e+00   0.000000000000000e+00 
5    2.000000000000000e-02   0.000000000000000e+00   0.000000000000000e+00 
6    2.500000000000000e-02   0.000000000000000e+00   0.000000000000000e+00 
7    3.000000000000000e-02   0.000000000000000e+00   0.000000000000000e+00 
8    3.500000000000000e-02   0.000000000000000e+00   0.000000000000000e+00 
9    4.000000000000000e-02   0.000000000000000e+00   0.000000000000000e+00 
10    4.500000000000000e-02   0.000000000000000e+00   0.000000000000000e+00 
11    5.000000000000000e-02   0.000000000000000e+00   0.000000000000000e+00 
12    5.499999999999999e-02   0.000000000000000e+00   0.000000000000000e+00 
13    6.000000000000000e-02   0.000000000000000e+00   0.000000000000000e+00 
14    6.500000000000000e-02   0.000000000000000e+00   0.000000000000000e+00 
15    7.000000000000001e-02   0.000000000000000e+00   0.000000000000000e+00 
16    7.500000000000000e-02   0.000000000000000e+00   0.000000000000000e+00 
17    8.000000000000000e-02   0.000000000000000e+00   0.000000000000000e+00 
18    8.500000000000001e-02   0.000000000000000e+00   0.000000000000000e+00 
19    9.000000000000000e-02   0.000000000000000e+00   0.000000000000000e+00 
20    9.500000000000000e-02   0.000000000000000e+00   0.000000000000000e+00 
21    1.000000000000000e-01   0.000000000000000e+00   0.000000000000000e+00 
22    1.000000000000000e-01   5.000000000000000e-03   0.000000000000000e+00 
23    1.000000000000000e-01   1.000000000000000e-02   0.000000000000000e+00 
24    1.000000000000000e-01   1.500000000000000e-02   0.000000000000000e+00 
25    1.000000000000000e-01   2.000000000000000e-02   0.000000000000000e+00 
26    1.000000000000000e-01   2.500000000000000e-02   0.000000000000000e+00 
27    9.999999999999999e-02   3.000000000000000e-02   0.000000000000000e+00 
28    9.999999999999999e-02   3.500000000000000e-02   0.000000000000000e+00 
29    1.000000000000000e-01   4.000000000000000e-02   0.000000000000000e+00 
30    1.000000000000000e-01   4.500000000000000e-02   0.000000000000000e+00 
31    1.000000000000000e-01   5.000000000000000e-02   0.000000000000000e+00 
32    1.000000000000000e-01   5.499999999999999e-02   0.000000000000000e+00 
33    1.000000000000000e-01   6.000000000000000e-02   0.000000000000000e+00 
34    1.000000000000000e-01   6.500000000000000e-02   0.000000000000000e+00 
35    1.000000000000000e-01   7.000000000000001e-02   0.000000000000000e+00 
36    1.000000000000000e-01   7.500000000000000e-02   0.000000000000000e+00 
37    1.000000000000000e-01   8.000000000000000e-02   0.000000000000000e+00 
38    1.000000000000000e-01   8.500000000000001e-02   0.000000000000000e+00 
39    1.000000000000000e-01   9.000000000000000e-02   0.000000000000000e+00 
40    1.000000000000000e-01   9.500000000000000e-02   0.000000000000000e+00 
41    1.000000000000000e-01   1.000000000000000e-01   0.000000000000000e+00 
42    9.500000000000000e-02   1.000000000000000e-01   0.000000000000000e+00 
43    9.000000000000001e-02   1.000000000000000e-01   0.000000000000000e+00 
44    8.500000000000001e-02   1.000000000000000e-01   0.000000000000000e+00 
45    8.000000000000002e-02   1.000000000000000e-01   0.000000000000000e+00 
46    7.500000000000001e-02   1.000000000000000e-01   0.000000000000000e+00 
47    6.999999999999999e-02   9.999999999999999e-02   0.000000000000000e+00 
48    6.499999999999999e-02   9.999999999999999e-02   0.000000000000000e+00 
49    6.000000000000001e-02   1.000000000000000e-01   0.000000000000000e+00 
50    5.500000000000001e-02   1.000000000000000e-01   0.000000000000000e+00 
51    5.000000000000000e-02   1.000000000000000e-01   0.000000000000000e+00 
52    4.500000000000001e-02   1.000000000000000e-01   0.000000000000000e+00 
53    4.000000000000001e-02   1.000000000000000e-01   0.000000000000000e+00 
54    3.500000000000000e-02   1.000000000000000e-01   0.000000000000000e+00 
55    3.000000000000000e-02   1.000000000000000e-01   0.000000000000000e+00 
56    2.500000000000001e-02   1.000000000000000e-01   0.000000000000000e+00 
57    2.000000000000001e-02   1.000000000000000e-01   0.000000000000000e+00 
58    1.500000000000000e-02   1.000000000000000e-01   0.000000000000000e+00 
59    1.000000000000001e-02   1.000000000000000e-01   0.000000000000000e+00 
60    5.000000000000004e-03   1.000000000000000e-01   0.000000000000000e+00 
61    0.000000000000000e+00   1.000000000000000e-01   0.000000000000000e+00 
62    0.000000000000000e+00   9.500000000000000e-02   0.000000000000000e+00 
63    0.000000000000000e+00   9.000000000000001e-02   0.000000000000000e+00 
64    0.000000000000000e+00   8.500000000000001e-02   0.000000000000000e+00 
65    0.000000000000000e+00   8.000000000000002e-02   0.000000000000000e+00 
66    0.000000000000000e+00   7.500000000000001e-02   0.000000000000000e+00 
67    0.000000000000000e+00   6.999999999999999e-02   0.000000000000000e+00 
68    0.000000000000000e+00   6.499999999999999e-02   0.000000000000000e+00 
69    0.000000000000000e+00   6.000000000000001e-02   0.000000000000000e+00 
70    0.000000000000000e+00   5.500000000000001e-02   0.000000000000000e+00 
71    0.000000000000000e+00   5.000000000000000e-02   0.000000000000000e+00 
72    0.000000000000000e+00   4.500000000000001e-02   0.000000000000000e+00 
73    0.000000000000000e+00   4.000000000000001e-02   0.000000000000000e+00 
74    0.000000000000000e+00   3.500000000000000e-02   0.000000000000000e+00 
75    0.000000000000000e+00   3.000000000000000e-02   0.000000000000000e+00 
76    0.000000000000000e+00   2.500000000000001e-02   0.000000000000000e+00 
77    0.000000000000000e+00   2.000000000000001e-02   0.000000000000000e+00 
78    0.000000000000000e+00   1.500000000000000e-02   0.000000000000000e+00 
79    0.000000000000000e+00   1.000000000000001e-02   0.000000000000000e+00 
80    0.000000000000000e+00   5.000000000000004e-03   0.000000000000000e+00 
81    4.472411249708454e-03   8.741311140667209e-02   0.000000000000000e+00 
82    2.559995828284470e-03   3.539572180648090e-03   0.000000000000000e+00 
83    9.741720377018069e-02   9.640824070020918e-02   0.000000000000000e+00 
84    9.646042781935191e-02   2.559995828284471e-03   0.000000000000000e+00 
85    2.381940089395042e-03   9.760720670543398e-02   0.000000000000000e+00 
86    1.278491370717569e-02   4.389601087818994e-03   0.000000000000000e+00 
87    8.419172444098034e-03   3.479318292316179e-03   0.000000000000000e+00 
88    9.556501879557627e-02   1.270578197665732e-02   0.000000000000000e+00 
89    9.647778530253215e-02   8.527343628767403e-03   0.000000000000000e+00 
90    2.315132688270959e-02   3.687124667625154e-03   0.000000000000000e+00 
91    1.795997915208436e-02   3.758507318658943e-03   0.000000000000000e+00 
92    1.553195145208500e-02   2.519391440242666e-02   0.000000000000000e+00 
93    1.919578582324317e-02   2.352301037191568e-02   0.000000000000000e+00 
94    1.871533880472878e-02   2.815141607081552e-02   0.000000000000000e+00 
95    9.646010931342804e-02   2.300287999868628e-02   0.000000000000000e+00 
96    9.624675895044620e-02   1.786994077769880e-02   0.000000000000000e+00 
97    7.473606316922346e-02   1.596313849252171e-02   0.000000000000000e+00 
98    7.667176292609886e-02   1.928179333382267e-02   0.000000000000000e+00 
99    7.228849689300253e-02   1.903999038664179e-02   0.000000000000000e+00 
100    2.720868303770845e-02   2.398149136639947e-03   0.000000000000000e+00 
101    3.092008710365880e-02   3.441808670837656e-03   0.000000000000000e+00 
102    2.731507083403280e-02   5.509027742636560e-03   0.000000000000000e+00 
103    7.965380750399168e-03   4.912879923531541e-02   0.000000000000000e+00 
104    1.107440995077854e-02   5.283072736377940e-02   0.000000000000000e+00 
105    6.703178296336265e-03   5.303977905590281e-02   0.000000000000000e+00 
106    3.327694546343085e-02   1.369204875305152e-02   0.000000000000000e+00 
107    3.102679678576364e-02   1.058830759885262e-02   0.000000000000000e+00 
108    3.460264914804472e-02   9.675412591706987e-03   0.000000000000000e+00 
109    3.003366308875772e-03   1.348893477431958e-02   0.000000000000000e+00 
110    5.065947304801423e-03   1.005923592646435e-02   0.000000000000000e+00 
111    7.565505234366290e-02   2.942197465237466e-02   0.000000000000000e+00 
112    7.922325504910416e-02   2.771104832355646e-02   0.000000000000000e+00 
113    7.808193485376129e-02   3.159326906105160e-02   0.000000000000000e+00 
114    9.439564208229792e-02   2.724414163430258e-02   0.000000000000000e+00 
115    9.266152439285150e-02   3.098311535606826e-02   0.000000000000000e+00 
116    9.075606299788727e-02   2.757487359099737e-02   0.000000000000000e+00 
117    9.019094390112392e-02   3.465829017817154e-02   0.000000000000000e+00 
118    8.921123395601789e-02   3.097660968615201e-02   0.000000000000000e+00 
119    8.651669985967532e-02   3.039252107651152e-03   0.000000000000000e+00 
120    8.993045781619027e-02   5.077510839832673e-03   0.000000000000000e+00 
121    9.627593656649235e-02   3.914687794425487e-02   0.000000000000000e+00 
122    6.979475007397354e-02   6.690281344119906e-03   0.000000000000000e+00 
123    7.505335055107146e-02   5.401530893410686e-03   0.000000000000000e+00 
124    7.489558879547421e-02   1.106004954951094e-02   0.000000000000000e+00 
125    9.396180035337902e-02   4.283920147261137e-02   0.000000000000000e+00 
126    9.733328399482277e-02   4.270426999725249e-02   0.000000000000000e+00 
127    8.253270111023342e-02   3.566260807897417e-03   0.000000000000000e+00 
128    7.854795302358138e-02   3.305163946822358e-03   0.000000000000000e+00 
129    6.200462599742587e-02   5.521800888619615e-03   0.000000000000000e+00 
130    6.527908031933831e-02   4.463928073292005e-03   0.000000000000000e+00 
131    6.426851792288653e-02   8.608586037540261e-03   0.000000000000000e+00 
132    8.246647617380581e-02   3.002701945668016e-02   0.000000000000000e+00 
133    3.941077993716947e-02   3.634305959940595e-03   0.000000000000000e+00 
134    5.851795475124178e-03   2.510913605559208e-02   0.000000000000000e+00 
135    1.129860065168027e-02   2.390634825104283e-02   0.000000000000000e+00 
136    9.055005021235367e-03   2.779836451943134e-02   0.000000000000000e+00 
137    9.654209167031362e-02   4.629394832435316e-02   0.000000000000000e+00 
138    6.023738834611887e-02   1.126446944153448e-02   0.000000000000000e+00 
139    6.448351907822561e-02   1.339833232789123e-02   0.000000000000000e+00 
140    9.735431991803534e-02   6.152494366468185e-02   0.000000000000000e+00 
141    9.664224449291274e-02   5.786274883318693e-02   0.000000000000000e+00 
142    6.904604140902770e-02   1.768450388482594e-02   0.000000000000000e+00 
143    7.128471558941793e-02   1.503572729846413e-02   0.000000000000000e+00 
144    3.454460951899637e-03   1.751767605004681e-02   0.000000000000000e+00 
145    3.489974181052442e-03   2.149723550973128e-02   0.000000000000000e+00 
146    4.342059943652053e-02   5.335348062878425e-03   0.000000000000000e+00 
147    4.287160061342799e-02   2.423644530394394e-03   0.000000000000000e+00 
148    5.614636091976728e-02   8.823343557718319e-03   0.000000000000000e+00 
149    5.334740596590470e-02   4.576865597258610e-03   0.000000000000000e+00 
150    5.829002700474813e-02   4.030827576523002e-03   0.000000000000000e+00 
151    8.252815412114173e-02   6.966386718265635e-02   0.000000000000000e+00 
152    8.563255681335701e-02   7.150690905028544e-02   0.000000000000000e+00 
153    8.237508618597052e-02   7.262962528224300e-02   0.000000000000000e+00 
154    5.822950270671565e-03   3.797338392746955e-02   0.000000000000000e+00 
155    5.111101150739491e-03   3.426127776355731e-02   0.000000000000000e+00 
156    8.779775643200915e-03   3.608297183228472e-02   0.000000000000000e+00 
157    3.326978334962319e-02   2.224101077128631e-02   0.000000000000000e+00 
158    2.990833313155452e-02   2.443691004530990e-02   0.000000000000000e+00 
159    2.822395975760542e-02   2.085926780114991e-02   0.000000000000000e+00 
160    8.872780470143543e-02   6.104108416807264e-02   0.000000000000000e+00 
161    9.071535154841044e-02   6.509169603572244e-02   0.000000000000000e+00 
162    8.650300140507017e-02   6.498582337946764e-02   0.000000000000000e+00 
163    6.211519473706540e-02   2.860012650851817e-03   0.000000000000000e+00 
164    4.595074224597804e-02   2.804050913108563e-03   0.000000000000000e+00 
165    1.310272926049195e-02   3.442623154901611e-02   0.000000000000000e+00 
166    1.120400934601605e-02   3.812214894106300e-02   0.000000000000000e+00 
167    1.677655427369341e-02   3.180751820560481e-02   0.000000000000000e+00 
168    1.338389282047799e-02   2.888613696331072e-02   0.000000000000000e+00 
169    4.037321638816827e-02   9.133655748149729e-02   0.000000000000000e+00 
170    4.433501120180246e-02   9.391351483233523e-02   0.000000000000000e+00 
171    4.023418786283031e-02   9.571255554634507e-02   0.000000000000000e+00 
172    2.892719686162560e-03   3.787270325891676e-02   0.000000000000000e+00 
173    4.085918249335945e-03   4.170667696040845e-02   0.000000000000000e+00 
174    9.506460346754245e-02   6.472209593710114e-02   0.000000000000000e+00 
175    9.217784470431001e-02   6.161858222257585e-02   0.000000000000000e+00 
176    3.299653077086722e-02   9.694048880294331e-02   0.000000000000000e+00 
177    3.596329170106726e-02   9.414558605809711e-02   0.000000000000000e+00 
178    3.692139557461035e-02   9.736540754855926e-02   0.000000000000000e+00 
179    2.500921339785458e-03   5.694379228586714e-02   0.000000000000000e+00 
180    3.152166511062077e-03   5.358637663176689e-02   0.000000000000000e+00 
181    4.981499440633773e-03   5.609307878722777e-02   0.000000000000000e+00 
182    9.586604648053963e-02   8.274740556724555e-02   0.000000000000000e+00 
183    9.643671294146736e-02   7.838547965585543e-02   0.000000000000000e+00 
184    3.865725647148641e-02   8.617018025400042e-02   0.000000000000000e+00 
185    4.297724483471418e-02   8.468860201428240e-02   0.000000000000000e+00 
186    4.265667696552267e-02   8.782391571695206e-02   0.000000000000000e+00 
187    9.322582712047937e-02   6.978281858919345e-02   0.000000000000000e+00 
188    9.463709417161778e-02   7.472997489115685e-02   0.000000000000000e+00 
189    8.955404957389160e-02   7.389318784839111e-02   0.000000000000000e+00 
190    9.701912326601679e-02   8.672462621383351e-02   0.000000000000000e+00 
191    9.523403920890335e-02   8.989303625695019e-02   0.000000000000000e+00 
192    4.370940747231440e-03   6.003950601034101e-02   0.000000000000000e+00 
193    5.611714300131237e-03   6.495615925323858e-02   0.000000000000000e+00 
194    9.421542157088005e-02   8.622762831244651e-02   0.000000000000000e+00 
195    4.794950253885884e-02   9.646121559337448e-02   0.000000000000000e+00 
196    4.350374032069833e-02   9.721745719441095e-02   0.000000000000000e+00 
197    8.511274216885158e-02   7.535054775630551e-02   0.000000000000000e+00 
198    8.029881506792248e-02   7.609076532842569e-02   0.000000000000000e+00 
199    1.951267124448765e-02   9.159908682866381e-02   0.000000000000000e+00 
200    2.319122964020093e-02   9.307007596288423e-02   0.000000000000000e+00 
201    2.065694669340430e-02   9.431517964131511e-02   0.000000000000000e+00 
202    9.034863144292497e-02   9.547467352869568e-02   0.000000000000000e+00 
203    9.460533647485762e-02   9.445840288681817e-02   0.000000000000000e+00 
204    8.658864134120431e-02   9.697855044990113e-02   0.000000000000000e+00 
205    8.107246275395855e-02   9.191094812205790e-02   0.000000000000000e+00 
206    8.256438371417980e-02   9.627981777423880e-02   0.000000000000000e+00 
207    7.748016346805806e-02   9.559817098624532e-02   0.000000000000000e+00 
208    8.464304261437917e-02   8.888647746352986e-02   0.000000000000000e+00 
209    8.012078294122971e-02   8.722041279021861e-02   0.000000000000000e+00 
210    6.521147156194279e-02   9.667710631892044e-02   0.000000000000000e+00 
211    6.109726067175676e-02   9.434570219676786e-02   0.000000000000000e+00 
212    5.877759862799367e-02   8.702311451008522e-02   0.000000000000000e+00 
213    6.334855775599385e-02   8.678200746704826e-02   0.000000000000000e+00 
214    6.118552616463362e-02   9.016825441952295e-02   0.000000000000000e+00 
215    5.664770659325639e-02   9.613127076006875e-02   0.000000000000000e+00 
216    5.253854700960383e-02   9.684220902529625e-02   0.000000000000000e+00 
217    5.395561445670346e-02   9.407495344131198e-02   0.000000000000000e+00 
218    1.482111384704506e-02   5.479897452988485e-02   0.000000000000000e+00 
219    1.516279990659996e-02   5.079623952779606e-02   0.000000000000000e+00 
220    1.897247988190530e-02   5.379740723272004e-02   0.000000000000000e+00 
221    1.789478696751190e-02   9.581870403705690e-02   0.000000000000000e+00 
222    2.223168564450944e-02   9.651416502586160e-02   0.000000000000000e+00 
223    8.870852849866107e-03   6.109784124389003e-02   0.000000000000000e+00 
224    1.221104551814880e-02   5.777158761303268e-02   0.000000000000000e+00 
225    1.355580623394070e-02   6.226843694252968e-02   0.000000000000000e+00 
226    1.407481751714130e-02   7.157846407311885e-02   0.000000000000000e+00 
227    1.120230698663864e-02   6.921016860092812e-02   0.000000000000000e+00 
228    1.497568636412102e-02   6.715274802263967e-02   0.000000000000000e+00 
229    1.238955435115213e-02   9.543724484034370e-02   0.000000000000000e+00 
230    1.554439786849068e-02   9.273346403015738e-02   0.000000000000000e+00 
231    2.507560301310908e-03   7.279198354328050e-02   0.000000000000000e+00 
232    3.447755632291683e-03   6.912361803016327e-02   0.000000000000000e+00 
233    5.757458313566562e-03   7.285442314117784e-02   0.000000000000000e+00 
234    4.061009890649045e-02   6.988627475063382e-02   0.000000000000000e+00 
235    4.641186961486805e-02   6.815784724942386e-02   0.000000000000000e+00 
236    4.389245676754099e-02   7.249006913262163e-02   0.000000000000000e+00 
237    3.566103497960947e-03   7.696461232370445e-02   0.000000000000000e+00 
238    3.760637596664802e-03   8.214370598230195e-02   0.000000000000000e+00 
239    2.768259614785291e-02   7.657592376469752e-02   0.000000000000000e+00 
240    3.051366539004351e-02   8.134102629685079e-02   0.000000000000000e+00 
241    2.604916211890518e-02   8.132801605445109e-02   0.000000000000000e+00 
242    3.392000908091578e-03   9.191982293042082e-02   0.000000000000000e+00 
243    9.180055712404309e-02   5.684572275374285e-02   0.000000000000000e+00 
244    9.589238049941745e-02   5.341936616085144e-02   0.000000000000000e+00 
245    8.723466550968636e-03   4.427120040706428e-02   0.000000000000000e+00 
246    4.244341209893218e-03   4.671149152645870e-02   0.000000000000000e+00 
247    5.181577099833646e-02   8.520891610961640e-03   0.000000000000000e+00 
248    4.790646212462302e-02   1.142094439903112e-02   0.000000000000000e+00 
249    4.821087847733909e-02   5.977187319875589e-03   0.000000000000000e+00 
250    8.512034037195287e-02   6.552488890525671e-03   0.000000000000000e+00 
251    7.944684225830749e-03   9.654393119941875e-02   0.000000000000000e+00 
252    7.305919148004859e-02   9.674716799555619e-02   0.000000000000000e+00 
253    9.201346437966324e-02   5.133720053490300e-02   0.000000000000000e+00 
254    8.865048022705929e-02   4.814636624417462e-02   0.000000000000000e+00 
255    9.260584003800676e-02   4.701782077650543e-02   0.000000000000000e+00 
256    6.496423287677799e-03   1.486776189508673e-02   0.000000000000000e+00 
257    4.879550382848052e-02   2.716873680175452e-02   0.000000000000000e+00 
258    4.557668750956398e-02   2.383663318834437e-02   0.000000000000000e+00 
259    4.991632416090307e-02   2.314294669872255e-02   0.000000000000000e+00 
260    4.786689000906698e-02   5.820746440224076e-02   0.000000000000000e+00 
261    4.576579407019330e-02   6.264666110205699e-02   0.000000000000000e+00 
262    4.387576557964350e-02   5.930521361259795e-02   0.000000000000000e+00 
263    9.541754280469453e-02   4.966769122675759e-02   0.000000000000000e+00 
264    7.457846582585574e-02   4.580685831656457e-02   0.000000000000000e+00 
265    7.661586435622170e-02   4.942225772522300e-02   0.000000000000000e+00 
266    7.293698626289101e-02   4.945292878686031e-02   0.000000000000000e+00 
267    4.449101031800237e-03   5.047125746686820e-02   0.000000000000000e+00 
268    3.056504534802784e-02   4.662505564921939e-02   0.000000000000000e+00 
269    2.821232547086421e-02   5.022942848913805e-02   0.000000000000000e+00 
270    2.681125890563143e-02   4.634751043298904e-02   0.000000000000000e+00 
271    5.454951253933305e-02   3.875533267999561e-02   0.000000000000000e+00 
272    5.910589611064576e-02   3.782181531472335e-02   0.000000000000000e+00 
273    5.798405738385908e-02   4.191952789019059e-02   0.000000000000000e+00 
274    4.059524365763294e-02   4.939677273352407e-02   0.000000000000000e+00 
275    3.626888295145758e-02   5.076837071849826e-02   0.000000000000000e+00 
276    3.679047278432306e-02   4.786818896851816e-02   0.000000000000000e+00 
277    5.794712332122921e-02   6.909475715338710e-02   0.000000000000000e+00 
278    5.598384274981776e-02   6.491238336904467e-02   0.000000000000000e+00 
279    6.083845018122951e-02   6.552947543532292e-02   0.000000000000000e+00 
280    5.383116868888693e-02   4.742219721630771e-02   0.000000000000000e+00 
281    4.959251643048588e-02   4.940076806759378e-02   0.000000000000000e+00 
282    5.027339268860676e-02   4.516801429698852e-02   0.000000000000000e+00 
283    4.390540195365983e-02   3.564470526021276e-02   0.000000000000000e+00 
284    4.223480035769330e-02   3.865124177302277e-02   0.000000000000000e+00 
285    4.094615989144460e-02   3.543899587857117e-02   0.000000000000000e+00 
286    4.188970088744543e-02   5.368466100323963e-02   0.000000000000000e+00 
287    4.066192344889568e-02   5.756869492602187e-02   0.000000000000000e+00 
288    3.738260540849858e-02   5.435146560097365e-02   0.000000000000000e+00 
289    6.686733079773598e-02   6.054357725300997e-02   0.000000000000000e+00 
290    6.600011230748169e-02   6.518889596872521e-02   0.000000000000000e+00 
291    6.298753505907873e-02   6.135398596300777e-02   0.000000000000000e+00 
292    6.833644837776740e-02   8.598706004648697e-02   0.000000000000000e+00 
293    6.476437390699641e-02   8.331130312880847e-02   0.000000000000000e+00 
294    6.775006407253896e-02   8.127704130059481e-02   0.000000000000000e+00 
295    3.526740324480456e-02   6.395270786790099e-02   0.000000000000000e+00 
296    3.429772984514269e-02   6.795292348579542e-02   0.000000000000000e+00 
297    3.119157541741392e-02   6.586122657270661e-02   0.000000000000000e+00 
298    5.624154522143982e-02   5.953032965552822e-02   0.000000000000000e+00 
299    6.065788758353981e-02   5.904723539922335e-02   0.000000000000000e+00 
300    5.936162794480494e-02   6.202395425020277e-02   0.000000000000000e+00 
301    6.172896833035761e-02   2.932086862345536e-02   0.000000000000000e+00 
302    5.845201804097999e-02   2.540108954074613e-02   0.000000000000000e+00 
303    6.292312641139293e-02   2.574300096839889e-02   0.000000000000000e+00 
304    9.460791394136872e-02   6.051481868225772e-02   0.000000000000000e+00 
305    7.071299519912595e-02   6.210991901821986e-02   0.000000000000000e+00 
306    7.434118177600517e-02   5.844976252482890e-02   0.000000000000000e+00 
307    7.399186071526723e-02   6.181694094220358e-02   0.000000000000000e+00 
308    2.966003232853030e-02   3.799398202948098e-02   0.000000000000000e+00 
309    2.547198400920304e-02   4.140242862511445e-02   0.000000000000000e+00 
310    2.597816517882538e-02   3.685591504010392e-02   0.000000000000000e+00 
311    4.527760357580164e-03   9.542882682173591e-02   0.000000000000000e+00 
312    8.126579841974679e-03   9.161294323392175e-02   0.000000000000000e+00 
313    7.990730858078658e-03   8.750191694846343e-02   0.000000000000000e+00 
314    2.485762985003230e-03   6.809970941901888e-03   0.000000000000000e+00 
315    9.392851393905300e-03   7.799079606292731e-03   0.000000000000000e+00 
316    1.276905652998554e-02   7.910155370106095e-03   0.000000000000000e+00 
317    9.319002905809810e-02   2.485762985003232e-03   0.000000000000000e+00 
318    9.213417630904107e-02   9.471026559617297e-03   0.000000000000000e+00 
319    9.199708275000608e-02   1.281031743869673e-02   0.000000000000000e+00 
320    9.748687653315495e-02   9.312740451512683e-02   0.000000000000000e+00 
321    9.215736007153845e-02   9.168906165147876e-02   0.000000000000000e+00 
322    4.758567082911493e-02   7.323942914467395e-02   0.000000000000000e+00 
323    4.922104082536571e-02   7.731712443506966e-02   0.000000000000000e+00 
324    4.463537482764183e-02   7.685119694459425e-02   0.000000000000000e+00 
325    5.283886604932477e-02   6.308423292915917e-02   0.000000000000000e+00 
326    3.236003476899800e-02   5.702321203359315e-02   0.000000000000000e+00 
327    3.377581132888725e-02   5.299902715936367e-02   0.000000000000000e+00 
328    1.990512863005586e-02   6.699135180590067e-02   0.000000000000000e+00 
329    1.814022336051029e-02   7.054130321258481e-02   0.000000000000000e+00 
330    3.501365339414330e-02   5.405199538600940e-03   0.000000000000000e+00 
331    3.772401724117708e-02   2.901108455608648e-02   0.000000000000000e+00 
332    3.313565275509963e-02   2.731899879007795e-02   0.000000000000000e+00 
333    3.654268840200767e-02   2.517211750243129e-02   0.000000000000000e+00 
334    9.457102463314732e-02   3.503870091454895e-02   0.000000000000000e+00 
335    7.300844793548759e-02   3.344891283388049e-02   0.000000000000000e+00 
336    7.191176470588234e-02   2.808823529411765e-02   0.000000000000000e+00 
337    3.097116136954749e-02   9.339566966596198e-02   0.000000000000000e+00 
338    4.048103099139083e-02   7.432479989537982e-02   0.000000000000000e+00 
339    4.010424736462800e-02   7.850107691919742e-02   0.000000000000000e+00 
340    3.657485796125803e-02   7.588630428537023e-02   0.000000000000000e+00 
341    5.059432042398135e-02   4.101994619784666e-02   0.000000000000000e+00 
342    4.733366138586514e-02   4.286912527693581e-02   0.000000000000000e+00 
343    4.666243427390723e-02   3.889518242314485e-02   0.000000000000000e+00 
344    4.257010409821848e-02   3.135637162732093e-02   0.000000000000000e+00 
345    5.407981456142835e-02   4.336767113796229e-02   0.000000000000000e+00 
346    7.049233919511375e-02   3.873820501378064e-02   0.000000000000000e+00 
347    7.268305648566767e-02   4.230851390089276e-02   0.000000000000000e+00 
348    6.851092771524656e-02   4.327511324934504e-02   0.000000000000000e+00 
349    7.491577069089991e-02   7.515361456005056e-02   0.000000000000000e+00 
350    7.660037528341274e-02   7.917972339723867e-02   0.000000000000000e+00 
351    7.922554201406849e-02   2.320700665069619e-02   0.000000000000000e+00 
352    7.392774393715328e-02   2.316932397792150e-02   0.000000000000000e+00 
353    2.328314991559795e-02   2.087849309745730e-02   0.000000000000000e+00 
354    2.324609443462031e-02   2.623170623048657e-02   0.000000000000000e+00 
355    7.329609120795157e-02   9.352839801356673e-02   0.000000000000000e+00 
356    7.013254863397662e-02   7.899494603096258e-02   0.000000000000000e+00 
357    7.288201879509604e-02   8.234947397467290e-02   0.000000000000000e+00 
358    4.541666338488549e-02   5.148099564452386e-02   0.000000000000000e+00 
359    2.727391087678944e-02   6.392446637381825e-02   0.000000000000000e+00 
360    2.794529366648756e-02   6.840135517269766e-02   0.000000000000000e+00 
361    5.682823316640287e-02   9.145478706698838e-02   0.000000000000000e+00 
362    5.377182353383414e-02   8.698038204486830e-02   0.000000000000000e+00 
363    5.703365770416678e-02   5.433612388971402e-02   0.000000000000000e+00 
364    5.996847467716733e-02   5.641335830447080e-02   0.000000000000000e+00 
365    5.331506491267563e-02   7.699977742898991e-02   0.000000000000000e+00 
366    5.468514279067285e-02   7.273929294200628e-02   0.000000000000000e+00 
367    5.673620248631094e-02   7.619178479048128e-02   0.000000000000000e+00 
368    6.778440110608387e-02   3.546471830266397e-02   0.000000000000000e+00 
369    5.064723499886330e-02   1.885269498167456e-02   0.000000000000000e+00 
370    5.475292219650269e-02   1.915892251833698e-02   0.000000000000000e+00 
371    5.418901962708646e-02   2.239300831771685e-02   0.000000000000000e+00 
372    6.722258817066967e-02   7.309828860665578e-02   0.000000000000000e+00 
373    7.174881812671208e-02   7.123666021856552e-02   0.000000000000000e+00 
374    7.059022130261786e-02   7.569785791212300e-02   0.000000000000000e+00 
375    8.074509106112331e-02   5.062032271022536e-02   0.000000000000000e+00 
376    8.068922408093404e-02   5.473347053355875e-02   0.000000000000000e+00 
377    7.741510809738195e-02   5.410961777609002e-02   0.000000000000000e+00 
378    3.460579992343466e-02   3.121632120949827e-02   0.000000000000000e+00 
379    1.912100318251686e-02   4.883004762660107e-02   0.000000000000000e+00 
380    1.907932370207858e-02   4.526649671833989e-02   0.000000000000000e+00 
381    2.241184213559477e-02   4.578652269039191e-02   0.000000000000000e+00 
382    1.197582394044581e-02   4.781317247707102e-02   0.000000000000000e+00 
383    1.694360810092472e-02   5.862896773877367e-02   0.000000000000000e+00 
384    2.079527950851912e-02   5.742028013713144e-02   0.000000000000000e+00 
385    8.800685553478087e-02   5.268049434374910e-02   0.000000000000000e+00 
386    8.492267471630476e-02   4.930529383823783e-02   0.000000000000000e+00 
387    8.200984432841821e-02   4.595471200163296e-02   0.000000000000000e+00 
388    8.588200659470524e-02   4.571002412309284e-02   0.000000000000000e+00 
389    5.263605429272374e-02   1.221088398866671e-02   0.000000000000000e+00 
390    4.265131179335448e-02   1.230795814842151e-02   0.000000000000000e+00 
391    4.584024087427329e-02   1.629858311633205e-02   0.000000000000000e+00 
392    2.399685610857315e-02   7.841387250171582e-02   0.000000000000000e+00 
393    1.290635817017664e-02   7.551992418762751e-02   0.000000000000000e+00 
394    1.045030664343848e-02   7.898255994654403e-02   0.000000000000000e+00 
395    1.009619256612894e-02   7.587761880549519e-02   0.000000000000000e+00 
396    8.836365431836107e-02   2.439785162820701e-02   0.000000000000000e+00 
397    8.483792176403411e-02   2.132337705866385e-02   0.000000000000000e+00 
398    8.982196676771555e-02   2.055465181466975e-02   0.000000000000000e+00 
399    9.657202206117889e-02   3.090444313006402e-02   0.000000000000000e+00 
400    9.756423952896325e-02   2.720446800410568e-02   0.000000000000000e+00 
401    3.248202673938828e-02   7.695485857658499e-02   0.000000000000000e+00 
402    2.905919114858364e-02   9.709751036392819e-02   0.000000000000000e+00 
403    2.632826360250351e-02   9.515139335073562e-02   0.000000000000000e+00 
404    3.085729925252097e-02   1.757720321049855e-02   0.000000000000000e+00 
405    2.417395997410691e-02   1.322265408556798e-02   0.000000000000000e+00 
406    2.115248244643163e-02   1.045972123122959e-02   0.000000000000000e+00 
407    2.508524437467636e-02   1.063381875698834e-02   0.000000000000000e+00 
408    4.362112575014308e-02   8.115965955264845e-02   0.000000000000000e+00 
409    4.023594798657716e-02   6.214771269245953e-02   0.000000000000000e+00 
410    3.616699323527610e-02   5.949002506501903e-02   0.000000000000000e+00 
411    8.245236623918914e-03   3.994328982218048e-02   0.000000000000000e+00 
412    2.979668538551066e-03   2.825145761694398e-02   0.000000000000000e+00 
413    2.804475481002643e-03   3.144165385539491e-02   0.000000000000000e+00 
414    6.007031000309100e-02   7.645650104890990e-03   0.000000000000000e+00 
415    7.172478736434425e-02   3.054370747127299e-03   0.000000000000000e+00 
416    6.840541441739739e-02   2.854736432147326e-03   0.000000000000000e+00 
417    9.694959635803774e-02   7.161203506953914e-02   0.000000000000000e+00 
418    9.704800538921192e-02   6.822338991916675e-02   0.000000000000000e+00 
419    7.293295240709981e-02   8.681146606409111e-02   0.000000000000000e+00 
420    6.970732099276494e-02   9.472180011970610e-02   0.000000000000000e+00 
421    7.102530573098007e-02   9.027046365140727e-02   0.000000000000000e+00 
422    6.971397191863540e-02   2.425977519387207e-02   0.000000000000000e+00 
423    6.674669658902249e-02   4.779371449390853e-02   0.000000000000000e+00 
424    7.076154191553437e-02   4.674837293618724e-02   0.000000000000000e+00 
425    3.667983681946908e-02   1.797982554088373e-02   0.000000000000000e+00 
426    3.796218874582023e-02   2.225971773679552e-02   0.000000000000000e+00 
427    4.106236844239748e-02   2.551329951068183e-02   0.000000000000000e+00 
428    4.500437457235021e-02   2.753331017114667e-02   0.000000000000000e+00 
429    1.714590371332314e-02   7.454322043315152e-02   0.000000000000000e+00 
430    7.809982031843607e-02   7.046561444444049e-02   0.000000000000000e+00 
431    5.661300265359417e-02   7.999971830681081e-02   0.000000000000000e+00 
432    5.994247010270034e-02   7.795766138917472e-02   0.000000000000000e+00 
433    4.754205126530926e-02   8.092621953256879e-02   0.000000000000000e+00 
434    5.055421088271171e-02   3.714360939240526e-02   0.000000000000000e+00 
435    6.462638407660390e-02   4.426264905170152e-02   0.000000000000000e+00 
436    6.275589783376212e-02   4.851622784919751e-02   0.000000000000000e+00 
437    5.811454813812573e-02   4.927773352158193e-02   0.000000000000000e+00 
438    6.136949111254419e-02   5.279544117916353e-02   0.000000000000000e+00 
439    7.580753163642303e-03   6.911846351941289e-02   0.000000000000000e+00 
440    1.027058807135209e-02   6.566291866606665e-02   0.000000000000000e+00 
441    8.466881143773170e-02   4.203584554624092e-02   0.000000000000000e+00 
442    8.056457923453067e-02   4.173649985750937e-02   0.000000000000000e+00 
443    8.584315986789963e-02   3.329200788088270e-02   0.000000000000000e+00 
444    8.745721986786803e-02   3.817464938337641e-02   0.000000000000000e+00 
445    5.000430499932350e-02   1.486127668096394e-02   0.000000000000000e+00 
446    3.795556627565842e-02   1.298429624774263e-02   0.000000000000000e+00 
447    7.607016817431363e-02   8.590313269402394e-02   0.000000000000000e+00 
448    7.828715705030437e-02   8.312779262355818e-02   0.000000000000000e+00 
449    7.421668859273009e-02   6.782098299632776e-02   0.000000000000000e+00 
450    8.056514111501936e-02   1.886873434042793e-02   0.000000000000000e+00 
451    7.121053163541383e-02   2.189207710895039e-02   0.000000000000000e+00 
452    1.889198161340383e-02   1.945837743070688e-02   0.000000000000000e+00 
453    2.447069880016313e-02   3.057193136698859e-02   0.000000000000000e+00 
454    2.188930798934379e-02   2.926447470658221e-02   0.000000000000000e+00 
455    8.015371345660202e-02   7.558028032803689e-03   0.000000000000000e+00 
456    8.421059805156402e-02   1.060217303432007e-02   0.000000000000000e+00 
457    8.022391827008218e-02   1.207225789484197e-02   0.000000000000000e+00 
458    8.776659532790410e-02   7.791547743038105e-02   0.000000000000000e+00 
459    8.426786768957084e-02   7.930492647504846e-02   0.000000000000000e+00 
460    7.586842806206368e-03   1.971481413595961e-02   0.000000000000000e+00 
461    1.056126293572122e-02   1.571357941076312e-02   0.000000000000000e+00 
462    1.217451826760988e-02   1.941791668097826e-02   0.000000000000000e+00 
463    1.990658814846413e-02   8.716077110265084e-02   0.000000000000000e+00 
464    1.644970758535547e-02   8.434055214094940e-02   0.000000000000000e+00 
465    2.028229114761742e-02   8.370356261051784e-02   0.000000000000000e+00 
466    2.046672559092870e-02   7.753659302627608e-02   0.000000000000000e+00 
467    2.359118216418832e-02   7.540068893123177e-02   0.000000000000000e+00 
468    3.284221422454759e-02   4.942362164804936e-02   0.000000000000000e+00 
469    3.483246789485850e-02   4.453720629527340e-02   0.000000000000000e+00 
470    3.754241304773417e-02   3.404432985703958e-02   0.000000000000000e+00 
471    3.491122671059942e-02   3.899535711502227e-02   0.000000000000000e+00 
472    3.276791932966468e-02   3.447342907398935e-02   0.000000000000000e+00 
473    7.384722667265256e-02   6.450435549825302e-02   0.000000000000000e+00 
474    6.911311861452274e-02   5.185310886955223e-02   0.000000000000000e+00 
475    2.824667768685178e-02   3.341576401735952e-02   0.000000000000000e+00 
476    2.632316930904551e-02   5.428290898645775e-02   0.000000000000000e+00 
477    3.032406938738945e-02   5.352139687165157e-02   0.000000000000000e+00 
478    2.851906737041410e-02   5.673455111648353e-02   0.000000000000000e+00 
479    6.655975467267242e-02   2.794328448743085e-02   0.000000000000000e+00 
480    5.174737577741741e-02   3.153149170169907e-02   0.000000000000000e+00 
481    4.714697613913452e-02   3.030869579275928e-02   0.000000000000000e+00 
482    3.807894991840121e-02   6.653099049571974e-02   0.000000000000000e+00 
483    4.207502776997758e-02   6.585480760740368e-02   0.000000000000000e+00 
484    5.231997965983328e-02   8.153640819856695e-02   0.000000000000000e+00 
485    5.648725351437890e-02   8.372071049106002e-02   0.000000000000000e+00 
486    4.016765587666865e-02   8.230703573637825e-02   0.000000000000000e+00 
487    3.180681440345731e-02   6.181697008534869e-02   0.000000000000000e+00 
488    2.891855460036638e-02   5.976312935732203e-02   0.000000000000000e+00 
489    1.563756526389402e-02   7.919684032776943e-02   0.000000000000000e+00 
490    9.806794328964103e-03   7.290093712750075e-02   0.000000000000000e+00 
491    7.635782957229425e-03   7.622692430300515e-02   0.000000000000000e+00 
492    6.301230270018655e-02   7.000294766958304e-02   0.000000000000000e+00 
493    6.339227657102234e-02   7.525103011184992e-02   0.000000000000000e+00 
494    5.414684046251457e-02   6.875504898844483e-02   0.000000000000000e+00 
495    6.886343495530284e-02   2.071361617813000e-02   0.000000000000000e+00 
496    5.791160282085148e-02   2.104900618755506e-02   0.000000000000000e+00 
497    6.179335924041423e-02   2.214680731269691e-02   0.000000000000000e+00 
498    8.145785778084183e-02   6.555384178596407e-02   0.000000000000000e+00 
499    7.706603921328523e-02   6.220372672751253e-02   0.000000000000000e+00 
500    7.693752651558916e-02   6.610970429049957e-02   0.000000000000000e+00 
501    2.091209275356444e-02   3.234445575836081e-02   0.000000000000000e+00 
502    1.844480334347373e-02   3.918056275850672e-02   0.000000000000000e+00 
503    2.075825054133787e-02   4.193885161221393e-02   0.000000000000000e+00 
504    1.707120283061608e-02   4.261665054739074e-02   0.000000000000000e+00 
505    7.595528411648636e-02   9.003948724471902e-02   0.000000000000000e+00 
506    5.696583593370218e-02   3.019499971667499e-02   0.000000000000000e+00 
507    6.039852637390096e-02   3.363449518821433e-02   0.000000000000000e+00 
508    6.879547139690326e-02   3.157257595564573e-02   0.000000000000000e+00 
509    3.043975108179558e-02   4.260720641004764e-02   0.000000000000000e+00 
510    2.808823529411765e-02   2.808823529411765e-02   0.000000000000000e+00 
511    3.151354330840907e-02   3.091686693945948e-02   0.000000000000000e+00 
512    2.087500490627673e-02   1.552417608773887e-02   0.000000000000000e+00 
513    2.586043547802766e-02   1.673792387224049e-02   0.000000000000000e+00 
514    2.773946143182668e-02   9.017263400646999e-03   0.000000000000000e+00 
515    2.407632492365856e-02   7.525791850848924e-03   0.000000000000000e+00 
516    8.312665627052875e-02   2.590354388740736e-02   0.000000000000000e+00 
517    9.235989419947861e-02   2.379506972589389e-02   0.000000000000000e+00 
518    8.401796001843827e-02   5.350792711936969e-02   0.000000000000000e+00 
519    8.663599674317654e-02   5.694045557206661e-02   0.000000000000000e+00 
520    8.238802723423057e-02   5.751126993872990e-02   0.000000000000000e+00 
521    5.362678405033801e-02   1.606865409712768e-02   0.000000000000000e+00 
522    5.662756982744805e-02   1.351381658419280e-02   0.000000000000000e+00 
523    5.738996948537416e-02   1.743124900761075e-02   0.000000000000000e+00 
524    1.595396363332134e-02   4.647950324441855e-02   0.000000000000000e+00 
525    1.331362823767075e-02   4.355441256931250e-02   0.000000000000000e+00 
526    1.264112675692426e-02   9.123709219615850e-02   0.000000000000000e+00 
527    1.149374970628746e-02   8.712398921188891e-02   0.000000000000000e+00 
528    1.590453620551332e-02   8.909618873108149e-02   0.000000000000000e+00 
529    1.546558457716935e-02   1.658045358284047e-02   0.000000000000000e+00 
530    1.296970010926661e-02   1.160857342836060e-02   0.000000000000000e+00 
531    5.487288326015409e-03   5.281196157937207e-03   0.000000000000000e+00 
532    8.786440811335436e-02   8.603960646581957e-02   0.000000000000000e+00 
533    8.792139373553234e-02   8.168519275913942e-02   0.000000000000000e+00 
534    9.150320993535493e-02   8.386993684140415e-02   0.000000000000000e+00 
535    8.349648237633590e-02   1.551861172519701e-02   0.000000000000000e+00 
536    8.836519195141293e-02   1.296626945160644e-02   0.000000000000000e+00 
537    9.468973140804340e-02   5.459909607562397e-03   0.000000000000000e+00 
538    7.866206165334658e-02   5.798491635744151e-02   0.000000000000000e+00 
539    8.915822226401227e-02   4.310790298517791e-02   0.000000000000000e+00 
540    4.222009254696760e-02   2.014337666590170e-02   0.000000000000000e+00 
541    4.681224217212267e-02   2.036291716942474e-02   0.000000000000000e+00 
542    3.313461742887071e-02   8.567053106458777e-02   0.000000000000000e+00 
543    2.782233766597298e-02   8.616867331898977e-02   0.000000000000000e+00 
544    3.113421282650613e-02   6.930398584564118e-02   0.000000000000000e+00 
545    3.348355508170399e-02   7.237811896484989e-02   0.000000000000000e+00 
546    2.925044984645343e-02   7.226560138724668e-02   0.000000000000000e+00 
547    8.304525806861431e-02   3.777342471551415e-02   0.000000000000000e+00 
548    7.828341800276197e-02   4.537627321150609e-02   0.000000000000000e+00 
549    7.659511306710198e-02   4.180262623022527e-02   0.000000000000000e+00 
550    2.408795585017613e-02   6.743831292212651e-02   0.000000000000000e+00 
551    2.253712294863121e-02   6.365828182692994e-02   0.000000000000000e+00 
552    1.806305649923145e-02   6.329655837077537e-02   0.000000000000000e+00 
553    5.254844462540959e-02   5.632539293922376e-02   0.000000000000000e+00 
554    7.302418694120064e-02   7.827512317500954e-02   0.000000000000000e+00 
555    3.502933466747394e-02   9.008082356044177e-02   0.000000000000000e+00 
556    3.593214700112828e-02   8.096223940618576e-02   0.000000000000000e+00 
557    2.825525179007455e-02   1.325018530249940e-02   0.000000000000000e+00 
558    3.085296337711911e-02   8.930024355105810e-02   0.000000000000000e+00 
559    2.724680037926336e-02   9.107343752573748e-02   0.000000000000000e+00 
560    5.075809442625318e-02   6.060725540361932e-02   0.000000000000000e+00 
561    8.095723898740044e-02   3.413578959004413e-02   0.000000000000000e+00 
562    7.480774329845848e-02   3.818765805878608e-02   0.000000000000000e+00 
563    7.716721948304420e-02   3.496877994158214e-02   0.000000000000000e+00 
564    5.922636252198188e-02   7.349913289929660e-02   0.000000000000000e+00 
565    6.385960174727726e-02   7.964313793472208e-02   0.000000000000000e+00 
566    6.058714937147371e-02   8.283104562745823e-02   0.000000000000000e+00 
567    4.765995266577253e-02   3.418237047033385e-02   0.000000000000000e+00 
568    4.561089417895849e-02   4.671445115427626e-02   0.000000000000000e+00 
569    4.327397680798676e-02   4.276472351492374e-02   0.000000000000000e+00 
570    6.348427519662422e-02   3.677732663986102e-02   0.000000000000000e+00 
571    9.185542758662635e-02   3.876438880812435e-02   0.000000000000000e+00 
572    2.349021318782829e-02   8.899922429550070e-02   0.000000000000000e+00 
573    6.655128197975367e-03   7.962688822206410e-02   0.000000000000000e+00 
574    9.346696953619760e-02   2.024593796456014e-02   0.000000000000000e+00 
575    2.049923023148299e-02   6.618396624591707e-03   0.000000000000000e+00 
576    8.861567376497313e-02   6.894241927423619e-02   0.000000000000000e+00 
577    8.507544950710323e-02   6.816334535034879e-02   0.000000000000000e+00 
578    6.880024244133595e-02   1.159515108247653e-02   0.000000000000000e+00 
579    6.776758026084506e-02   1.517872538017827e-02   0.000000000000000e+00 
580    9.197894433234558e-03   3.172934320678300e-02   0.000000000000000e+00 
581    7.343722565666085e-02   5.344697680526260e-02   0.000000000000000e+00 
582    6.979680158948709e-02   5.721307200058774e-02   0.000000000000000e+00 
583    5.338128481151393e-02   2.665934325785521e-02   0.000000000000000e+00 
584    5.080367308629007e-02   7.057122321205250e-02   0.000000000000000e+00 
585    5.160552804539471e-02   6.662086498389890e-02   0.000000000000000e+00 
586    5.100042001507828e-02   7.413115284078996e-02   0.000000000000000e+00 
587    8.351663510422920e-02   8.382657649873827e-02   0.000000000000000e+00 
588    8.916353565858081e-03   1.207194163461185e-02   0.000000000000000e+00 
589    8.790394188299819e-02   8.945382210945615e-03   0.000000000000000e+00 
590    6.565186597566666e-02   9.110766473878594e-02   0.000000000000000e+00 
591    6.709033418331831e-02   7.730501217166724e-02   0.000000000000000e+00 
592    4.903115961459104e-02   5.383421593856493e-02   0.000000000000000e+00 
593    5.339182002698657e-02   5.178473415490139e-02   0.000000000000000e+00 
594    2.444178464248079e-02   3.408695219502476e-02   0.000000000000000e+00 
595    1.769175255797647e-02   3.557195976936334e-02   0.000000000000000e+00 
596    6.584468255910288e-02   2.327011378910188e-02   0.000000000000000e+00 
597    6.502597934657013e-02   1.845446018071550e-02   0.000000000000000e+00 
598    3.070533885434293e-02   7.458553874155574e-02   0.000000000000000e+00 
599    4.524016236091734e-02   9.023217329141213e-02   0.000000000000000e+00 
600    5.104904064760124e-02   9.427189642308415e-02   0.000000000000000e+00 
601    4.843943711619798e-02   9.252127195914438e-02   0.000000000000000e+00 
602    4.436191201090135e-02   8.675328928862334e-03   0.000000000000000e+00 
603    8.061987090411607e-03   5.679738646332963e-02   0.000000000000000e+00 
604    2.466950878627119e-02   5.908210833339317e-02   0.000000000000000e+00 
605    2.344107798809171e-02   5.075399222742432e-02   0.000000000000000e+00 
606    4.944807630955309e-02   6.424445415526836e-02   0.000000000000000e+00 
607    2.508140647526908e-02   7.185398628449281e-02   0.000000000000000e+00 
608    1.462729525767941e-02   3.908235227503147e-02   0.000000000000000e+00 
609    4.932963652354027e-02   8.868318373855944e-02   0.000000000000000e+00 
610    4.928962091367516e-02   8.481092515060118e-02   0.000000000000000e+00 
611    8.053296200354494e-02   8.028743638645675e-02   0.000000000000000e+00 
612    2.333339907804156e-02   8.479151314102142e-02   0.000000000000000e+00 
613    4.489751422557459e-02   5.572519780776773e-02   0.000000000000000e+00 
614    3.941355519311870e-02   4.521497344724573e-02   0.000000000000000e+00 
615    3.890694256819881e-02   4.122326334674884e-02   0.000000000000000e+00 
616    5.706181130255113e-02   4.545351950368009e-02   0.000000000000000e+00 
617    6.056985387055933e-02   4.505678474079854e-02   0.000000000000000e+00 
618    1.240179324464615e-02   8.263746217137642e-02   0.000000000000000e+00 
619    5.275785187697334e-02   3.532827009181121e-02   0.000000000000000e+00 
620    6.453979176414607e-02   5.635766139872488e-02   0.000000000000000e+00 
621    7.853975164212380e-02   1.539813189416903e-02   0.000000000000000e+00 
622    1.550619871902312e-02   2.122415499960114e-02   0.000000000000000e+00 
623    7.059759494074192e-02   6.673454518108797e-02   0.000000000000000e+00 
624    6.766863617685952e-02   6.925822130539173e-02   0.000000000000000e+00 
625    4.090234620698179e-02   1.591532573828699e-02   0.000000000000000e+00 
626    5.222896424071333e-02   9.133107911232610e-02   0.000000000000000e+00 
627    6.486211339257726e-02   5.159662609876857e-02   0.000000000000000e+00 
628    5.592083310199545e-02   3.454440078218643e-02   0.000000000000000e+00 
629    1.733897466744264e-02   1.239059303910048e-02   0.000000000000000e+00 
630    8.776606953030006e-02   1.731289476630116e-02   0.000000000000000e+00 
631    8.662945063416665e-02   2.818880854473743e-02   0.000000000000000e+00 
632    8.577662954688428e-02   2.495032903427975e-02   0.000000000000000e+00 
633    6.202273666379122e-02   4.094067943052463e-02   0.000000000000000e+00 
634    6.481048680241672e-02   3.265575326099118e-02   0.000000000000000e+00 
635    4.603550477232714e-02   8.669206554356804e-02   0.000000000000000e+00 
636    5.931607715722660e-03   2.969553389647325e-02   0.000000000000000e+00 
637    6.060274626358797e-02   1.896317320966404e-02   0.000000000000000e+00 
638    6.079088972878879e-02   1.557836345089976e-02   0.000000000000000e+00 
639    8.071674215696810e-02   6.083969982597046e-02   0.000000000000000e+00 
640    8.442587112765694e-02   6.112255366246169e-02   0.000000000000000e+00 
641    2.167163757535446e-02   7.000957009762887e-02   0.000000000000000e+00 
642    2.114347356076095e-02   7.322289626303956e-02   0.000000000000000e+00 
643    1.123393684511665e-02   4.104056025870334e-02   0.000000000000000e+00 
644    2.207034722706098e-02   3.738044833353989e-02   0.000000000000000e+00 
645    2.661709530993516e-02   2.400629403094155e-02   0.000000000000000e+00 
646    3.962030822266962e-02   8.335206714105035e-03   0.000000000000000e+00 
647    2.219957358533987e-02   8.115340443163242e-02   0.000000000000000e+00 
648    1.906900746797320e-02   8.114686925581233e-02   0.000000000000000e+00 
649    2.058127071815386e-02   6.045127934408779e-02   0.000000000000000e+00 
650    4.223526848717954e-02   4.590708556933567e-02   0.000000000000000e+00 
651    3.098311535606822e-02   7.338475607148488e-03   0.000000000000000e+00 
652    7.934113269074394e-02   4.774504654278684e-02   0.000000000000000e+00 
653    7.884397483560734e-02   3.806338508961268e-02   0.000000000000000e+00 
654    2.280953005534052e-02   5.514163803668252e-02   0.000000000000000e+00 
655    6.615945862973832e-02   3.974431373711553e-02   0.000000000000000e+00 
656    8.036929543149454e-03   8.371339075159663e-02   0.000000000000000e+00 
657    9.198845605747527e-02   1.626504472628907e-02   0.000000000000000e+00 
658    1.641197623509349e-02   8.042815219731044e-03   0.000000000000000e+00 
659    3.894493925884090e-02   3.769168609224909e-02   0.000000000000000e+00 
660    9.159621780082680e-02   8.804305389066340e-02   0.000000000000000e+00 
661    8.875209750871123e-02   9.069221693449095e-02   0.000000000000000e+00 
662    8.567111966941822e-02   9.344132247339576e-02   0.000000000000000e+00 
663    3.679805880692388e-02   6.983284479667372e-02   0.000000000000000e+00 
664    3.751996028288104e-02   7.241591628636976e-02   0.000000000000000e+00 
665    4.589310950723376e-02   8.365549435873378e-02   0.000000000000000e+00 
666    9.188785765005826e-02   7.902416794717926e-02   0.000000000000000e+00 
667    5.067984780071874e-02   3.454643541406235e-02   0.000000000000000e+00 
668    7.604985917407915e-02   2.626840774926711e-02   0.000000000000000e+00 